# =================================================================================================================================================================================================================================================================================================================================================================================================================================
# TIME     FASTF      PCOOL      TCOOL      GKL        PITCH      Q1         Q2         Q3         Q4         Q5         Q6         Q7         Q8         Q9         Q10        Q11        Q12        Q13        Q14        Q15        Q16        Q17        Q18        Q19        Q20        Q21        Q22        Q23        Q24        Q25        Q26        Q27        Q28        Q29        Q30        Q31        Q32       
# (h)      (n/cmWs)   (MPa)      (Celsius)  (kg/s)     (mm)       (kW/m)     (kW/m)     (kW/m)     (kW/m)     (kW/m)     (kW/m)     (kW/m)     (kW/m)     (kW/m)     (kW/m)     (kW/m)     (kW/m)     (kW/m)     (kW/m)     (kW/m)     (kW/m)     (kW/m)     (kW/m)     (kW/m)     (kW/m)     (kW/m)     (kW/m)     (kW/m)     (kW/m)     (kW/m)     (kW/m)     (kW/m)     (kW/m)     (kW/m)     (kW/m)     (kW/m)     (kW/m)    
# =================================================================================================================================================================================================================================================================================================================================================================================================================================
0          3.430e+12  15.8       293.9      1.454e+06  12.70      8.283      13.103     17.103     19.854     21.969     23.812     25.470     26.981     28.486     29.925     31.256     32.629     33.957     35.129     36.355     37.522     38.496     39.490     40.407     41.100     41.734     42.261     42.516     43.021     42.386     41.864     40.729     39.019     36.170     31.522     24.304     15.224    
144        3.444e+12  15.8       293.9      1.454e+06  12.70      12.340     18.789     23.837     26.866     28.811     30.274     31.388     32.188     32.938     33.567     34.023     34.520     34.963     35.245     35.594     35.907     36.074     36.294     36.481     36.529     36.582     36.964     36.448     36.200     35.849     35.282     34.297     32.905     30.631     26.887     20.977     13.421    
3600       3.594e+12  15.8       293.9      1.454e+06  12.70      17.165     24.475     29.729     32.264     33.431     34.001     34.566     34.134     34.048     33.890     33.658     33.485     33.304     33.066     32.899     32.736     32.524     32.376     32.238     32.055     31.916     31.782     31.596     31.403     31.180     30.842     30.227     29.308     27.673     24.794     19.943     13.361    
6120       3.688e+12  15.8       293.9      1.454e+06  12.70      18.687     25.469     30.319     32.530     33.449     33.828     34.247     33.674     33.489     33.248     32.944     32.708     32.469     32.175     31.954     31.739     31.472     31.269     31.076     30.839     30.648     30.466     30.240     30.019     29.778     29.443     28.872     28.030     26.552     23.979     19.622     13.575    
8757.6     3.762e+12  15.8       293.9      1.454e+06  12.70      20.705     26.685     30.837     32.373     33.022     32.581     32.261     31.875     31.583     31.304     31.025     30.852     30.700     30.504     30.400     30.308     30.162     30.092     30.038     29.939     29.903     29.892     29.846     29.844     29.855     29.794     29.513     28.958     27.724     25.363     21.186     15.217    
9028.8     3.734e+12  15.8       291.2      1.464e+06  12.70      18.488     23.861     27.562     28.961     29.302     29.304     29.139     28.938     28.835     28.752     28.677     28.704     28.750     28.753     28.844     28.943     28.985     29.101     29.229     29.307     29.447     29.609     29.732     29.901     30.085     30.547     30.077     29.679     28.570     26.270     22.040     15.842    
