# =================================================================================================================================================================================================================================================================================================================================================================================================================================
# TIME     FASTF      PCOOL      TCOOL      GKL        PITCH      Q1         Q2         Q3         Q4         Q5         Q6         Q7         Q8         Q9         Q10        Q11        Q12        Q13        Q14        Q15        Q16        Q17        Q18        Q19        Q20        Q21        Q22        Q23        Q24        Q25        Q26        Q27        Q28        Q29        Q30        Q31        Q32       
# (h)      (n/cmWs)   (MPa)      (Celsius)  (kg/s)     (mm)       (kW/m)     (kW/m)     (kW/m)     (kW/m)     (kW/m)     (kW/m)     (kW/m)     (kW/m)     (kW/m)     (kW/m)     (kW/m)     (kW/m)     (kW/m)     (kW/m)     (kW/m)     (kW/m)     (kW/m)     (kW/m)     (kW/m)     (kW/m)     (kW/m)     (kW/m)     (kW/m)     (kW/m)     (kW/m)     (kW/m)     (kW/m)     (kW/m)     (kW/m)     (kW/m)     (kW/m)     (kW/m)    
# =================================================================================================================================================================================================================================================================================================================================================================================================================================
0          3.530e+12  15.8       293.9      1.454e+06  12.70      7.033      11.126     14.522     16.858     18.655     20.219     21.628     22.910     24.188     25.410     26.541     27.706     28.834     29.829     30.870     31.861     32.688     33.533     34.311     34.899     35.438     35.885     36.101     36.530     35.992     35.548     34.584     33.132     30.713     26.766     20.637     12.927    
144        3.543e+12  15.8       293.9      1.454e+06  12.70      10.517     16.013     20.315     22.896     24.554     25.801     26.750     27.432     28.071     28.607     28.996     29.419     29.797     30.037     30.335     30.601     30.743     30.931     31.090     31.132     31.177     31.502     31.062     30.851     30.552     30.069     29.230     28.043     26.105     22.914     17.877     11.438    
3600       3.660e+12  15.8       293.9      1.454e+06  12.70      14.766     21.054     25.573     27.754     28.757     29.248     29.734     29.363     29.288     29.152     28.953     28.804     28.649     28.443     28.300     28.160     27.977     27.850     27.732     27.574     27.454     27.339     27.179     27.013     26.822     26.530     26.002     25.211     23.805     21.328     17.155     11.493    
6120       3.733e+12  15.8       293.9      1.454e+06  12.70      16.180     22.052     26.251     28.166     28.961     29.289     29.652     29.156     28.996     28.787     28.524     28.319     28.113     27.858     27.667     27.481     27.250     27.074     26.906     26.702     26.536     26.378     26.183     25.991     25.783     25.492     24.998     24.270     22.989     20.762     16.990     11.754    
8757.6     3.791e+12  15.8       293.9      1.454e+06  12.70      18.131     23.368     27.003     28.349     28.917     28.530     28.250     27.912     27.657     27.412     27.168     27.016     26.883     26.712     26.621     26.540     26.412     26.351     26.304     26.217     26.185     26.175     26.135     26.134     26.144     26.090     25.844     25.358     24.277     22.210     18.552     13.325    
9028.8     3.763e+12  15.8       291.2      1.464e+06  12.70      16.201     20.910     24.153     25.378     25.677     25.679     25.534     25.359     25.268     25.196     25.130     25.153     25.194     25.196     25.276     25.363     25.400     25.502     25.614     25.682     25.804     25.946     26.054     26.203     26.363     26.768     26.357     26.008     25.036     23.020     19.314     13.883    
