# =================================================================================================================================================================================================================================================================================================================================================================================================================================
# TIME     FASTF      PCOOL      TCOOL      GKL        PITCH      Q1         Q2         Q3         Q4         Q5         Q6         Q7         Q8         Q9         Q10        Q11        Q12        Q13        Q14        Q15        Q16        Q17        Q18        Q19        Q20        Q21        Q22        Q23        Q24        Q25        Q26        Q27        Q28        Q29        Q30        Q31        Q32       
# (h)      (n/cmWs)   (MPa)      (Celsius)  (kg/s)     (mm)       (kW/m)     (kW/m)     (kW/m)     (kW/m)     (kW/m)     (kW/m)     (kW/m)     (kW/m)     (kW/m)     (kW/m)     (kW/m)     (kW/m)     (kW/m)     (kW/m)     (kW/m)     (kW/m)     (kW/m)     (kW/m)     (kW/m)     (kW/m)     (kW/m)     (kW/m)     (kW/m)     (kW/m)     (kW/m)     (kW/m)     (kW/m)     (kW/m)     (kW/m)     (kW/m)     (kW/m)     (kW/m)    
# =================================================================================================================================================================================================================================================================================================================================================================================================================================
0          3.428e+12  15.6       291.5      1.468e+06  12.70      13.095     19.292     22.610     23.763     25.077     26.209     27.169     27.998     28.847     29.634     30.309     31.036     31.717     32.246     32.847     33.405     33.804     34.269     34.699     34.976     35.281     35.556     35.680     35.796     36.326     35.862     35.535     34.972     34.615     32.059     25.215     16.776    
144        3.431e+12  15.6       291.5      1.468e+06  12.70      17.357     24.665     28.378     29.257     30.239     30.959     31.425     31.693     31.984     32.196     32.279     32.431     32.544     32.519     32.585     32.969     32.546     32.546     32.538     32.427     32.371     32.316     32.169     32.050     31.957     31.773     31.389     30.837     30.502     28.284     22.419     15.225    
3600       3.511e+12  15.6       291.5      1.468e+06  12.70      20.666     27.674     31.584     32.658     33.357     33.698     34.136     33.665     33.589     33.461     33.258     33.127     32.983     32.757     32.615     32.470     32.246     32.094     31.945     31.731     31.567     31.410     31.187     30.987     30.804     30.543     30.076     29.429     28.652     26.178     21.132     14.951    
5760       3.575e+12  15.6       291.5      1.468e+06  12.70      21.367     27.742     31.927     33.598     34.386     34.743     35.176     34.625     34.486     34.281     33.984     33.763     33.527     33.200     32.964     32.723     32.398     32.148     31.902     31.588     31.326     31.072     30.749     30.446     30.157     29.783     29.191     28.413     27.277     24.555     19.985     14.478    
7922.4     3.649e+12  15.6       291.5      1.468e+06  12.70      21.260     26.748     30.586     32.136     32.570     33.017     32.587     32.415     32.330     32.229     32.083     32.057     32.039     31.932     31.939     31.948     31.861     31.871     31.883     31.800     31.777     31.757     31.645     31.551     31.460     31.252     30.801     30.111     28.746     25.626     21.047     15.590    
8365.4     3.567e+12  15.6       284.2      1.495e+06  12.70      16.953     21.420     24.480     25.752     26.184     26.387     26.469     26.530     26.688     26.854     26.996     27.246     27.512     27.713     28.032     28.356     28.589     28.915     29.247     29.494     29.813     30.142     30.378     30.642     30.915     31.456     31.007     30.689     29.646     26.694     22.131     16.378    
8367.4     4.186e+12  15.7       291.5      1.471e+06  12.70      7.400      10.783     13.313     15.059     16.423     17.673     18.856     20.011     21.209     22.401     23.553     24.765     25.962     27.067     28.235     29.366     30.361     31.394     32.368     33.173     33.962     34.662     35.148     35.514     36.142     35.670     35.214     34.317     32.524     28.724     22.943     15.570    
8510.4     4.183e+12  15.7       291.5      1.471e+06  12.70      11.163     15.699     18.906     20.829     22.064     23.051     23.848     24.512     25.189     25.804     26.314     26.884     27.424     27.839     28.339     28.811     29.151     29.561     29.946     30.200     30.482     30.731     30.836     31.208     30.867     30.656     30.165     29.349     27.812     24.591     19.763     13.660    
11966.4    4.229e+12  15.7       291.5      1.471e+06  12.70      16.392     21.655     24.927     26.411     26.973     27.227     27.580     27.202     27.177     27.120     26.983     26.950     26.919     26.790     26.784     26.785     26.688     26.702     26.734     26.680     26.712     26.774     26.755     26.774     26.808     26.737     26.525     26.089     25.054     22.604     18.659     13.482    
15206.4    4.273e+12  15.7       291.5      1.471e+06  12.70      18.668     23.435     26.069     27.064     27.535     27.240     27.092     26.851     26.725     26.584     26.348     26.264     26.185     25.965     25.911     25.864     25.674     25.627     25.602     25.455     25.420     25.431     25.342     25.323     25.352     25.293     25.158     24.863     24.062     22.055     18.603     13.975    
16062.2    4.290e+12  15.7       291.5      1.471e+06  12.70      18.804     23.332     25.703     26.536     26.943     26.550     26.379     26.139     26.040     25.941     25.753     25.733     25.723     25.561     25.577     25.599     25.462     25.480     25.518     25.416     25.432     25.494     25.444     25.471     25.551     25.537     25.455     25.219     24.476     22.543     19.127     14.507    
16064.2    4.427e+12  15.8       291.0      1.476e+06  12.70      2.324      3.327      4.003      4.486      4.857      5.194      5.509      5.798      6.109      6.415      6.692      7.001      7.305      7.558      7.847      8.126      8.341      8.586      8.817      8.979      9.148      9.300      9.378      9.432      9.544      9.364      9.209      8.920      8.414      7.510      6.094      4.184     
16207.2    4.396e+12  15.8       291.0      1.476e+06  12.70      3.531      4.887      5.740      6.274      6.615      6.887      7.102      7.264      7.441      7.599      7.710      7.857      7.995      8.074      8.198      8.315      8.370      8.465      8.556      8.588      8.641      8.810      8.686      8.674      8.640      8.541      8.388      8.133      7.693      6.893      5.639      3.950     
19303.2    4.296e+12  15.8       291.0      1.476e+06  12.70      5.574      7.282      8.177      8.589      8.728      8.788      8.796      8.753      8.752      8.745      8.695      8.708      8.723      8.678      8.704      8.734      8.702      8.734      8.777      8.764      8.800      8.856      8.865      8.899      9.063      8.942      8.915      8.807      8.511      7.818      6.580      4.812     
21340.8    4.252e+12  15.8       291.0      1.476e+06  12.70      6.801      8.565      9.372      9.664      9.814      9.646      9.578      9.475      9.437      9.401      9.320      9.318      9.320      9.251      9.267      9.288      9.235      9.257      9.292      9.261      9.291      9.348      9.353      9.398      9.469      9.500      9.522      9.480      9.250      8.607      7.360      5.536     
22797.6    4.170e+12  15.8       288.7      1.485e+06  12.70      3.246      4.110      4.495      4.657      4.705      4.745      4.784      4.815      4.889      4.971      5.032      5.143      5.260      5.335      5.466      5.603      5.693      5.835      5.989      6.099      6.254      6.433      6.575      6.753      6.957      7.136      7.316      7.559      7.435      7.074      6.167      4.665     
