* data point #1222 begin
*
*---+----+-------------------+-------------------+---------+---------------------
*   1: printout of the result at time [hours]
*---+----+-------------------+-------------------+---------+---------------------
    1    0 0.0000000000000D+00
*---+----+-------------------+-------------------+---------+---------------------
    2    1 0.0000000000000D+00 1.9110200000000D+01
   0.56907   0.83625   0.99612    1.1134    1.1976     1.245    1.2426    1.1793
    1.0106   0.61009
    3    1 0.0000000000000D+00 8.8919760600000D+12
   0.56907   0.83625   0.99612    1.1134    1.1976     1.245    1.2426    1.1793
    1.0106   0.61009
    9    0 0.0000000000000D+00 2.9170000000000D+02
   10    0 0.0000000000000D+00 1.5800000000000D+01
*---+----+-------------------+-------------------+---------+---------------------
*   1: printout of the result at time [hours]
*---+----+-------------------+-------------------+---------+---------------------
    1    0 1.4400000000000D+02
*---+----+-------------------+-------------------+---------+---------------------
    2    1 1.4400000000000D+02 1.9560900000000D+01
   0.73023   0.99091    1.0899     1.136     1.157    1.1577    1.1355    1.0776
   0.93937   0.58591
    3    1 1.4400000000000D+02 9.1290720300000D+12
   0.73023   0.99091    1.0899     1.136     1.157    1.1577    1.1355    1.0776
   0.93937   0.58591
    9    0 1.4400000000000D+02 2.9170000000000D+02
   10    0 1.4400000000000D+02 1.5800000000000D+01
*---+----+-------------------+-------------------+---------+---------------------
*   1: printout of the result at time [hours]
*---+----+-------------------+-------------------+---------+---------------------
    1    0 3.6000000000000D+03
*---+----+-------------------+-------------------+---------+---------------------
    2    1 3.6000000000000D+03 2.0581700000000D+01
    0.8577    1.0931     1.109    1.0933    1.0776    1.0648    1.0542    1.0379
   0.97047   0.64193
    3    1 3.6000000000000D+03 9.6322356000000D+12
    0.8577    1.0931     1.109    1.0933    1.0776    1.0648    1.0542    1.0379
   0.97047   0.64193
    9    0 3.6000000000000D+03 2.9170000000000D+02
   10    0 3.6000000000000D+03 1.5800000000000D+01
*---+----+-------------------+-------------------+---------+---------------------
*   1: printout of the result at time [hours]
*---+----+-------------------+-------------------+---------+---------------------
    1    0 5.7600000000000D+03
*---+----+-------------------+-------------------+---------+---------------------
    2    1 5.7600000000000D+03 2.1547700000000D+01
   0.88204    1.1404     1.128    1.0956    1.0682    1.0465    1.0299    1.0144
    0.9588   0.63603
    3    1 5.7600000000000D+03 1.0032609120000D+13
   0.88204    1.1404     1.128    1.0956    1.0682    1.0465    1.0299    1.0144
    0.9588   0.63603
    9    0 5.7600000000000D+03 2.9170000000000D+02
   10    0 5.7600000000000D+03 1.5800000000000D+01
*---+----+-------------------+-------------------+---------+---------------------
*   1: printout of the result at time [hours]
*---+----+-------------------+-------------------+---------+---------------------
    1    0 6.9888000000000D+03
*---+----+-------------------+-------------------+---------+---------------------
    2    1 6.9888000000000D+03 2.1995200000000D+01
   0.87628    1.1171     1.088    1.0585    1.0398    1.0293    1.0277    1.0376
    1.0278   0.69797
    3    1 6.9888000000000D+03 1.0192575680000D+13
   0.87628    1.1171     1.088    1.0585    1.0398    1.0293    1.0277    1.0376
    1.0278   0.69797
    9    0 6.9888000000000D+03 2.9170000000000D+02
   10    0 6.9888000000000D+03 1.5800000000000D+01
*---+----+-------------------+-------------------+---------+---------------------
*   1: printout of the result at time [hours]
*---+----+-------------------+-------------------+---------+---------------------
    1    0 8.4830000000000D+03
*---+----+-------------------+-------------------+---------+---------------------
    2    1 8.4830000000000D+03 1.8737200000000D+01
   0.72508   0.90963   0.91679   0.94214   0.98403    1.0359    1.0996    1.1842
    1.2807   0.92191
    3    1 8.4830000000000D+03 8.3155693600000D+12
   0.72508   0.90963   0.91679   0.94214   0.98403    1.0359    1.0996    1.1842
    1.2807   0.92191
    9    0 8.4830000000000D+03 2.7520000000000D+02
   10    0 8.4830000000000D+03 1.5800000000000D+01
*---+----+-------------------+-------------------+---------+---------------------
*   1: printout of the result at time [hours]
*---+----+-------------------+-------------------+---------+---------------------
    1    0 8.4850000000000D+03
*---+----+-------------------+-------------------+---------+---------------------
    2    1 8.4850000000000D+03 2.6147800000000D+01
   0.68163   0.99175    1.0855    1.1334    1.1582    1.1591    1.1353     1.084
   0.97538   0.59577
    3    1 8.4850000000000D+03 1.2859488040000D+13
   0.68163   0.99175    1.0855    1.1334    1.1582    1.1591    1.1353     1.084
   0.97538   0.59577
    9    0 8.4850000000000D+03 2.9170000000000D+02
   10    0 8.4850000000000D+03 1.5800000000000D+01
*---+----+-------------------+-------------------+---------+---------------------
*   1: printout of the result at time [hours]
*---+----+-------------------+-------------------+---------+---------------------
    1    0 8.6280000000000D+03
*---+----+-------------------+-------------------+---------+---------------------
    2    1 8.6280000000000D+03 2.5534400000000D+01
   0.79916     1.098     1.147    1.1385    1.1236    1.0989    1.0649    1.0185
   0.92894   0.58239
    3    1 8.6280000000000D+03 1.2529730080000D+13
   0.79916     1.098     1.147    1.1385    1.1236    1.0989    1.0649    1.0185
   0.92894   0.58239
    9    0 8.6280000000000D+03 2.9170000000000D+02
   10    0 8.6280000000000D+03 1.5800000000000D+01
*---+----+-------------------+-------------------+---------+---------------------
*   1: printout of the result at time [hours]
*---+----+-------------------+-------------------+---------+---------------------
    1    0 9.9240000000000D+03
*---+----+-------------------+-------------------+---------+---------------------
    2    1 9.9240000000000D+03 2.5064200000000D+01
   0.83681    1.0979    1.1217    1.1038    1.0902    1.0745    1.0557    1.0296
    0.9638   0.62599
    3    1 9.9240000000000D+03 1.2421817520000D+13
   0.83681    1.0979    1.1217    1.1038    1.0902    1.0745    1.0557    1.0296
    0.9638   0.62599
    9    0 9.9240000000000D+03 2.9170000000000D+02
   10    0 9.9240000000000D+03 1.5800000000000D+01
*---+----+-------------------+-------------------+---------+---------------------
*   1: printout of the result at time [hours]
*---+----+-------------------+-------------------+---------+---------------------
    1    0 1.1529600000000D+04
*---+----+-------------------+-------------------+---------+---------------------
    2    1 1.1529600000000D+04 2.4416400000000D+01
   0.85733     1.078    1.0735    1.0584    1.0486    1.0429     1.042    1.0468
     1.034   0.71849
    3    1 1.1529600000000D+04 1.2171575400000D+13
   0.85733     1.078    1.0735    1.0584    1.0486    1.0429     1.042    1.0468
     1.034   0.71849
    9    0 1.1529600000000D+04 2.9170000000000D+02
   10    0 1.1529600000000D+04 1.5800000000000D+01
*---+----+-------------------+-------------------+---------+---------------------
*   1: printout of the result at time [hours]
*---+----+-------------------+-------------------+---------+---------------------
    1    0 1.3384800000000D+04
*---+----+-------------------+-------------------+---------+---------------------
    2    1 1.3384800000000D+04 1.9345700000000D+01
   0.69297    0.8588   0.88655   0.92537   0.97913    1.0426    1.1166    1.2066
    1.3064   0.98492
    3    1 1.3384800000000D+04 9.2298334700000D+12
   0.69297    0.8588   0.88655   0.92537   0.97913    1.0426    1.1166    1.2066
    1.3064   0.98492
    9    0 1.3384800000000D+04 2.7330000000000D+02
   10    0 1.3384800000000D+04 1.5800000000000D+01
*---+----+-------------------+-------------------+---------+---------------------
*   1: printout of the result at time [hours]
*---+----+-------------------+-------------------+---------+---------------------
    1    0 1.3388600000000D+04
*---+----+-------------------+-------------------+---------+---------------------
    2    1 1.3388600000000D+04 1.1954300000000D+01
   0.53914   0.69523   0.75521   0.83351   0.93372    1.0517     1.188    1.3458
    1.4964    1.1613
    3    1 1.3388600000000D+04 5.6950285200000D+12
   0.53914   0.69523   0.75521   0.83351   0.93372    1.0517     1.188    1.3458
    1.4964    1.1613
    9    0 1.3388600000000D+04 2.8340000000000D+02
   10    0 1.3388600000000D+04 1.5800000000000D+01
*---+----+-------------------+-------------------+---------+---------------------
*   1: printout of the result at time [hours]
*---+----+-------------------+-------------------+---------+---------------------
    1    0 1.3390600000000D+04
*---+----+-------------------+-------------------+---------+---------------------
    2    1 1.3390600000000D+04 2.5705000000000D+01
   0.78308     1.042     1.114    1.1464    1.1506    1.1266    1.0837     1.023
   0.92694    0.6037
    3    1 1.3390600000000D+04 1.3641643500000D+13
   0.78308     1.042     1.114    1.1464    1.1506    1.1266    1.0837     1.023
   0.92694    0.6037
    9    0 1.3390600000000D+04 2.9170000000000D+02
   10    0 1.3390600000000D+04 1.5800000000000D+01
*---+----+-------------------+-------------------+---------+---------------------
*   1: printout of the result at time [hours]
*---+----+-------------------+-------------------+---------+---------------------
    1    0 1.3533600000000D+04
*---+----+-------------------+-------------------+---------+---------------------
    2    1 1.3533600000000D+04 2.5588300000000D+01
   0.88705    1.1231    1.1537    1.1383    1.1132    1.0765    1.0321   0.97982
   0.89889   0.59734
    3    1 1.3533600000000D+04 1.3569475490000D+13
   0.88705    1.1231    1.1537    1.1383    1.1132    1.0765    1.0321   0.97982
   0.89889   0.59734
    9    0 1.3533600000000D+04 2.9170000000000D+02
   10    0 1.3533600000000D+04 1.5800000000000D+01
*---+----+-------------------+-------------------+---------+---------------------
*   1: printout of the result at time [hours]
*---+----+-------------------+-------------------+---------+---------------------
    1    0 1.4949600000000D+04
*---+----+-------------------+-------------------+---------+---------------------
    2    1 1.4949600000000D+04 2.4900400000000D+01
   0.89019    1.0768    1.0824    1.0762    1.0672    1.0554    1.0418    1.0262
   0.99035   0.69348
    3    1 1.4949600000000D+04 1.3289343480000D+13
   0.89019    1.0768    1.0824    1.0762    1.0672    1.0554    1.0418    1.0262
   0.99035   0.69348
    9    0 1.4949600000000D+04 2.9170000000000D+02
   10    0 1.4949600000000D+04 1.5800000000000D+01
*---+----+-------------------+-------------------+---------+---------------------
*   1: printout of the result at time [hours]
*---+----+-------------------+-------------------+---------+---------------------
    1    0 1.5775200000000D+04
*---+----+-------------------+-------------------+---------+---------------------
    2    1 1.5775200000000D+04 2.4527400000000D+01
   0.90617    1.0724    1.0635    1.0536    1.0454    1.0379    1.0322    1.0302
    1.0192   0.73954
    3    1 1.5775200000000D+04 1.3104989820000D+13
   0.90617    1.0724    1.0635    1.0536    1.0454    1.0379    1.0322    1.0302
    1.0192   0.73954
    9    0 1.5775200000000D+04 2.9170000000000D+02
   10    0 1.5775200000000D+04 1.5800000000000D+01
*---+----+-------------------+-------------------+---------+---------------------
*   1: printout of the result at time [hours]
*---+----+-------------------+-------------------+---------+---------------------
    1    0 1.6412600000000D+04
*---+----+-------------------+-------------------+---------+---------------------
    2    1 1.6412600000000D+04 2.3349800000000D+01
   0.80772   0.95063   0.96489    0.9872    1.0161    1.0473    1.0807    1.1189
    1.1592   0.86737
    3    1 1.6412600000000D+04 1.2218950340000D+13
   0.80772   0.95063   0.96489    0.9872    1.0161    1.0473    1.0807    1.1189
    1.1592   0.86737
    9    0 1.6412600000000D+04 2.8320000000000D+02
   10    0 1.6412600000000D+04 1.5800000000000D+01
*---+----+-------------------+-------------------+---------+---------------------
*   1: printout of the result at time [hours]
*---+----+-------------------+-------------------+---------+---------------------
    1    0 1.6414600000000D+04
*---+----+-------------------+-------------------+---------+---------------------
    2    1 1.6414600000000D+04 1.8787300000000D+01
   0.44307   0.61579   0.73214   0.86154   0.99897    1.1351    1.2609    1.3652
    1.4319    1.1554
    3    1 1.6414600000000D+04 1.0631733070000D+13
   0.44307   0.61579   0.73214   0.86154   0.99897    1.1351    1.2609    1.3652
    1.4319    1.1554
    9    0 1.6414600000000D+04 2.9170000000000D+02
   10    0 1.6414600000000D+04 1.5800000000000D+01
*---+----+-------------------+-------------------+---------+---------------------
*   1: printout of the result at time [hours]
*---+----+-------------------+-------------------+---------+---------------------
    1    0 1.6557600000000D+04
*---+----+-------------------+-------------------+---------+---------------------
    2    1 1.6557600000000D+04 1.9037800000000D+01
    0.6464   0.83271   0.90173   0.96503    1.0272    1.0869    1.1427    1.1915
    1.2188   0.98698
    3    1 1.6557600000000D+04 1.0765875900000D+13
    0.6464   0.83271   0.90173   0.96503    1.0272    1.0869    1.1427    1.1915
    1.2188   0.98698
    9    0 1.6557600000000D+04 2.9170000000000D+02
   10    0 1.6557600000000D+04 1.5800000000000D+01
*---+----+-------------------+-------------------+---------+---------------------
*   1: printout of the result at time [hours]
*---+----+-------------------+-------------------+---------+---------------------
    1    0 2.1813600000000D+04
*---+----+-------------------+-------------------+---------+---------------------
    2    1 2.1813600000000D+04 1.9494800000000D+01
   0.89783    1.0594    1.0596    1.0487    1.0383    1.0295     1.023    1.0189
    1.0034    0.8213
    3    1 2.1813600000000D+04 1.1289438680000D+13
   0.89783    1.0594    1.0596    1.0487    1.0383    1.0295     1.023    1.0189
    1.0034    0.8213
    9    0 2.1813600000000D+04 2.9170000000000D+02
   10    0 2.1813600000000D+04 1.5800000000000D+01
*---+----+-------------------+-------------------+---------+---------------------
*   1: printout of the result at time [hours]
*---+----+-------------------+-------------------+---------+---------------------
    1    0 2.3695200000000D+04
*---+----+-------------------+-------------------+---------+---------------------
    2    1 2.3695200000000D+04 1.9295200000000D+01
   0.89831    1.0245    1.0116    1.0035    1.0038    1.0096    1.0214     1.043
    1.0767   0.90758
    3    1 2.3695200000000D+04 1.1237524480000D+13
   0.89831    1.0245    1.0116    1.0035    1.0038    1.0096    1.0214     1.043
    1.0767   0.90758
    9    0 2.3695200000000D+04 2.9170000000000D+02
   10    0 2.3695200000000D+04 1.5800000000000D+01
*---+----+-------------------+-------------------+---------+---------------------
*   1: printout of the result at time [hours]
*---+----+-------------------+-------------------+---------+---------------------
    1    0 2.4431000000000D+04
*---+----+-------------------+-------------------+---------+---------------------
    2    1 2.4431000000000D+04 1.7744200000000D+01
   0.79164   0.89939   0.90632   0.93044   0.96781     1.013    1.0665    1.1341
    1.2127    1.0781
    3    1 2.4431000000000D+04 1.0043217200000D+13
   0.79164   0.89939   0.90632   0.93044   0.96781     1.013    1.0665    1.1341
    1.2127    1.0781
    9    0 2.4431000000000D+04 2.8110000000000D+02
   10    0 2.4431000000000D+04 1.5800000000000D+01
*---+----+-------------------+-------------------+---------+---------------------
*   1: printout of the result at time [hours]
*---+----+-------------------+-------------------+---------+---------------------
    1    0 2.4433000000000D+04
*---+----+-------------------+-------------------+---------+---------------------
    2    1 2.4433000000000D+04 1.0490900000000D+01
    0.5338   0.72806   0.86427   0.98628    1.0931    1.1786    1.2333    1.2426
    1.1913   0.94863
    3    1 2.4433000000000D+04 6.4613453100000D+12
    0.5338   0.72806   0.86427   0.98628    1.0931    1.1786    1.2333    1.2426
    1.1913   0.94863
    9    0 2.4433000000000D+04 2.9170000000000D+02
   10    0 2.4433000000000D+04 1.5800000000000D+01
*---+----+-------------------+-------------------+---------+---------------------
*   1: printout of the result at time [hours]
*---+----+-------------------+-------------------+---------+---------------------
    1    0 2.4576000000000D+04
*---+----+-------------------+-------------------+---------+---------------------
    2    1 2.4576000000000D+04 1.0463200000000D+01
   0.73046   0.92027   0.99855     1.047    1.0795    1.1006    1.1187    1.0967
    1.0525   0.85567
    3    1 2.4576000000000D+04 6.3794130400000D+12
   0.73046   0.92027   0.99855     1.047    1.0795    1.1006    1.1187    1.0967
    1.0525   0.85567
    9    0 2.4576000000000D+04 2.9170000000000D+02
   10    0 2.4576000000000D+04 1.5800000000000D+01
*---+----+-------------------+-------------------+---------+---------------------
*   1: printout of the result at time [hours]
*---+----+-------------------+-------------------+---------+---------------------
    1    0 2.8032000000000D+04
*---+----+-------------------+-------------------+---------+---------------------
    2    1 2.8032000000000D+04 1.1457500000000D+01
   0.87122    1.0515    1.0802    1.0654    1.0526     1.041    1.0309    1.0174
   0.98268   0.80716
    3    1 2.8032000000000D+04 6.9008522500000D+12
   0.87122    1.0515    1.0802    1.0654    1.0526     1.041    1.0309    1.0174
   0.98268   0.80716
    9    0 2.8032000000000D+04 2.9170000000000D+02
   10    0 2.8032000000000D+04 1.5800000000000D+01
*---+----+-------------------+-------------------+---------+---------------------
*   1: printout of the result at time [hours]
*---+----+-------------------+-------------------+---------+---------------------
    1    0 2.9832000000000D+04
*---+----+-------------------+-------------------+---------+---------------------
    2    1 2.9832000000000D+04 1.2096100000000D+01
   0.88971    1.0879    1.1121    1.0856    1.0614    1.0384    1.0171   0.99296
   0.94634   0.76859
    3    1 2.9832000000000D+04 7.2697561000000D+12
   0.88971    1.0879    1.1121    1.0856    1.0614    1.0384    1.0171   0.99296
   0.94634   0.76859
    9    0 2.9832000000000D+04 2.9170000000000D+02
   10    0 2.9832000000000D+04 1.5800000000000D+01
*---+----+-------------------+-------------------+---------+---------------------
*   1: printout of the result at time [hours]
*---+----+-------------------+-------------------+---------+---------------------
    1    0 3.1586400000000D+04
*---+----+-------------------+-------------------+---------+---------------------
    2    1 3.1586400000000D+04 1.2495600000000D+01
   0.84878    1.0086    1.0116    1.0108    1.0191     1.033    1.0505     1.069
    1.0649   0.88375
    3    1 3.1586400000000D+04 7.4636218800000D+12
   0.84878    1.0086    1.0116    1.0108    1.0191     1.033    1.0505     1.069
    1.0649   0.88375
    9    0 3.1586400000000D+04 2.9170000000000D+02
   10    0 3.1586400000000D+04 1.5800000000000D+01
*---+----+-------------------+-------------------+---------+---------------------
*   1: printout of the result at time [hours]
*---+----+-------------------+-------------------+---------+---------------------
    1    0 3.2529600000000D+04
*---+----+-------------------+-------------------+---------+---------------------
    2    1 3.2529600000000D+04 1.1015600000000D+01
   0.71798   0.85079    0.8753   0.91307   0.96672    1.0304    1.1033    1.1863
     1.268    1.0882
    3    1 3.2529600000000D+04 6.4099776400000D+12
   0.71798   0.85079    0.8753   0.91307   0.96672    1.0304    1.1033    1.1863
     1.268    1.0882
    9    0 3.2529600000000D+04 2.8120000000000D+02
   10    0 3.2529600000000D+04 1.5800000000000D+01
* data point #1222 end
*  00:  last line of data set (finishing the program)
*---+----+-------------------+-------------------+---------+---------------------
00000    0 3.2529600000000D+04
*---+----+-------------------+-------------------+---------+---------------------
