* data point #1882 begin
*
*---+----+-------------------+-------------------+---------+---------------------
*   1: printout of the result at time [hours]
*---+----+-------------------+-------------------+---------+---------------------
    1    0 0.0000000000000D+00
*---+----+-------------------+-------------------+---------+---------------------
    2    1 0.0000000000000D+00 2.4992100000000D+01
   0.59363   0.86767    1.0156    1.1144    1.1803    1.2148    1.2103    1.1602
    1.0188    0.6242
    3    1 0.0000000000000D+00 1.1838757770000D+13
   0.59363   0.86767    1.0156    1.1144    1.1803    1.2148    1.2103    1.1602
    1.0188    0.6242
    9    0 0.0000000000000D+00 2.9170000000000D+02
   10    0 0.0000000000000D+00 1.5800000000000D+01
*---+----+-------------------+-------------------+---------+---------------------
*   1: printout of the result at time [hours]
*---+----+-------------------+-------------------+---------+---------------------
    1    0 1.4400000000000D+02
*---+----+-------------------+-------------------+---------+---------------------
    2    1 1.4400000000000D+02 2.5267400000000D+01
   0.75461    1.0184    1.1034    1.1336    1.1412    1.1333    1.1102    1.0625
   0.94584   0.59709
    3    1 1.4400000000000D+02 1.2047496320000D+13
   0.75461    1.0184    1.1034    1.1336    1.1412    1.1333    1.1102    1.0625
   0.94584   0.59709
    9    0 1.4400000000000D+02 2.9170000000000D+02
   10    0 1.4400000000000D+02 1.5800000000000D+01
*---+----+-------------------+-------------------+---------+---------------------
*   1: printout of the result at time [hours]
*---+----+-------------------+-------------------+---------+---------------------
    1    0 3.2400000000000D+03
*---+----+-------------------+-------------------+---------+---------------------
    2    1 3.2400000000000D+03 2.5209300000000D+01
   0.86095    1.1057    1.1209     1.101    1.0798    1.0615    1.0458    1.0269
   0.96238   0.63508
    3    1 3.2400000000000D+03 1.2544147680000D+13
   0.86095    1.1057    1.1209     1.101    1.0798    1.0615    1.0458    1.0269
   0.96238   0.63508
    9    0 3.2400000000000D+03 2.9170000000000D+02
   10    0 3.2400000000000D+03 1.5800000000000D+01
*---+----+-------------------+-------------------+---------+---------------------
*   1: printout of the result at time [hours]
*---+----+-------------------+-------------------+---------+---------------------
    1    0 5.8800000000000D+03
*---+----+-------------------+-------------------+---------+---------------------
    2    1 5.8800000000000D+03 2.5352400000000D+01
   0.87633     1.148    1.1323    1.0977    1.0676    1.0426    1.0233    1.0091
    0.9646   0.63856
    3    1 5.8800000000000D+03 1.2929724000000D+13
   0.87633     1.148    1.1323    1.0977    1.0676    1.0426    1.0233    1.0091
    0.9646   0.63856
    9    0 5.8800000000000D+03 2.9170000000000D+02
   10    0 5.8800000000000D+03 1.5800000000000D+01
*---+----+-------------------+-------------------+---------+---------------------
*   1: printout of the result at time [hours]
*---+----+-------------------+-------------------+---------+---------------------
    1    0 6.7656000000000D+03
*---+----+-------------------+-------------------+---------+---------------------
    2    1 6.7656000000000D+03 2.5150100000000D+01
   0.88409    1.1353    1.1068    1.0747    1.0513    1.0341    1.0232    1.0209
   0.99928   0.67045
    3    1 6.7656000000000D+03 1.2894456270000D+13
   0.88409    1.1353    1.1068    1.0747    1.0513    1.0341    1.0232    1.0209
   0.99928   0.67045
    9    0 6.7656000000000D+03 2.9170000000000D+02
   10    0 6.7656000000000D+03 1.5800000000000D+01
*---+----+-------------------+-------------------+---------+---------------------
*   1: printout of the result at time [hours]
*---+----+-------------------+-------------------+---------+---------------------
    1    0 7.8446000000000D+03
*---+----+-------------------+-------------------+---------+---------------------
    2    1 7.8446000000000D+03 2.2410600000000D+01
   0.74157   0.94504   0.95352   0.97365    1.0078    1.0495    1.0984    1.1602
    1.2193   0.85103
    3    1 7.8446000000000D+03 1.1138068200000D+13
   0.74157   0.94504   0.95352   0.97365    1.0078    1.0495    1.0984    1.1602
    1.2193   0.85103
    9    0 7.8446000000000D+03 2.7920000000000D+02
   10    0 7.8446000000000D+03 1.5800000000000D+01
*---+----+-------------------+-------------------+---------+---------------------
*   1: printout of the result at time [hours]
*---+----+-------------------+-------------------+---------+---------------------
    1    0 7.8466000000000D+03
*---+----+-------------------+-------------------+---------+---------------------
    2    1 7.8466000000000D+03 1.9707300000000D+01
   0.51778   0.82939   0.98913    1.1102    1.1989    1.2499    1.2543    1.1961
    1.0319   0.62251
    3    1 7.8466000000000D+03 1.0744419960000D+13
   0.51778   0.82939   0.98913    1.1102    1.1989    1.2499    1.2543    1.1961
    1.0319   0.62251
    9    0 7.8466000000000D+03 2.9170000000000D+02
   10    0 7.8466000000000D+03 1.5800000000000D+01
*---+----+-------------------+-------------------+---------+---------------------
*   1: printout of the result at time [hours]
*---+----+-------------------+-------------------+---------+---------------------
    1    0 7.9896000000000D+03
*---+----+-------------------+-------------------+---------+---------------------
    2    1 7.9896000000000D+03 2.0104400000000D+01
   0.66533   0.98386    1.0836    1.1344    1.1602    1.1659    1.1486    1.0955
   0.96198   0.60066
    3    1 7.9896000000000D+03 1.0950866680000D+13
   0.66533   0.98386    1.0836    1.1344    1.1602    1.1659    1.1486    1.0955
   0.96198   0.60066
    9    0 7.9896000000000D+03 2.9170000000000D+02
   10    0 7.9896000000000D+03 1.5800000000000D+01
*---+----+-------------------+-------------------+---------+---------------------
*   1: printout of the result at time [hours]
*---+----+-------------------+-------------------+---------+---------------------
    1    0 1.1445600000000D+04
*---+----+-------------------+-------------------+---------+---------------------
    2    1 1.1445600000000D+04 1.9943800000000D+01
   0.81865    1.0757    1.0891    1.0788    1.0692    1.0631    1.0598    1.0526
   0.99951   0.69365
    3    1 1.1445600000000D+04 1.0901281080000D+13
   0.81865    1.0757    1.0891    1.0788    1.0692    1.0631    1.0598    1.0526
   0.99951   0.69365
    9    0 1.1445600000000D+04 2.9170000000000D+02
   10    0 1.1445600000000D+04 1.5800000000000D+01
*---+----+-------------------+-------------------+---------+---------------------
*   1: printout of the result at time [hours]
*---+----+-------------------+-------------------+---------+---------------------
    1    0 1.3605600000000D+04
*---+----+-------------------+-------------------+---------+---------------------
    2    1 1.3605600000000D+04 1.9824700000000D+01
   0.87285    1.1037    1.0912    1.0684    1.0509    1.0389    1.0322    1.0287
   0.99452    0.7187
    3    1 1.3605600000000D+04 1.0873847950000D+13
   0.87285    1.1037    1.0912    1.0684    1.0509    1.0389    1.0322    1.0287
   0.99452    0.7187
    9    0 1.3605600000000D+04 2.9170000000000D+02
   10    0 1.3605600000000D+04 1.5800000000000D+01
*---+----+-------------------+-------------------+---------+---------------------
*   1: printout of the result at time [hours]
*---+----+-------------------+-------------------+---------+---------------------
    1    0 1.4834400000000D+04
*---+----+-------------------+-------------------+---------+---------------------
    2    1 1.4834400000000D+04 1.9821900000000D+01
    0.8755    1.0751    1.0514    1.0309     1.021    1.0191    1.0265    1.0467
    1.0572   0.79659
    3    1 1.4834400000000D+04 1.0874294340000D+13
    0.8755    1.0751    1.0514    1.0309     1.021    1.0191    1.0265    1.0467
    1.0572   0.79659
    9    0 1.4834400000000D+04 2.9170000000000D+02
   10    0 1.4834400000000D+04 1.5800000000000D+01
*---+----+-------------------+-------------------+---------+---------------------
*   1: printout of the result at time [hours]
*---+----+-------------------+-------------------+---------+---------------------
    1    0 1.6328600000000D+04
*---+----+-------------------+-------------------+---------+---------------------
    2    1 1.6328600000000D+04 1.6904700000000D+01
   0.72637   0.87709   0.88668   0.91667   0.96358     1.021    1.0909     1.183
    1.2957    1.0389
    3    1 1.6328600000000D+04 8.8800389100000D+12
   0.72637   0.87709   0.88668   0.91667   0.96358     1.021    1.0909     1.183
    1.2957    1.0389
    9    0 1.6328600000000D+04 2.7520000000000D+02
   10    0 1.6328600000000D+04 1.5800000000000D+01
*---+----+-------------------+-------------------+---------+---------------------
*   1: printout of the result at time [hours]
*---+----+-------------------+-------------------+---------+---------------------
    1    0 1.6330600000000D+04
*---+----+-------------------+-------------------+---------+---------------------
    2    1 1.6330600000000D+04 2.2387500000000D+01
    0.6894   0.96514    1.0584    1.1123    1.1438    1.1516    1.1348    1.0898
   0.98845   0.66635
    3    1 1.6330600000000D+04 1.3148178750000D+13
    0.6894   0.96514    1.0584    1.1123    1.1438    1.1516    1.1348    1.0898
   0.98845   0.66635
    9    0 1.6330600000000D+04 2.9170000000000D+02
   10    0 1.6330600000000D+04 1.5800000000000D+01
*---+----+-------------------+-------------------+---------+---------------------
*   1: printout of the result at time [hours]
*---+----+-------------------+-------------------+---------+---------------------
    1    0 1.6473600000000D+04
*---+----+-------------------+-------------------+---------+---------------------
    2    1 1.6473600000000D+04 2.1750500000000D+01
   0.80826    1.0695    1.1134    1.1187    1.1109    1.0931    1.0656     1.025
   0.94246   0.65309
    3    1 1.6473600000000D+04 1.2728392600000D+13
   0.80826    1.0695    1.1134    1.1187    1.1109    1.0931    1.0656     1.025
   0.94246   0.65309
    9    0 1.6473600000000D+04 2.9170000000000D+02
   10    0 1.6473600000000D+04 1.5800000000000D+01
*---+----+-------------------+-------------------+---------+---------------------
*   1: printout of the result at time [hours]
*---+----+-------------------+-------------------+---------+---------------------
    1    0 1.7769600000000D+04
*---+----+-------------------+-------------------+---------+---------------------
    2    1 1.7769600000000D+04 2.1472400000000D+01
   0.84397    1.0695     1.089    1.0847    1.0777    1.0683    1.0556     1.035
   0.97646   0.69969
    3    1 1.7769600000000D+04 1.2569942960000D+13
   0.84397    1.0695     1.089    1.0847    1.0777    1.0683    1.0556     1.035
   0.97646   0.69969
    9    0 1.7769600000000D+04 2.9170000000000D+02
   10    0 1.7769600000000D+04 1.5800000000000D+01
*---+----+-------------------+-------------------+---------+---------------------
*   1: printout of the result at time [hours]
*---+----+-------------------+-------------------+---------+---------------------
    1    0 1.9375200000000D+04
*---+----+-------------------+-------------------+---------+---------------------
    2    1 1.9375200000000D+04 2.1057500000000D+01
   0.86188    1.0465     1.048    1.0395    1.0356    1.0356    1.0404    1.0508
    1.0449   0.79672
    3    1 1.9375200000000D+04 1.2308108750000D+13
   0.86188    1.0465     1.048    1.0395    1.0356    1.0356    1.0404    1.0508
    1.0449   0.79672
    9    0 1.9375200000000D+04 2.9170000000000D+02
   10    0 1.9375200000000D+04 1.5800000000000D+01
*---+----+-------------------+-------------------+---------+---------------------
*   1: printout of the result at time [hours]
*---+----+-------------------+-------------------+---------+---------------------
    1    0 2.1230400000000D+04
*---+----+-------------------+-------------------+---------+---------------------
    2    1 2.1230400000000D+04 1.6895500000000D+01
   0.69445   0.83466   0.86325    0.9058   0.96316    1.0306    1.1091    1.2042
    1.3132    1.0816
    3    1 2.1230400000000D+04 9.3922084500000D+12
   0.69445   0.83466   0.86325    0.9058   0.96316    1.0306    1.1091    1.2042
    1.3132    1.0816
    9    0 2.1230400000000D+04 2.7330000000000D+02
   10    0 2.1230400000000D+04 1.5800000000000D+01
*---+----+-------------------+-------------------+---------+---------------------
*   1: printout of the result at time [hours]
*---+----+-------------------+-------------------+---------+---------------------
    1    0 2.1234200000000D+04
*---+----+-------------------+-------------------+---------+---------------------
    2    1 2.1234200000000D+04 1.0451200000000D+01
   0.53946   0.67466   0.73408   0.81426   0.91645     1.037    1.1768    1.3391
    1.4972     1.271
    3    1 2.1234200000000D+04 5.7993708800000D+12
   0.53946   0.67466   0.73408   0.81426   0.91645     1.037    1.1768    1.3391
    1.4972     1.271
    9    0 2.1234200000000D+04 2.8340000000000D+02
   10    0 2.1234200000000D+04 1.5800000000000D+01
*---+----+-------------------+-------------------+---------+---------------------
*   1: printout of the result at time [hours]
*---+----+-------------------+-------------------+---------+---------------------
    1    0 2.1236200000000D+04
*---+----+-------------------+-------------------+---------+---------------------
    2    1 2.1236200000000D+04 1.4997200000000D+01
   0.74667    1.0072    1.0969    1.1393    1.1628    1.1376    1.1037    1.0487
   0.94811   0.60885
    3    1 2.1236200000000D+04 9.1362942400000D+12
   0.74667    1.0072    1.0969    1.1393    1.1628    1.1376    1.1037    1.0487
   0.94811   0.60885
    9    0 2.1236200000000D+04 2.9170000000000D+02
   10    0 2.1236200000000D+04 1.5800000000000D+01
*---+----+-------------------+-------------------+---------+---------------------
*   1: printout of the result at time [hours]
*---+----+-------------------+-------------------+---------+---------------------
    1    0 2.1379200000000D+04
*---+----+-------------------+-------------------+---------+---------------------
    2    1 2.1379200000000D+04 1.5278600000000D+01
   0.84929    1.0862    1.1293    1.1316    1.1157    1.0887    1.0537    1.0084
   0.92639   0.61079
    3    1 2.1379200000000D+04 9.2679987600000D+12
   0.84929    1.0862    1.1293    1.1316    1.1157    1.0887    1.0537    1.0084
   0.92639   0.61079
    9    0 2.1379200000000D+04 2.9170000000000D+02
   10    0 2.1379200000000D+04 1.5800000000000D+01
*---+----+-------------------+-------------------+---------+---------------------
*   1: printout of the result at time [hours]
*---+----+-------------------+-------------------+---------+---------------------
    1    0 2.2795200000000D+04
*---+----+-------------------+-------------------+---------+---------------------
    2    1 2.2795200000000D+04 1.5611200000000D+01
   0.85849     1.051    1.0713    1.0721    1.0686    1.0631    1.0562    1.0464
    1.0108   0.70206
    3    1 2.2795200000000D+04 9.4432148800000D+12
   0.85849     1.051    1.0713    1.0721    1.0686    1.0631    1.0562    1.0464
    1.0108   0.70206
    9    0 2.2795200000000D+04 2.9170000000000D+02
   10    0 2.2795200000000D+04 1.5800000000000D+01
*---+----+-------------------+-------------------+---------+---------------------
*   1: printout of the result at time [hours]
*---+----+-------------------+-------------------+---------+---------------------
    1    0 2.3620800000000D+04
*---+----+-------------------+-------------------+---------+---------------------
    2    1 2.3620800000000D+04 1.5733900000000D+01
   0.87696    1.0473    1.0544    1.0501    1.0464    1.0441    1.0442    1.0481
    1.0393   0.74915
    3    1 2.3620800000000D+04 9.4859683100000D+12
   0.87696    1.0473    1.0544    1.0501    1.0464    1.0441    1.0442    1.0481
    1.0393   0.74915
    9    0 2.3620800000000D+04 2.9170000000000D+02
   10    0 2.3620800000000D+04 1.5800000000000D+01
*---+----+-------------------+-------------------+---------+---------------------
*   1: printout of the result at time [hours]
*---+----+-------------------+-------------------+---------+---------------------
    1    0 2.4258200000000D+04
*---+----+-------------------+-------------------+---------+---------------------
    2    1 2.4258200000000D+04 1.5055700000000D+01
   0.78821   0.93832   0.96123   0.98634    1.0174    1.0516    1.0888    1.1305
    1.1708   0.86678
    3    1 2.4258200000000D+04 8.8828630000000D+12
   0.78821   0.93832   0.96123   0.98634    1.0174    1.0516    1.0888    1.1305
    1.1708   0.86678
    9    0 2.4258200000000D+04 2.8320000000000D+02
   10    0 2.4258200000000D+04 1.5800000000000D+01
*---+----+-------------------+-------------------+---------+---------------------
*   1: printout of the result at time [hours]
*---+----+-------------------+-------------------+---------+---------------------
    1    0 2.4260200000000D+04
*---+----+-------------------+-------------------+---------+---------------------
    2    1 2.4260200000000D+04 5.7805000000000D+00
   0.45429   0.69665   0.84941   0.98158    1.1013    1.2049    1.2816    1.3172
    1.2354   0.87778
    3    1 2.4260200000000D+04 3.7081907500000D+12
   0.45429   0.69665   0.84941   0.98158    1.1013    1.2049    1.2816    1.3172
    1.2354   0.87778
    9    0 2.4260200000000D+04 2.9170000000000D+02
   10    0 2.4260200000000D+04 1.5800000000000D+01
*---+----+-------------------+-------------------+---------+---------------------
*   1: printout of the result at time [hours]
*---+----+-------------------+-------------------+---------+---------------------
    1    0 2.4403200000000D+04
*---+----+-------------------+-------------------+---------+---------------------
    2    1 2.4403200000000D+04 5.9567000000000D+00
   0.63794   0.89731   0.99686    1.0548    1.0969      1.13    1.1527    1.1525
     1.088   0.79306
    3    1 2.4403200000000D+04 3.7872698600000D+12
   0.63794   0.89731   0.99686    1.0548    1.0969      1.13    1.1527    1.1525
     1.088   0.79306
    9    0 2.4403200000000D+04 2.9170000000000D+02
   10    0 2.4403200000000D+04 1.5800000000000D+01
*---+----+-------------------+-------------------+---------+---------------------
*   1: printout of the result at time [hours]
*---+----+-------------------+-------------------+---------+---------------------
    1    0 2.9659200000000D+04
*---+----+-------------------+-------------------+---------+---------------------
    2    1 2.9659200000000D+04 6.3485000000000D+00
   0.85658    1.0374    1.0484     1.044    1.0402    1.0387    1.0399    1.0426
    1.0258   0.82634
    3    1 2.9659200000000D+04 3.8909956500000D+12
   0.85658    1.0374    1.0484     1.044    1.0402    1.0387    1.0399    1.0426
    1.0258   0.82634
    9    0 2.9659200000000D+04 2.9170000000000D+02
   10    0 2.9659200000000D+04 1.5800000000000D+01
*---+----+-------------------+-------------------+---------+---------------------
*   1: printout of the result at time [hours]
*---+----+-------------------+-------------------+---------+---------------------
    1    0 3.1540800000000D+04
*---+----+-------------------+-------------------+---------+---------------------
    2    1 3.1540800000000D+04 6.6751000000000D+00
   0.85826   0.99789   0.99429   0.99279    1.0001    1.0141    1.0353    1.0672
    1.1071   0.93287
    3    1 3.1540800000000D+04 4.0357654600000D+12
   0.85826   0.99789   0.99429   0.99279    1.0001    1.0141    1.0353    1.0672
    1.1071   0.93287
    9    0 3.1540800000000D+04 2.9170000000000D+02
   10    0 3.1540800000000D+04 1.5800000000000D+01
*---+----+-------------------+-------------------+---------+---------------------
*   1: printout of the result at time [hours]
*---+----+-------------------+-------------------+---------+---------------------
    1    0 3.2276600000000D+04
*---+----+-------------------+-------------------+---------+---------------------
    2    1 3.2276600000000D+04 6.3149000000000D+00
   0.76834   0.88885   0.90057   0.92686   0.96724    1.0163    1.0749    1.1481
    1.2273    1.0816
    3    1 3.2276600000000D+04 3.7226335500000D+12
   0.76834   0.88885   0.90057   0.92686   0.96724    1.0163    1.0749    1.1481
    1.2273    1.0816
    9    0 3.2276600000000D+04 2.8110000000000D+02
   10    0 3.2276600000000D+04 1.5800000000000D+01
*---+----+-------------------+-------------------+---------+---------------------
*   1: printout of the result at time [hours]
*---+----+-------------------+-------------------+---------+---------------------
    1    0 3.2278600000000D+04
*---+----+-------------------+-------------------+---------+---------------------
    2    1 3.2278600000000D+04 5.2956000000000D+00
   0.46284   0.69076   0.84353   0.98138     1.107    1.2129    1.2871    1.3185
    1.2422   0.85392
    3    1 3.2278600000000D+04 3.5485815600000D+12
   0.46284   0.69076   0.84353   0.98138     1.107    1.2129    1.2871    1.3185
    1.2422   0.85392
    9    0 3.2278600000000D+04 2.9170000000000D+02
   10    0 3.2278600000000D+04 1.5800000000000D+01
*---+----+-------------------+-------------------+---------+---------------------
*   1: printout of the result at time [hours]
*---+----+-------------------+-------------------+---------+---------------------
    1    0 3.2421600000000D+04
*---+----+-------------------+-------------------+---------+---------------------
    2    1 3.2421600000000D+04 5.5438000000000D+00
   0.65316   0.89469   0.99499    1.0581    1.1039    1.1373      1.16    1.1494
    1.0868   0.76157
    3    1 3.2421600000000D+04 3.6799744400000D+12
   0.65316   0.89469   0.99499    1.0581    1.1039    1.1373      1.16    1.1494
    1.0868   0.76157
    9    0 3.2421600000000D+04 2.9170000000000D+02
   10    0 3.2421600000000D+04 1.5800000000000D+01
*---+----+-------------------+-------------------+---------+---------------------
*   1: printout of the result at time [hours]
*---+----+-------------------+-------------------+---------+---------------------
    1    0 3.5877600000000D+04
*---+----+-------------------+-------------------+---------+---------------------
    2    1 3.5877600000000D+04 5.9815000000000D+00
   0.84343    1.0303    1.0506    1.0501    1.0482    1.0486    1.0514    1.0608
    1.0357   0.78091
    3    1 3.5877600000000D+04 3.8646471500000D+12
   0.84343    1.0303    1.0506    1.0501    1.0482    1.0486    1.0514    1.0608
    1.0357   0.78091
    9    0 3.5877600000000D+04 2.9170000000000D+02
   10    0 3.5877600000000D+04 1.5800000000000D+01
*---+----+-------------------+-------------------+---------+---------------------
*   1: printout of the result at time [hours]
*---+----+-------------------+-------------------+---------+---------------------
    1    0 3.7677600000000D+04
*---+----+-------------------+-------------------+---------+---------------------
    2    1 3.7677600000000D+04 6.1267000000000D+00
   0.89069    1.0472    1.0513    1.0441    1.0381    1.0345    1.0338    1.0363
    1.0273   0.79668
    3    1 3.7677600000000D+04 3.9125106200000D+12
   0.89069    1.0472    1.0513    1.0441    1.0381    1.0345    1.0338    1.0363
    1.0273   0.79668
    9    0 3.7677600000000D+04 2.9170000000000D+02
   10    0 3.7677600000000D+04 1.5800000000000D+01
*---+----+-------------------+-------------------+---------+---------------------
*   1: printout of the result at time [hours]
*---+----+-------------------+-------------------+---------+---------------------
    1    0 3.9432000000000D+04
*---+----+-------------------+-------------------+---------+---------------------
    2    1 3.9432000000000D+04 6.5215000000000D+00
   0.88032   0.99778   0.99072   0.99011   0.99916     1.015    1.0372    1.0702
    1.1116   0.90807
    3    1 3.9432000000000D+04 4.1059364000000D+12
   0.88032   0.99778   0.99072   0.99011   0.99916     1.015    1.0372    1.0702
    1.1116   0.90807
    9    0 3.9432000000000D+04 2.9170000000000D+02
   10    0 3.9432000000000D+04 1.5800000000000D+01
*---+----+-------------------+-------------------+---------+---------------------
*   1: printout of the result at time [hours]
*---+----+-------------------+-------------------+---------+---------------------
    1    0 4.0375200000000D+04
*---+----+-------------------+-------------------+---------+---------------------
    2    1 4.0375200000000D+04 5.6906000000000D+00
    0.7602   0.85861   0.87161     0.905   0.95456    1.0145    1.0851     1.173
      1.28    1.0974
    3    1 4.0375200000000D+04 3.4837853200000D+12
    0.7602   0.85861   0.87161     0.905   0.95456    1.0145    1.0851     1.173
      1.28    1.0974
    9    0 4.0375200000000D+04 2.8120000000000D+02
   10    0 4.0375200000000D+04 1.5800000000000D+01
* data point #1882 end
*  00:  last line of data set (finishing the program)
*---+----+-------------------+-------------------+---------+---------------------
00000    0 4.0375200000000D+04
*---+----+-------------------+-------------------+---------+---------------------
