* data point #1380 begin
*
*---+----+-------------------+-------------------+---------+---------------------
*   1: printout of the result at time [hours]
*---+----+-------------------+-------------------+---------+---------------------
    1    0 0.0000000000000D+00
*---+----+-------------------+-------------------+---------+---------------------
    2    1 0.0000000000000D+00 2.2781700000000D+01
   0.63274   0.99817    1.1031    1.1528    1.1792    1.1822    1.1601    1.1058
   0.96604   0.51985
    3    1 0.0000000000000D+00 1.0165194540000D+13
   0.63274   0.99817    1.1031    1.1528    1.1792    1.1822    1.1601    1.1058
   0.96604   0.51985
    9    0 0.0000000000000D+00 2.9170000000000D+02
   10    0 0.0000000000000D+00 1.5800000000000D+01
*---+----+-------------------+-------------------+---------+---------------------
*   1: printout of the result at time [hours]
*---+----+-------------------+-------------------+---------+---------------------
    1    0 1.4400000000000D+02
*---+----+-------------------+-------------------+---------+---------------------
    2    1 1.4400000000000D+02 2.3027000000000D+01
   0.76289    1.1235    1.1765    1.1625    1.1424     1.114    1.0772    1.0254
   0.90859   0.50693
    3    1 1.4400000000000D+02 1.0318398700000D+13
   0.76289    1.1235    1.1765    1.1625    1.1424     1.114    1.0772    1.0254
   0.90859   0.50693
    9    0 1.4400000000000D+02 2.9170000000000D+02
   10    0 1.4400000000000D+02 1.5800000000000D+01
*---+----+-------------------+-------------------+---------+---------------------
*   1: printout of the result at time [hours]
*---+----+-------------------+-------------------+---------+---------------------
    1    0 1.4400000000000D+03
*---+----+-------------------+-------------------+---------+---------------------
    2    1 1.4400000000000D+03 2.2890800000000D+01
   0.81164    1.1328     1.148    1.1278    1.1069    1.0859    1.0631     1.032
   0.94234   0.54957
    3    1 1.4400000000000D+03 1.0346641600000D+13
   0.81164    1.1328     1.148    1.1278    1.1069    1.0859    1.0631     1.032
   0.94234   0.54957
    9    0 1.4400000000000D+03 2.9170000000000D+02
   10    0 1.4400000000000D+03 1.5800000000000D+01
*---+----+-------------------+-------------------+---------+---------------------
*   1: printout of the result at time [hours]
*---+----+-------------------+-------------------+---------+---------------------
    1    0 3.0456000000000D+03
*---+----+-------------------+-------------------+---------+---------------------
    2    1 3.0456000000000D+03 2.2725400000000D+01
   0.84276    1.1118     1.099    1.0738    1.0559    1.0443      1.04    1.0449
    1.0277   0.65997
    3    1 3.0456000000000D+03 1.0353692240000D+13
   0.84276    1.1118     1.099    1.0738    1.0559    1.0443      1.04    1.0449
    1.0277   0.65997
    9    0 3.0456000000000D+03 2.9170000000000D+02
   10    0 3.0456000000000D+03 1.5800000000000D+01
*---+----+-------------------+-------------------+---------+---------------------
*   1: printout of the result at time [hours]
*---+----+-------------------+-------------------+---------+---------------------
    1    0 4.9008000000000D+03
*---+----+-------------------+-------------------+---------+---------------------
    2    1 4.9008000000000D+03 1.7547100000000D+01
    0.6894   0.89126   0.91309   0.94528   0.99293    1.0501    1.1182    1.2042
    1.2918   0.90374
    3    1 4.9008000000000D+03 7.6663279900000D+12
    0.6894   0.89126   0.91309   0.94528   0.99293    1.0501    1.1182    1.2042
    1.2918   0.90374
    9    0 4.9008000000000D+03 2.7330000000000D+02
   10    0 4.9008000000000D+03 1.5800000000000D+01
*---+----+-------------------+-------------------+---------+---------------------
*   1: printout of the result at time [hours]
*---+----+-------------------+-------------------+---------+---------------------
    1    0 4.9046000000000D+03
*---+----+-------------------+-------------------+---------+---------------------
    2    1 4.9046000000000D+03 1.0553400000000D+01
   0.53812   0.72327   0.77984   0.85394   0.94965    1.0623    1.1927    1.3453
     1.494    1.0608
    3    1 4.9046000000000D+03 4.6128911400000D+12
   0.53812   0.72327   0.77984   0.85394   0.94965    1.0623    1.1927    1.3453
     1.494    1.0608
    9    0 4.9046000000000D+03 2.8340000000000D+02
   10    0 4.9046000000000D+03 1.5800000000000D+01
*---+----+-------------------+-------------------+---------+---------------------
*   1: printout of the result at time [hours]
*---+----+-------------------+-------------------+---------+---------------------
    1    0 4.9066000000000D+03
*---+----+-------------------+-------------------+---------+---------------------
    2    1 4.9066000000000D+03 2.4829100000000D+01
   0.75923     1.114    1.1947     1.211    1.1845     1.137     1.071   0.98614
   0.85271   0.48979
    3    1 4.9066000000000D+03 1.2143912810000D+13
   0.75923     1.114    1.1947     1.211    1.1845     1.137     1.071   0.98614
   0.85271   0.48979
    9    0 4.9066000000000D+03 2.9170000000000D+02
   10    0 4.9066000000000D+03 1.5800000000000D+01
*---+----+-------------------+-------------------+---------+---------------------
*   1: printout of the result at time [hours]
*---+----+-------------------+-------------------+---------+---------------------
    1    0 5.0496000000000D+03
*---+----+-------------------+-------------------+---------+---------------------
    2    1 5.0496000000000D+03 2.5131900000000D+01
   0.86233    1.1937    1.2278    1.1914    1.1427    1.0847     1.021   0.94828
    0.8344   0.49368
    3    1 5.0496000000000D+03 1.2322170570000D+13
   0.86233    1.1937    1.2278    1.1914    1.1427    1.0847     1.021   0.94828
    0.8344   0.49368
    9    0 5.0496000000000D+03 2.9170000000000D+02
   10    0 5.0496000000000D+03 1.5800000000000D+01
*---+----+-------------------+-------------------+---------+---------------------
*   1: printout of the result at time [hours]
*---+----+-------------------+-------------------+---------+---------------------
    1    0 6.4656000000000D+03
*---+----+-------------------+-------------------+---------+---------------------
    2    1 6.4656000000000D+03 2.4676200000000D+01
   0.86703    1.1396    1.1468    1.1237    1.0962    1.0672     1.037    1.0027
   0.93345   0.58631
    3    1 6.4656000000000D+03 1.2177704700000D+13
   0.86703    1.1396    1.1468    1.1237    1.0962    1.0672     1.037    1.0027
   0.93345   0.58631
    9    0 6.4656000000000D+03 2.9170000000000D+02
   10    0 6.4656000000000D+03 1.5800000000000D+01
*---+----+-------------------+-------------------+---------+---------------------
*   1: printout of the result at time [hours]
*---+----+-------------------+-------------------+---------+---------------------
    1    0 7.2912000000000D+03
*---+----+-------------------+-------------------+---------+---------------------
    2    1 7.2912000000000D+03 2.4501600000000D+01
   0.88382    1.1332    1.1242    1.0985    1.0734      1.05     1.029    1.0096
   0.96647   0.63192
    3    1 7.2912000000000D+03 1.2116041200000D+13
   0.88382    1.1332    1.1242    1.0985    1.0734      1.05     1.029    1.0096
   0.96647   0.63192
    9    0 7.2912000000000D+03 2.9170000000000D+02
   10    0 7.2912000000000D+03 1.5800000000000D+01
*---+----+-------------------+-------------------+---------+---------------------
*   1: printout of the result at time [hours]
*---+----+-------------------+-------------------+---------+---------------------
    1    0 7.9286000000000D+03
*---+----+-------------------+-------------------+---------+---------------------
    2    1 7.9286000000000D+03 2.3349800000000D+01
    0.7911    1.0094    1.0257    1.0356    1.0501    1.0664    1.0838     1.102
    1.0941   0.74168
    3    1 7.9286000000000D+03 1.1308308140000D+13
    0.7911    1.0094    1.0257    1.0356    1.0501    1.0664    1.0838     1.102
    1.0941   0.74168
    9    0 7.9286000000000D+03 2.8320000000000D+02
   10    0 7.9286000000000D+03 1.5800000000000D+01
*---+----+-------------------+-------------------+---------+---------------------
*   1: printout of the result at time [hours]
*---+----+-------------------+-------------------+---------+---------------------
    1    0 7.9306000000000D+03
*---+----+-------------------+-------------------+---------+---------------------
    2    1 7.9306000000000D+03 2.1714200000000D+01
   0.53288   0.80141   0.94574    1.0625    1.1557    1.2203    1.2523    1.2257
     1.116   0.68752
    3    1 7.9306000000000D+03 1.1582354280000D+13
   0.53288   0.80141   0.94574    1.0625    1.1557    1.2203    1.2523    1.2257
     1.116   0.68752
    9    0 7.9306000000000D+03 2.9170000000000D+02
   10    0 7.9306000000000D+03 1.5800000000000D+01
*---+----+-------------------+-------------------+---------+---------------------
*   1: printout of the result at time [hours]
*---+----+-------------------+-------------------+---------+---------------------
    1    0 8.0736000000000D+03
*---+----+-------------------+-------------------+---------+---------------------
    2    1 8.0736000000000D+03 2.1709400000000D+01
   0.70688   0.98441    1.0683    1.1106    1.1322    1.1492    1.1282    1.0927
   0.99874   0.62871
    3    1 8.0736000000000D+03 1.1555913620000D+13
   0.70688   0.98441    1.0683    1.1106    1.1322    1.1492    1.1282    1.0927
   0.99874   0.62871
    9    0 8.0736000000000D+03 2.9170000000000D+02
   10    0 8.0736000000000D+03 1.5800000000000D+01
*---+----+-------------------+-------------------+---------+---------------------
*   1: printout of the result at time [hours]
*---+----+-------------------+-------------------+---------+---------------------
    1    0 1.2969600000000D+04
*---+----+-------------------+-------------------+---------+---------------------
    2    1 1.2969600000000D+04 2.1086400000000D+01
   0.86648    1.1127    1.1361    1.1121    1.0888    1.0659    1.0428    1.0125
   0.94065   0.62206
    3    1 1.2969600000000D+04 1.1430937440000D+13
   0.86648    1.1127    1.1361    1.1121    1.0888    1.0659    1.0428    1.0125
   0.94065   0.62206
    9    0 1.2969600000000D+04 2.9170000000000D+02
   10    0 1.2969600000000D+04 1.5800000000000D+01
*---+----+-------------------+-------------------+---------+---------------------
*   1: printout of the result at time [hours]
*---+----+-------------------+-------------------+---------+---------------------
    1    0 1.5621600000000D+04
*---+----+-------------------+-------------------+---------+---------------------
    2    1 1.5621600000000D+04 2.0783500000000D+01
    0.8795    1.0615     1.048    1.0331    1.0295    1.0345    1.0471    1.0651
    1.0574   0.74448
    3    1 1.5621600000000D+04 1.1335320900000D+13
    0.8795    1.0615     1.048    1.0331    1.0295    1.0345    1.0471    1.0651
    1.0574   0.74448
    9    0 1.5621600000000D+04 2.9170000000000D+02
   10    0 1.5621600000000D+04 1.5800000000000D+01
*---+----+-------------------+-------------------+---------+---------------------
*   1: printout of the result at time [hours]
*---+----+-------------------+-------------------+---------+---------------------
    1    0 1.6407800000000D+04
*---+----+-------------------+-------------------+---------+---------------------
    2    1 1.6407800000000D+04 1.9396300000000D+01
   0.77288   0.92899   0.93807   0.95889   0.99488    1.0409    1.0963    1.1617
    1.2176   0.88981
    3    1 1.6407800000000D+04 1.0293616410000D+13
   0.77288   0.92899   0.93807   0.95889   0.99488    1.0409    1.0963    1.1617
    1.2176   0.88981
    9    0 1.6407800000000D+04 2.8120000000000D+02
   10    0 1.6407800000000D+04 1.5800000000000D+01
*---+----+-------------------+-------------------+---------+---------------------
*   1: printout of the result at time [hours]
*---+----+-------------------+-------------------+---------+---------------------
    1    0 1.6409800000000D+04
*---+----+-------------------+-------------------+---------+---------------------
    2    1 1.6409800000000D+04 1.9079500000000D+01
   0.43555   0.60631   0.72056   0.85091   0.99133    1.1323    1.2647    1.3781
    1.4549    1.1653
    3    1 1.6409800000000D+04 1.1188218800000D+13
   0.43555   0.60631   0.72056   0.85091   0.99133    1.1323    1.2647    1.3781
    1.4549    1.1653
    9    0 1.6409800000000D+04 2.9170000000000D+02
   10    0 1.6409800000000D+04 1.5800000000000D+01
*---+----+-------------------+-------------------+---------+---------------------
*   1: printout of the result at time [hours]
*---+----+-------------------+-------------------+---------+---------------------
    1    0 1.6552800000000D+04
*---+----+-------------------+-------------------+---------+---------------------
    2    1 1.6552800000000D+04 1.9267000000000D+01
   0.64001   0.82519   0.89241   0.95734    1.0226    1.0863    1.1469    1.2016
    1.2345   0.99315
    3    1 1.6552800000000D+04 1.1330922700000D+13
   0.64001   0.82519   0.89241   0.95734    1.0226    1.0863    1.1469    1.2016
    1.2345   0.99315
    9    0 1.6552800000000D+04 2.9170000000000D+02
   10    0 1.6552800000000D+04 1.5800000000000D+01
*---+----+-------------------+-------------------+---------+---------------------
*   1: printout of the result at time [hours]
*---+----+-------------------+-------------------+---------+---------------------
    1    0 2.1808800000000D+04
*---+----+-------------------+-------------------+---------+---------------------
    2    1 2.1808800000000D+04 1.9555500000000D+01
   0.90097    1.0667    1.0614      1.05     1.039    1.0295    1.0224    1.0174
    1.0001   0.81256
    3    1 2.1808800000000D+04 1.1928855000000D+13
   0.90097    1.0667    1.0614      1.05     1.039    1.0295    1.0224    1.0174
    1.0001   0.81256
    9    0 2.1808800000000D+04 2.9170000000000D+02
   10    0 2.1808800000000D+04 1.5800000000000D+01
*---+----+-------------------+-------------------+---------+---------------------
*   1: printout of the result at time [hours]
*---+----+-------------------+-------------------+---------+---------------------
    1    0 2.3690400000000D+04
*---+----+-------------------+-------------------+---------+---------------------
    2    1 2.3690400000000D+04 1.9309400000000D+01
   0.90257    1.0292     1.015    1.0065    1.0058    1.0104    1.0209    1.0406
    1.0734   0.89568
    3    1 2.3690400000000D+04 1.1834731260000D+13
   0.90257    1.0292     1.015    1.0065    1.0058    1.0104    1.0209    1.0406
    1.0734   0.89568
    9    0 2.3690400000000D+04 2.9170000000000D+02
   10    0 2.3690400000000D+04 1.5800000000000D+01
*---+----+-------------------+-------------------+---------+---------------------
*   1: printout of the result at time [hours]
*---+----+-------------------+-------------------+---------+---------------------
    1    0 2.4426200000000D+04
*---+----+-------------------+-------------------+---------+---------------------
    2    1 2.4426200000000D+04 1.7772600000000D+01
   0.79471   0.90353   0.90977   0.93374    0.9706    1.0149    1.0673     1.133
    1.2074    1.0651
    3    1 2.4426200000000D+04 1.0578251520000D+13
   0.79471   0.90353   0.90977   0.93374    0.9706    1.0149    1.0673     1.133
    1.2074    1.0651
    9    0 2.4426200000000D+04 2.8110000000000D+02
   10    0 2.4426200000000D+04 1.5800000000000D+01
*---+----+-------------------+-------------------+---------+---------------------
*   1: printout of the result at time [hours]
*---+----+-------------------+-------------------+---------+---------------------
    1    0 2.4428200000000D+04
*---+----+-------------------+-------------------+---------+---------------------
    2    1 2.4428200000000D+04 1.5148100000000D+01
   0.45517   0.68781   0.83859   0.97676     1.105    1.2153    1.2963    1.3367
    1.2549   0.83344
    3    1 2.4428200000000D+04 9.8780760100000D+12
   0.45517   0.68781   0.83859   0.97676     1.105    1.2153    1.2963    1.3367
    1.2549   0.83344
    9    0 2.4428200000000D+04 2.9170000000000D+02
   10    0 2.4428200000000D+04 1.5800000000000D+01
*---+----+-------------------+-------------------+---------+---------------------
*   1: printout of the result at time [hours]
*---+----+-------------------+-------------------+---------+---------------------
    1    0 2.4571200000000D+04
*---+----+-------------------+-------------------+---------+---------------------
    2    1 2.4571200000000D+04 1.5156800000000D+01
   0.64717   0.89993    0.9981    1.0603    1.1068    1.1415    1.1628    1.1605
    1.0896   0.73314
    3    1 2.4571200000000D+04 9.8625297600000D+12
   0.64717   0.89993    0.9981    1.0603    1.1068    1.1415    1.1628    1.1605
    1.0896   0.73314
    9    0 2.4571200000000D+04 2.9170000000000D+02
   10    0 2.4571200000000D+04 1.5800000000000D+01
*---+----+-------------------+-------------------+---------+---------------------
*   1: printout of the result at time [hours]
*---+----+-------------------+-------------------+---------+---------------------
    1    0 2.8027200000000D+04
*---+----+-------------------+-------------------+---------+---------------------
    2    1 2.8027200000000D+04 1.4630100000000D+01
   0.85078     1.046    1.0664    1.0548    1.0505    1.0492    1.0514    1.0542
    1.0268   0.74996
    3    1 2.8027200000000D+04 9.5724744300000D+12
   0.85078     1.046    1.0664    1.0548    1.0505    1.0492    1.0514    1.0542
    1.0268   0.74996
    9    0 2.8027200000000D+04 2.9170000000000D+02
   10    0 2.8027200000000D+04 1.5800000000000D+01
*---+----+-------------------+-------------------+---------+---------------------
*   1: printout of the result at time [hours]
*---+----+-------------------+-------------------+---------+---------------------
    1    0 3.0187200000000D+04
*---+----+-------------------+-------------------+---------+---------------------
    2    1 3.0187200000000D+04 1.4251900000000D+01
   0.90493    1.0656    1.0571     1.046    1.0382    1.0334    1.0318    1.0338
    1.0176   0.77148
    3    1 3.0187200000000D+04 9.3364196900000D+12
   0.90493    1.0656    1.0571     1.046    1.0382    1.0334    1.0318    1.0338
    1.0176   0.77148
    9    0 3.0187200000000D+04 2.9170000000000D+02
   10    0 3.0187200000000D+04 1.5800000000000D+01
*---+----+-------------------+-------------------+---------+---------------------
*   1: printout of the result at time [hours]
*---+----+-------------------+-------------------+---------+---------------------
    1    0 3.1490400000000D+04
*---+----+-------------------+-------------------+---------+---------------------
    2    1 3.1490400000000D+04 1.4355700000000D+01
   0.89616    1.0236    1.0123    1.0063    1.0092     1.017      1.03    1.0527
    1.0991   0.85353
    3    1 3.1490400000000D+04 9.3871922300000D+12
   0.89616    1.0236    1.0123    1.0063    1.0092     1.017      1.03    1.0527
    1.0991   0.85353
    9    0 3.1490400000000D+04 2.9170000000000D+02
   10    0 3.1490400000000D+04 1.5800000000000D+01
*---+----+-------------------+-------------------+---------+---------------------
*   1: printout of the result at time [hours]
*---+----+-------------------+-------------------+---------+---------------------
    1    0 3.1911800000000D+04
*---+----+-------------------+-------------------+---------+---------------------
    2    1 3.1911800000000D+04 1.3510700000000D+01
   0.81136   0.92926   0.93585   0.95635   0.98899    1.0279    1.0726    1.1279
    1.1852   0.96449
    3    1 3.1911800000000D+04 8.6927843800000D+12
   0.81136   0.92926   0.93585   0.95635   0.98899    1.0279    1.0726    1.1279
    1.1852   0.96449
    9    0 3.1911800000000D+04 2.8640000000000D+02
   10    0 3.1911800000000D+04 1.5800000000000D+01
*---+----+-------------------+-------------------+---------+---------------------
*   1: printout of the result at time [hours]
*---+----+-------------------+-------------------+---------+---------------------
    1    0 3.1913800000000D+04
*---+----+-------------------+-------------------+---------+---------------------
    2    1 3.1913800000000D+04 9.9260000000000D-01
   0.45436   0.66391   0.81402   0.95205     1.081    1.1928    1.2754    1.3178
    1.2533   0.99537
    3    1 3.1913800000000D+04 6.6514126000000D+11
   0.45436   0.66391   0.81402   0.95205     1.081    1.1928    1.2754    1.3178
    1.2533   0.99537
    9    0 3.1913800000000D+04 2.9170000000000D+02
   10    0 3.1913800000000D+04 1.5800000000000D+01
*---+----+-------------------+-------------------+---------+---------------------
*   1: printout of the result at time [hours]
*---+----+-------------------+-------------------+---------+---------------------
    1    0 3.2056800000000D+04
*---+----+-------------------+-------------------+---------+---------------------
    2    1 3.2056800000000D+04 1.0951000000000D+00
   0.63921    0.8602   0.96247      1.03     1.083    1.1241    1.1506    1.1542
    1.1031   0.89307
    3    1 3.2056800000000D+04 7.0458734000000D+11
   0.63921    0.8602   0.96247      1.03     1.083    1.1241    1.1506    1.1542
    1.1031   0.89307
    9    0 3.2056800000000D+04 2.9170000000000D+02
   10    0 3.2056800000000D+04 1.5800000000000D+01
*---+----+-------------------+-------------------+---------+---------------------
*   1: printout of the result at time [hours]
*---+----+-------------------+-------------------+---------+---------------------
    1    0 3.5512800000000D+04
*---+----+-------------------+-------------------+---------+---------------------
    2    1 3.5512800000000D+04 1.3113000000000D+00
   0.81598   0.99062    1.0188    1.0265    1.0326    1.0402    1.0516    1.0623
    1.0539    0.9075
    3    1 3.5512800000000D+04 8.0566272000000D+11
   0.81598   0.99062    1.0188    1.0265    1.0326    1.0402    1.0516    1.0623
    1.0539    0.9075
    9    0 3.5512800000000D+04 2.9170000000000D+02
   10    0 3.5512800000000D+04 1.5800000000000D+01
*---+----+-------------------+-------------------+---------+---------------------
*   1: printout of the result at time [hours]
*---+----+-------------------+-------------------+---------+---------------------
    1    0 3.7312800000000D+04
*---+----+-------------------+-------------------+---------+---------------------
    2    1 3.7312800000000D+04 1.4209000000000D+00
   0.85931    1.0078    1.0205    1.0212    1.0219    1.0254    1.0324    1.0423
    1.0493   0.91984
    3    1 3.7312800000000D+04 8.4643013000000D+11
   0.85931    1.0078    1.0205    1.0212    1.0219    1.0254    1.0324    1.0423
    1.0493   0.91984
    9    0 3.7312800000000D+04 2.9170000000000D+02
   10    0 3.7312800000000D+04 1.5800000000000D+01
*---+----+-------------------+-------------------+---------+---------------------
*   1: printout of the result at time [hours]
*---+----+-------------------+-------------------+---------+---------------------
    1    0 3.9067200000000D+04
*---+----+-------------------+-------------------+---------+---------------------
    2    1 3.9067200000000D+04 1.6093000000000D+00
   0.84695    0.9588   0.95942   0.96564   0.98179    1.0054    1.0352    1.0769
    1.1278    1.0421
    3    1 3.9067200000000D+04 9.2599122000000D+11
   0.84695    0.9588   0.95942   0.96564   0.98179    1.0054    1.0352    1.0769
    1.1278    1.0421
    9    0 3.9067200000000D+04 2.9170000000000D+02
   10    0 3.9067200000000D+04 1.5800000000000D+01
*---+----+-------------------+-------------------+---------+---------------------
*   1: printout of the result at time [hours]
*---+----+-------------------+-------------------+---------+---------------------
    1    0 4.0010400000000D+04
*---+----+-------------------+-------------------+---------+---------------------
    2    1 4.0010400000000D+04 1.3850000000000D+00
   0.73285   0.82455    0.8426   0.87942   0.93357   0.99856    1.0758    1.1718
    1.2888     1.252
    3    1 4.0010400000000D+04 7.7615400000000D+11
   0.73285   0.82455    0.8426   0.87942   0.93357   0.99856    1.0758    1.1718
    1.2888     1.252
    9    0 4.0010400000000D+04 2.8120000000000D+02
   10    0 4.0010400000000D+04 1.5800000000000D+01
* data point #1380 end
*  00:  last line of data set (finishing the program)
*---+----+-------------------+-------------------+---------+---------------------
00000    0 4.0010400000000D+04
*---+----+-------------------+-------------------+---------+---------------------
