* data point #1712 begin
*
*---+----+-------------------+-------------------+---------+---------------------
*   1: printout of the result at time [hours]
*---+----+-------------------+-------------------+---------+---------------------
    1    0 0.0000000000000D+00
*---+----+-------------------+-------------------+---------+---------------------
    2    1 0.0000000000000D+00 1.5664800000000D+01
    0.4805    0.7928   0.94901    1.0699    1.1673     1.236    1.2702    1.2413
    1.1142   0.67891
    3    1 0.0000000000000D+00 6.7718930400000D+12
    0.4805    0.7928   0.94901    1.0699    1.1673     1.236    1.2702    1.2413
    1.1142   0.67891
    9    0 0.0000000000000D+00 2.9170000000000D+02
   10    0 0.0000000000000D+00 1.5800000000000D+01
*---+----+-------------------+-------------------+---------+---------------------
*   1: printout of the result at time [hours]
*---+----+-------------------+-------------------+---------+---------------------
    1    0 1.4400000000000D+02
*---+----+-------------------+-------------------+---------+---------------------
    2    1 1.4400000000000D+02 1.5578100000000D+01
   0.66606    1.0061    1.0965     1.132     1.146    1.1455    1.1291     1.087
   0.97868   0.61304
    3    1 1.4400000000000D+02 6.7126032900000D+12
   0.66606    1.0061    1.0965     1.132     1.146    1.1455    1.1291     1.087
   0.97868   0.61304
    9    0 1.4400000000000D+02 2.9170000000000D+02
   10    0 1.4400000000000D+02 1.5800000000000D+01
*---+----+-------------------+-------------------+---------+---------------------
*   1: printout of the result at time [hours]
*---+----+-------------------+-------------------+---------+---------------------
    1    0 3.6000000000000D+03
*---+----+-------------------+-------------------+---------+---------------------
    2    1 3.6000000000000D+03 1.6160500000000D+01
   0.83655    1.1372    1.1477      1.12    1.0895    1.0614    1.0357    1.0064
   0.93729   0.62838
    3    1 3.6000000000000D+03 6.9700236500000D+12
   0.83655    1.1372    1.1477      1.12    1.0895    1.0614    1.0357    1.0064
   0.93729   0.62838
    9    0 3.6000000000000D+03 2.9170000000000D+02
   10    0 3.6000000000000D+03 1.5800000000000D+01
*---+----+-------------------+-------------------+---------+---------------------
*   1: printout of the result at time [hours]
*---+----+-------------------+-------------------+---------+---------------------
    1    0 5.4000000000000D+03
*---+----+-------------------+-------------------+---------+---------------------
    2    1 5.4000000000000D+03 1.6480200000000D+01
   0.87117    1.1566    1.1558    1.1207    1.0845     1.051    1.0201   0.98785
   0.92171   0.63064
    3    1 5.4000000000000D+03 7.1309825400000D+12
   0.87117    1.1566    1.1558    1.1207    1.0845     1.051    1.0201   0.98785
   0.92171   0.63064
    9    0 5.4000000000000D+03 2.9170000000000D+02
   10    0 5.4000000000000D+03 1.5800000000000D+01
*---+----+-------------------+-------------------+---------+---------------------
*   1: printout of the result at time [hours]
*---+----+-------------------+-------------------+---------+---------------------
    1    0 7.1544000000000D+03
*---+----+-------------------+-------------------+---------+---------------------
    2    1 7.1544000000000D+03 1.6773800000000D+01
   0.85043    1.0848    1.0695    1.0521    1.0447    1.0428    1.0448    1.0494
    1.0267   0.73484
    3    1 7.1544000000000D+03 7.2747970600000D+12
   0.85043    1.0848    1.0695    1.0521    1.0447    1.0428    1.0448    1.0494
    1.0267   0.73484
    9    0 7.1544000000000D+03 2.9170000000000D+02
   10    0 7.1544000000000D+03 1.5800000000000D+01
*---+----+-------------------+-------------------+---------+---------------------
*   1: printout of the result at time [hours]
*---+----+-------------------+-------------------+---------+---------------------
    1    0 8.0976000000000D+03
*---+----+-------------------+-------------------+---------+---------------------
    2    1 8.0976000000000D+03 1.4792700000000D+01
   0.72333   0.91768    0.9333   0.95973    1.0012    1.0509    1.1078    1.1731
    1.2191    0.9139
    3    1 8.0976000000000D+03 6.2513950200000D+12
   0.72333   0.91768    0.9333   0.95973    1.0012    1.0509    1.1078    1.1731
    1.2191    0.9139
    9    0 8.0976000000000D+03 2.8120000000000D+02
   10    0 8.0976000000000D+03 1.5800000000000D+01
* data point #1712 end
*  00:  last line of data set (finishing the program)
*---+----+-------------------+-------------------+---------+---------------------
00000    0 8.0976000000000D+03
*---+----+-------------------+-------------------+---------+---------------------
