* data point #1159 begin
*
*---+----+-------------------+-------------------+---------+---------------------
*   1: printout of the result at time [hours]
*---+----+-------------------+-------------------+---------+---------------------
    1    0 0.0000000000000D+00
*---+----+-------------------+-------------------+---------+---------------------
    2    1 0.0000000000000D+00 2.4448500000000D+01
   0.59362    0.8677    1.0156    1.1144    1.1803    1.2148    1.2103    1.1602
    1.0188   0.62417
    3    1 0.0000000000000D+00 1.1353883400000D+13
   0.59362    0.8677    1.0156    1.1144    1.1803    1.2148    1.2103    1.1602
    1.0188   0.62417
    9    0 0.0000000000000D+00 2.9170000000000D+02
   10    0 0.0000000000000D+00 1.5800000000000D+01
*---+----+-------------------+-------------------+---------+---------------------
*   1: printout of the result at time [hours]
*---+----+-------------------+-------------------+---------+---------------------
    1    0 1.4400000000000D+02
*---+----+-------------------+-------------------+---------+---------------------
    2    1 1.4400000000000D+02 2.4810000000000D+01
   0.75462    1.0184    1.1034    1.1336    1.1412    1.1333    1.1102    1.0625
   0.94583    0.5971
    3    1 1.4400000000000D+02 1.1573865000000D+13
   0.75462    1.0184    1.1034    1.1336    1.1412    1.1333    1.1102    1.0625
   0.94583    0.5971
    9    0 1.4400000000000D+02 2.9170000000000D+02
   10    0 1.4400000000000D+02 1.5800000000000D+01
*---+----+-------------------+-------------------+---------+---------------------
*   1: printout of the result at time [hours]
*---+----+-------------------+-------------------+---------+---------------------
    1    0 3.2400000000000D+03
*---+----+-------------------+-------------------+---------+---------------------
    2    1 3.2400000000000D+03 2.5176800000000D+01
   0.86095    1.1057    1.1209     1.101    1.0798    1.0615    1.0458    1.0269
   0.96235   0.63507
    3    1 3.2400000000000D+03 1.1979121440000D+13
   0.86095    1.1057    1.1209     1.101    1.0798    1.0615    1.0458    1.0269
   0.96235   0.63507
    9    0 3.2400000000000D+03 2.9170000000000D+02
   10    0 3.2400000000000D+03 1.5800000000000D+01
*---+----+-------------------+-------------------+---------+---------------------
*   1: printout of the result at time [hours]
*---+----+-------------------+-------------------+---------+---------------------
    1    0 5.8800000000000D+03
*---+----+-------------------+-------------------+---------+---------------------
    2    1 5.8800000000000D+03 2.5461200000000D+01
   0.87635     1.148    1.1323    1.0977    1.0676    1.0426    1.0233    1.0091
    0.9646   0.63854
    3    1 5.8800000000000D+03 1.2295213480000D+13
   0.87635     1.148    1.1323    1.0977    1.0676    1.0426    1.0233    1.0091
    0.9646   0.63854
    9    0 5.8800000000000D+03 2.9170000000000D+02
   10    0 5.8800000000000D+03 1.5800000000000D+01
*---+----+-------------------+-------------------+---------+---------------------
*   1: printout of the result at time [hours]
*---+----+-------------------+-------------------+---------+---------------------
    1    0 6.7656000000000D+03
*---+----+-------------------+-------------------+---------+---------------------
    2    1 6.7656000000000D+03 2.5300800000000D+01
   0.88412    1.1353    1.1068    1.0747    1.0513     1.034    1.0232    1.0209
   0.99926   0.67045
    3    1 6.7656000000000D+03 1.2250647360000D+13
   0.88412    1.1353    1.1068    1.0747    1.0513     1.034    1.0232    1.0209
   0.99926   0.67045
    9    0 6.7656000000000D+03 2.9170000000000D+02
   10    0 6.7656000000000D+03 1.5800000000000D+01
*---+----+-------------------+-------------------+---------+---------------------
*   1: printout of the result at time [hours]
*---+----+-------------------+-------------------+---------+---------------------
    1    0 7.8446000000000D+03
*---+----+-------------------+-------------------+---------+---------------------
    2    1 7.8446000000000D+03 2.2454100000000D+01
   0.74156   0.94504    0.9535   0.97368    1.0078    1.0495    1.0984    1.1601
    1.2193   0.85102
    3    1 7.8446000000000D+03 1.0544445360000D+13
   0.74156   0.94504    0.9535   0.97368    1.0078    1.0495    1.0984    1.1601
    1.2193   0.85102
    9    0 7.8446000000000D+03 2.7920000000000D+02
   10    0 7.8446000000000D+03 1.5800000000000D+01
*---+----+-------------------+-------------------+---------+---------------------
*   1: printout of the result at time [hours]
*---+----+-------------------+-------------------+---------+---------------------
    1    0 7.8466000000000D+03
*---+----+-------------------+-------------------+---------+---------------------
    2    1 7.8466000000000D+03 2.1740000000000D+01
    0.5178   0.82939    0.9891    1.1102    1.1989    1.2499    1.2543    1.1961
    1.0319   0.62254
    3    1 7.8466000000000D+03 1.1237406000000D+13
    0.5178   0.82939    0.9891    1.1102    1.1989    1.2499    1.2543    1.1961
    1.0319   0.62254
    9    0 7.8466000000000D+03 2.9170000000000D+02
   10    0 7.8466000000000D+03 1.5800000000000D+01
*---+----+-------------------+-------------------+---------+---------------------
*   1: printout of the result at time [hours]
*---+----+-------------------+-------------------+---------+---------------------
    1    0 7.9896000000000D+03
*---+----+-------------------+-------------------+---------+---------------------
    2    1 7.9896000000000D+03 2.2059200000000D+01
    0.6653   0.98385    1.0836    1.1344    1.1602    1.1659    1.1486    1.0955
     0.962   0.60066
    3    1 7.9896000000000D+03 1.1413430080000D+13
    0.6653   0.98385    1.0836    1.1344    1.1602    1.1659    1.1486    1.0955
     0.962   0.60066
    9    0 7.9896000000000D+03 2.9170000000000D+02
   10    0 7.9896000000000D+03 1.5800000000000D+01
*---+----+-------------------+-------------------+---------+---------------------
*   1: printout of the result at time [hours]
*---+----+-------------------+-------------------+---------+---------------------
    1    0 1.1445600000000D+04
*---+----+-------------------+-------------------+---------+---------------------
    2    1 1.1445600000000D+04 2.1279700000000D+01
   0.81867    1.0757    1.0891    1.0788    1.0692    1.0631    1.0598    1.0526
    0.9995   0.69362
    3    1 1.1445600000000D+04 1.1282496940000D+13
   0.81867    1.0757    1.0891    1.0788    1.0692    1.0631    1.0598    1.0526
    0.9995   0.69362
    9    0 1.1445600000000D+04 2.9170000000000D+02
   10    0 1.1445600000000D+04 1.5800000000000D+01
*---+----+-------------------+-------------------+---------+---------------------
*   1: printout of the result at time [hours]
*---+----+-------------------+-------------------+---------+---------------------
    1    0 1.3605600000000D+04
*---+----+-------------------+-------------------+---------+---------------------
    2    1 1.3605600000000D+04 2.0869900000000D+01
   0.87288    1.1037    1.0912    1.0683    1.0508    1.0389    1.0323    1.0287
   0.99449   0.71869
    3    1 1.3605600000000D+04 1.1196701350000D+13
   0.87288    1.1037    1.0912    1.0683    1.0508    1.0389    1.0323    1.0287
   0.99449   0.71869
    9    0 1.3605600000000D+04 2.9170000000000D+02
   10    0 1.3605600000000D+04 1.5800000000000D+01
*---+----+-------------------+-------------------+---------+---------------------
*   1: printout of the result at time [hours]
*---+----+-------------------+-------------------+---------+---------------------
    1    0 1.4834400000000D+04
*---+----+-------------------+-------------------+---------+---------------------
    2    1 1.4834400000000D+04 2.0742100000000D+01
   0.87551    1.0751    1.0514    1.0309     1.021    1.0191    1.0265    1.0467
    1.0572   0.79659
    3    1 1.4834400000000D+04 1.1165472430000D+13
   0.87551    1.0751    1.0514    1.0309     1.021    1.0191    1.0265    1.0467
    1.0572   0.79659
    9    0 1.4834400000000D+04 2.9170000000000D+02
   10    0 1.4834400000000D+04 1.5800000000000D+01
*---+----+-------------------+-------------------+---------+---------------------
*   1: printout of the result at time [hours]
*---+----+-------------------+-------------------+---------+---------------------
    1    0 1.6328600000000D+04
*---+----+-------------------+-------------------+---------+---------------------
    2    1 1.6328600000000D+04 1.7689400000000D+01
   0.72637   0.87714   0.88663   0.91665   0.96357     1.021    1.0909     1.183
    1.2957    1.0389
    3    1 1.6328600000000D+04 9.1524955600000D+12
   0.72637   0.87714   0.88663   0.91665   0.96357     1.021    1.0909     1.183
    1.2957    1.0389
    9    0 1.6328600000000D+04 2.7520000000000D+02
   10    0 1.6328600000000D+04 1.5800000000000D+01
*---+----+-------------------+-------------------+---------+---------------------
*   1: printout of the result at time [hours]
*---+----+-------------------+-------------------+---------+---------------------
    1    0 1.6330600000000D+04
*---+----+-------------------+-------------------+---------+---------------------
    2    1 1.6330600000000D+04 2.1378500000000D+01
   0.68938   0.96513    1.0584    1.1123    1.1438    1.1516    1.1348    1.0898
   0.98842   0.66637
    3    1 1.6330600000000D+04 1.3359424650000D+13
   0.68938   0.96513    1.0584    1.1123    1.1438    1.1516    1.1348    1.0898
   0.98842   0.66637
    9    0 1.6330600000000D+04 2.9170000000000D+02
   10    0 1.6330600000000D+04 1.5800000000000D+01
*---+----+-------------------+-------------------+---------+---------------------
*   1: printout of the result at time [hours]
*---+----+-------------------+-------------------+---------+---------------------
    1    0 1.6473600000000D+04
*---+----+-------------------+-------------------+---------+---------------------
    2    1 1.6473600000000D+04 2.0689700000000D+01
   0.80828    1.0695    1.1134    1.1187    1.1109    1.0931    1.0657     1.025
   0.94245   0.65308
    3    1 1.6473600000000D+04 1.2889683100000D+13
   0.80828    1.0695    1.1134    1.1187    1.1109    1.0931    1.0657     1.025
   0.94245   0.65308
    9    0 1.6473600000000D+04 2.9170000000000D+02
   10    0 1.6473600000000D+04 1.5800000000000D+01
*---+----+-------------------+-------------------+---------+---------------------
*   1: printout of the result at time [hours]
*---+----+-------------------+-------------------+---------+---------------------
    1    0 1.7769600000000D+04
*---+----+-------------------+-------------------+---------+---------------------
    2    1 1.7769600000000D+04 2.0457100000000D+01
   0.84401    1.0695     1.089    1.0848    1.0777    1.0683    1.0556     1.035
   0.97648   0.69966
    3    1 1.7769600000000D+04 1.2730453330000D+13
   0.84401    1.0695     1.089    1.0848    1.0777    1.0683    1.0556     1.035
   0.97648   0.69966
    9    0 1.7769600000000D+04 2.9170000000000D+02
   10    0 1.7769600000000D+04 1.5800000000000D+01
*---+----+-------------------+-------------------+---------+---------------------
*   1: printout of the result at time [hours]
*---+----+-------------------+-------------------+---------+---------------------
    1    0 1.9375200000000D+04
*---+----+-------------------+-------------------+---------+---------------------
    2    1 1.9375200000000D+04 2.0089500000000D+01
   0.86189    1.0465     1.048    1.0395    1.0356    1.0356    1.0404    1.0508
    1.0449   0.79668
    3    1 1.9375200000000D+04 1.2459507900000D+13
   0.86189    1.0465     1.048    1.0395    1.0356    1.0356    1.0404    1.0508
    1.0449   0.79668
    9    0 1.9375200000000D+04 2.9170000000000D+02
   10    0 1.9375200000000D+04 1.5800000000000D+01
*---+----+-------------------+-------------------+---------+---------------------
*   1: printout of the result at time [hours]
*---+----+-------------------+-------------------+---------+---------------------
    1    0 2.1230400000000D+04
*---+----+-------------------+-------------------+---------+---------------------
    2    1 2.1230400000000D+04 1.6256000000000D+01
   0.69445   0.83465   0.86325   0.90582   0.96315    1.0306    1.1091    1.2042
    1.3132    1.0816
    3    1 2.1230400000000D+04 9.5634048000000D+12
   0.69445   0.83465   0.86325   0.90582   0.96315    1.0306    1.1091    1.2042
    1.3132    1.0816
    9    0 2.1230400000000D+04 2.7330000000000D+02
   10    0 2.1230400000000D+04 1.5800000000000D+01
*---+----+-------------------+-------------------+---------+---------------------
*   1: printout of the result at time [hours]
*---+----+-------------------+-------------------+---------+---------------------
    1    0 2.1234200000000D+04
*---+----+-------------------+-------------------+---------+---------------------
    2    1 2.1234200000000D+04 1.0055400000000D+01
   0.53951   0.67466   0.73403   0.81429   0.91642     1.037    1.1768    1.3391
    1.4973     1.271
    3    1 2.1234200000000D+04 5.9105641200000D+12
   0.53951   0.67466   0.73403   0.81429   0.91642     1.037    1.1768    1.3391
    1.4973     1.271
    9    0 2.1234200000000D+04 2.8340000000000D+02
   10    0 2.1234200000000D+04 1.5800000000000D+01
*---+----+-------------------+-------------------+---------+---------------------
*   1: printout of the result at time [hours]
*---+----+-------------------+-------------------+---------+---------------------
    1    0 2.1236200000000D+04
*---+----+-------------------+-------------------+---------+---------------------
    2    1 2.1236200000000D+04 1.4804700000000D+01
   0.74665    1.0072    1.0969    1.1394    1.1628    1.1376    1.1037    1.0487
   0.94814   0.60886
    3    1 2.1236200000000D+04 9.3684141600000D+12
   0.74665    1.0072    1.0969    1.1394    1.1628    1.1376    1.1037    1.0487
   0.94814   0.60886
    9    0 2.1236200000000D+04 2.9170000000000D+02
   10    0 2.1236200000000D+04 1.5800000000000D+01
*---+----+-------------------+-------------------+---------+---------------------
*   1: printout of the result at time [hours]
*---+----+-------------------+-------------------+---------+---------------------
    1    0 2.1379200000000D+04
*---+----+-------------------+-------------------+---------+---------------------
    2    1 2.1379200000000D+04 1.4956700000000D+01
   0.84932    1.0861    1.1293    1.1316    1.1157    1.0887    1.0537    1.0084
   0.92641   0.61076
    3    1 2.1379200000000D+04 9.4287036800000D+12
   0.84932    1.0861    1.1293    1.1316    1.1157    1.0887    1.0537    1.0084
   0.92641   0.61076
    9    0 2.1379200000000D+04 2.9170000000000D+02
   10    0 2.1379200000000D+04 1.5800000000000D+01
*---+----+-------------------+-------------------+---------+---------------------
*   1: printout of the result at time [hours]
*---+----+-------------------+-------------------+---------+---------------------
    1    0 2.2795200000000D+04
*---+----+-------------------+-------------------+---------+---------------------
    2    1 2.2795200000000D+04 1.5256200000000D+01
   0.85854     1.051    1.0713    1.0721    1.0686     1.063    1.0562    1.0465
    1.0108   0.70201
    3    1 2.2795200000000D+04 9.5946241800000D+12
   0.85854     1.051    1.0713    1.0721    1.0686     1.063    1.0562    1.0465
    1.0108   0.70201
    9    0 2.2795200000000D+04 2.9170000000000D+02
   10    0 2.2795200000000D+04 1.5800000000000D+01
*---+----+-------------------+-------------------+---------+---------------------
*   1: printout of the result at time [hours]
*---+----+-------------------+-------------------+---------+---------------------
    1    0 2.3620800000000D+04
*---+----+-------------------+-------------------+---------+---------------------
    2    1 2.3620800000000D+04 1.5352000000000D+01
   0.87695    1.0473    1.0545    1.0501    1.0464     1.044    1.0442    1.0481
    1.0393   0.74915
    3    1 2.3620800000000D+04 9.6164928000000D+12
   0.87695    1.0473    1.0545    1.0501    1.0464     1.044    1.0442    1.0481
    1.0393   0.74915
    9    0 2.3620800000000D+04 2.9170000000000D+02
   10    0 2.3620800000000D+04 1.5800000000000D+01
*---+----+-------------------+-------------------+---------+---------------------
*   1: printout of the result at time [hours]
*---+----+-------------------+-------------------+---------+---------------------
    1    0 2.4258200000000D+04
*---+----+-------------------+-------------------+---------+---------------------
    2    1 2.4258200000000D+04 1.4742800000000D+01
   0.78825   0.93829   0.96121   0.98631    1.0174    1.0516    1.0887    1.1306
    1.1708    0.8668
    3    1 2.4258200000000D+04 9.0447078000000D+12
   0.78825   0.93829   0.96121   0.98631    1.0174    1.0516    1.0887    1.1306
    1.1708    0.8668
    9    0 2.4258200000000D+04 2.8320000000000D+02
   10    0 2.4258200000000D+04 1.5800000000000D+01
*---+----+-------------------+-------------------+---------+---------------------
*   1: printout of the result at time [hours]
*---+----+-------------------+-------------------+---------+---------------------
    1    0 2.4260200000000D+04
*---+----+-------------------+-------------------+---------+---------------------
    2    1 2.4260200000000D+04 4.3694000000000D+00
    0.4543   0.69666   0.84954    0.9816    1.1013    1.2047    1.2814    1.3171
    1.2354   0.87792
    3    1 2.4260200000000D+04 2.6797530200000D+12
    0.4543   0.69666   0.84954    0.9816    1.1013    1.2047    1.2814    1.3171
    1.2354   0.87792
    9    0 2.4260200000000D+04 2.9170000000000D+02
   10    0 2.4260200000000D+04 1.5800000000000D+01
*---+----+-------------------+-------------------+---------+---------------------
*   1: printout of the result at time [hours]
*---+----+-------------------+-------------------+---------+---------------------
    1    0 2.4403200000000D+04
*---+----+-------------------+-------------------+---------+---------------------
    2    1 2.4403200000000D+04 4.5402000000000D+00
   0.63786   0.89732   0.99687    1.0548    1.0969    1.1299    1.1526    1.1526
    1.0881   0.79314
    3    1 2.4403200000000D+04 2.7495451200000D+12
   0.63786   0.89732   0.99687    1.0548    1.0969    1.1299    1.1526    1.1526
    1.0881   0.79314
    9    0 2.4403200000000D+04 2.9170000000000D+02
   10    0 2.4403200000000D+04 1.5800000000000D+01
*---+----+-------------------+-------------------+---------+---------------------
*   1: printout of the result at time [hours]
*---+----+-------------------+-------------------+---------+---------------------
    1    0 2.9659200000000D+04
*---+----+-------------------+-------------------+---------+---------------------
    2    1 2.9659200000000D+04 4.9728000000000D+00
   0.85666    1.0374    1.0483    1.0441    1.0403    1.0387    1.0401    1.0425
    1.0258    0.8263
    3    1 2.9659200000000D+04 2.9031206400000D+12
   0.85666    1.0374    1.0483    1.0441    1.0403    1.0387    1.0401    1.0425
    1.0258    0.8263
    9    0 2.9659200000000D+04 2.9170000000000D+02
   10    0 2.9659200000000D+04 1.5800000000000D+01
*---+----+-------------------+-------------------+---------+---------------------
*   1: printout of the result at time [hours]
*---+----+-------------------+-------------------+---------+---------------------
    1    0 3.1540800000000D+04
*---+----+-------------------+-------------------+---------+---------------------
    2    1 3.1540800000000D+04 5.2883000000000D+00
   0.85831   0.99786   0.99427   0.99276    1.0001    1.0141    1.0353    1.0673
    1.1072   0.93281
    3    1 3.1540800000000D+04 3.0471184600000D+12
   0.85831   0.99786   0.99427   0.99276    1.0001    1.0141    1.0353    1.0673
    1.1072   0.93281
    9    0 3.1540800000000D+04 2.9170000000000D+02
   10    0 3.1540800000000D+04 1.5800000000000D+01
*---+----+-------------------+-------------------+---------+---------------------
*   1: printout of the result at time [hours]
*---+----+-------------------+-------------------+---------+---------------------
    1    0 3.2276600000000D+04
*---+----+-------------------+-------------------+---------+---------------------
    2    1 3.2276600000000D+04 4.9977000000000D+00
   0.76835   0.88881   0.90061   0.92683   0.96724    1.0165    1.0749    1.1481
    1.2272    1.0815
    3    1 3.2276600000000D+04 2.8047092400000D+12
   0.76835   0.88881   0.90061   0.92683   0.96724    1.0165    1.0749    1.1481
    1.2272    1.0815
    9    0 3.2276600000000D+04 2.8110000000000D+02
   10    0 3.2276600000000D+04 1.5800000000000D+01
*---+----+-------------------+-------------------+---------+---------------------
*   1: printout of the result at time [hours]
*---+----+-------------------+-------------------+---------+---------------------
    1    0 3.2278600000000D+04
*---+----+-------------------+-------------------+---------+---------------------
    2    1 3.2278600000000D+04 3.8813000000000D+00
   0.46299   0.69075   0.84353   0.98137    1.1068     1.213    1.2872    1.3184
    1.2421   0.85384
    3    1 3.2278600000000D+04 2.5003334600000D+12
   0.46299   0.69075   0.84353   0.98137    1.1068     1.213    1.2872    1.3184
    1.2421   0.85384
    9    0 3.2278600000000D+04 2.9170000000000D+02
   10    0 3.2278600000000D+04 1.5800000000000D+01
*---+----+-------------------+-------------------+---------+---------------------
*   1: printout of the result at time [hours]
*---+----+-------------------+-------------------+---------+---------------------
    1    0 3.2421600000000D+04
*---+----+-------------------+-------------------+---------+---------------------
    2    1 3.2421600000000D+04 4.1129000000000D+00
   0.65307   0.89475   0.99492    1.0581    1.1041    1.1372      1.16    1.1496
    1.0868   0.76151
    3    1 3.2421600000000D+04 2.6108689200000D+12
   0.65307   0.89475   0.99492    1.0581    1.1041    1.1372      1.16    1.1496
    1.0868   0.76151
    9    0 3.2421600000000D+04 2.9170000000000D+02
   10    0 3.2421600000000D+04 1.5800000000000D+01
*---+----+-------------------+-------------------+---------+---------------------
*   1: printout of the result at time [hours]
*---+----+-------------------+-------------------+---------+---------------------
    1    0 3.5877600000000D+04
*---+----+-------------------+-------------------+---------+---------------------
    2    1 3.5877600000000D+04 4.5539000000000D+00
   0.84345    1.0303    1.0505    1.0501    1.0483    1.0486    1.0514    1.0608
    1.0356   0.78087
    3    1 3.5877600000000D+04 2.8152209800000D+12
   0.84345    1.0303    1.0505    1.0501    1.0483    1.0486    1.0514    1.0608
    1.0356   0.78087
    9    0 3.5877600000000D+04 2.9170000000000D+02
   10    0 3.5877600000000D+04 1.5800000000000D+01
*---+----+-------------------+-------------------+---------+---------------------
*   1: printout of the result at time [hours]
*---+----+-------------------+-------------------+---------+---------------------
    1    0 3.7677600000000D+04
*---+----+-------------------+-------------------+---------+---------------------
    2    1 3.7677600000000D+04 4.7220000000000D+00
   0.89072    1.0472    1.0512     1.044    1.0381    1.0345    1.0339    1.0362
    1.0273    0.7967
    3    1 3.7677600000000D+04 2.8837254000000D+12
   0.89072    1.0472    1.0512     1.044    1.0381    1.0345    1.0339    1.0362
    1.0273    0.7967
    9    0 3.7677600000000D+04 2.9170000000000D+02
   10    0 3.7677600000000D+04 1.5800000000000D+01
*---+----+-------------------+-------------------+---------+---------------------
*   1: printout of the result at time [hours]
*---+----+-------------------+-------------------+---------+---------------------
    1    0 3.9432000000000D+04
*---+----+-------------------+-------------------+---------+---------------------
    2    1 3.9432000000000D+04 5.0907000000000D+00
   0.88023    0.9977   0.99083   0.99004   0.99927     1.015    1.0372      1.07
    1.1116   0.90813
    3    1 3.9432000000000D+04 3.0595107000000D+12
   0.88023    0.9977   0.99083   0.99004   0.99927     1.015    1.0372      1.07
    1.1116   0.90813
    9    0 3.9432000000000D+04 2.9170000000000D+02
   10    0 3.9432000000000D+04 1.5800000000000D+01
*---+----+-------------------+-------------------+---------+---------------------
*   1: printout of the result at time [hours]
*---+----+-------------------+-------------------+---------+---------------------
    1    0 4.0375200000000D+04
*---+----+-------------------+-------------------+---------+---------------------
    2    1 4.0375200000000D+04 4.4338000000000D+00
    0.7603   0.85863   0.87171   0.90509   0.95449    1.0145    1.0851     1.173
    1.2799    1.0973
    3    1 4.0375200000000D+04 2.5973200400000D+12
    0.7603   0.85863   0.87171   0.90509   0.95449    1.0145    1.0851     1.173
    1.2799    1.0973
    9    0 4.0375200000000D+04 2.8120000000000D+02
   10    0 4.0375200000000D+04 1.5800000000000D+01
* data point #1159 end
*  00:  last line of data set (finishing the program)
*---+----+-------------------+-------------------+---------+---------------------
00000    0 4.0375200000000D+04
*---+----+-------------------+-------------------+---------+---------------------
