* data point #1487 begin
*
*---+----+-------------------+-------------------+---------+---------------------
*   1: printout of the result at time [hours]
*---+----+-------------------+-------------------+---------+---------------------
    1    0 0.0000000000000D+00
*---+----+-------------------+-------------------+---------+---------------------
    2    1 0.0000000000000D+00 2.8113300000000D+01
   0.51591   0.72556    0.8623   0.98498    1.0984    1.1956    1.2666    1.3011
     1.226    0.8236
    3    1 0.0000000000000D+00 1.2499173180000D+13
   0.51591   0.72556    0.8623   0.98498    1.0984    1.1956    1.2666    1.3011
     1.226    0.8236
    9    0 0.0000000000000D+00 2.9170000000000D+02
   10    0 0.0000000000000D+00 1.5800000000000D+01
*---+----+-------------------+-------------------+---------+---------------------
*   1: printout of the result at time [hours]
*---+----+-------------------+-------------------+---------+---------------------
    1    0 1.4400000000000D+02
*---+----+-------------------+-------------------+---------+---------------------
    2    1 1.4400000000000D+02 2.7647900000000D+01
   0.72769   0.94202    1.0191    1.0628    1.0945    1.1176    1.1343    1.1242
    1.0573   0.72027
    3    1 1.4400000000000D+02 1.2355846510000D+13
   0.72769   0.94202    1.0191    1.0628    1.0945    1.1176    1.1343    1.1242
    1.0573   0.72027
    9    0 1.4400000000000D+02 2.9170000000000D+02
   10    0 1.4400000000000D+02 1.5800000000000D+01
*---+----+-------------------+-------------------+---------+---------------------
*   1: printout of the result at time [hours]
*---+----+-------------------+-------------------+---------+---------------------
    1    0 5.4000000000000D+03
*---+----+-------------------+-------------------+---------+---------------------
    2    1 5.4000000000000D+03 2.7547300000000D+01
    0.8884    1.1534    1.1566    1.1239    1.0892    1.0565    1.0257   0.99171
   0.91592   0.59861
    3    1 5.4000000000000D+03 1.3247496570000D+13
    0.8884    1.1534    1.1566    1.1239    1.0892    1.0565    1.0257   0.99171
   0.91592   0.59861
    9    0 5.4000000000000D+03 2.9170000000000D+02
   10    0 5.4000000000000D+03 1.5800000000000D+01
*---+----+-------------------+-------------------+---------+---------------------
*   1: printout of the result at time [hours]
*---+----+-------------------+-------------------+---------+---------------------
    1    0 7.2816000000000D+03
*---+----+-------------------+-------------------+---------+---------------------
    2    1 7.2816000000000D+03 2.6922900000000D+01
   0.87647    1.1085    1.0889    1.0656    1.0505    1.0408    1.0363    1.0371
     1.014   0.68191
    3    1 7.2816000000000D+03 1.3176067260000D+13
   0.87647    1.1085    1.0889    1.0656    1.0505    1.0408    1.0363    1.0371
     1.014   0.68191
    9    0 7.2816000000000D+03 2.9170000000000D+02
   10    0 7.2816000000000D+03 1.5800000000000D+01
*---+----+-------------------+-------------------+---------+---------------------
*   1: printout of the result at time [hours]
*---+----+-------------------+-------------------+---------+---------------------
    1    0 8.0174000000000D+03
*---+----+-------------------+-------------------+---------+---------------------
    2    1 8.0174000000000D+03 2.5202300000000D+01
   0.77168   0.97067   0.97848   0.99273    1.0192     1.052    1.0909     1.138
    1.1687   0.81782
    3    1 8.0174000000000D+03 1.2034098250000D+13
   0.77168   0.97067   0.97848   0.99273    1.0192     1.052    1.0909     1.138
    1.1687   0.81782
    9    0 8.0174000000000D+03 2.8110000000000D+02
   10    0 8.0174000000000D+03 1.5800000000000D+01
*---+----+-------------------+-------------------+---------+---------------------
*   1: printout of the result at time [hours]
*---+----+-------------------+-------------------+---------+---------------------
    1    0 8.0194000000000D+03
*---+----+-------------------+-------------------+---------+---------------------
    2    1 8.0194000000000D+03 2.2373700000000D+01
   0.44615   0.70672    0.8544   0.98987     1.115    1.2203    1.2941    1.3257
    1.2354   0.81243
    3    1 8.0194000000000D+03 1.1598526080000D+13
   0.44615   0.70672    0.8544   0.98987     1.115    1.2203    1.2941    1.3257
    1.2354   0.81243
    9    0 8.0194000000000D+03 2.9170000000000D+02
   10    0 8.0194000000000D+03 1.5800000000000D+01
*---+----+-------------------+-------------------+---------+---------------------
*   1: printout of the result at time [hours]
*---+----+-------------------+-------------------+---------+---------------------
    1    0 8.1624000000000D+03
*---+----+-------------------+-------------------+---------+---------------------
    2    1 8.1624000000000D+03 2.2366000000000D+01
   0.63579   0.92712    1.0191    1.0753     1.116    1.1437    1.1606    1.1466
    1.0657   0.71001
    3    1 8.1624000000000D+03 1.1607954000000D+13
   0.63579   0.92712    1.0191    1.0753     1.116    1.1437    1.1606    1.1466
    1.0657   0.71001
    9    0 8.1624000000000D+03 2.9170000000000D+02
   10    0 8.1624000000000D+03 1.5800000000000D+01
*---+----+-------------------+-------------------+---------+---------------------
*   1: printout of the result at time [hours]
*---+----+-------------------+-------------------+---------+---------------------
    1    0 1.1618400000000D+04
*---+----+-------------------+-------------------+---------+---------------------
    2    1 1.1618400000000D+04 2.0981400000000D+01
   0.84437    1.0786    1.0837     1.071    1.0596    1.0507    1.0449    1.0397
    1.0023   0.72517
    3    1 1.1618400000000D+04 1.1071884780000D+13
   0.84437    1.0786    1.0837     1.071    1.0596    1.0507    1.0449    1.0397
    1.0023   0.72517
    9    0 1.1618400000000D+04 2.9170000000000D+02
   10    0 1.1618400000000D+04 1.5800000000000D+01
*---+----+-------------------+-------------------+---------+---------------------
*   1: printout of the result at time [hours]
*---+----+-------------------+-------------------+---------+---------------------
    1    0 1.3778400000000D+04
*---+----+-------------------+-------------------+---------+---------------------
    2    1 1.3778400000000D+04 2.0106500000000D+01
   0.89931    1.0939    1.0783    1.0604    1.0461    1.0343    1.0254    1.0199
   0.99421   0.74812
    3    1 1.3778400000000D+04 1.0702689950000D+13
   0.89931    1.0939    1.0783    1.0604    1.0461    1.0343    1.0254    1.0199
   0.99421   0.74812
    9    0 1.3778400000000D+04 2.9170000000000D+02
   10    0 1.3778400000000D+04 1.5800000000000D+01
*---+----+-------------------+-------------------+---------+---------------------
*   1: printout of the result at time [hours]
*---+----+-------------------+-------------------+---------+---------------------
    1    0 1.5081600000000D+04
*---+----+-------------------+-------------------+---------+---------------------
    2    1 1.5081600000000D+04 1.9942800000000D+01
   0.89416    1.0506    1.0327    1.0213    1.0188    1.0208    1.0273    1.0428
    1.0601   0.83143
    3    1 1.5081600000000D+04 1.0661420880000D+13
   0.89416    1.0506    1.0327    1.0213    1.0188    1.0208    1.0273    1.0428
    1.0601   0.83143
    9    0 1.5081600000000D+04 2.9170000000000D+02
   10    0 1.5081600000000D+04 1.5800000000000D+01
*---+----+-------------------+-------------------+---------+---------------------
*   1: printout of the result at time [hours]
*---+----+-------------------+-------------------+---------+---------------------
    1    0 1.5503000000000D+04
*---+----+-------------------+-------------------+---------+---------------------
    2    1 1.5503000000000D+04 1.8781300000000D+01
   0.80538   0.94834   0.95015   0.96703   0.99583      1.03    1.0689    1.1177
    1.1743   0.94232
    3    1 1.5503000000000D+04 9.8733294100000D+12
   0.80538   0.94834   0.95015   0.96703   0.99583      1.03    1.0689    1.1177
    1.1743   0.94232
    9    0 1.5503000000000D+04 2.8640000000000D+02
   10    0 1.5503000000000D+04 1.5800000000000D+01
*---+----+-------------------+-------------------+---------+---------------------
*   1: printout of the result at time [hours]
*---+----+-------------------+-------------------+---------+---------------------
    1    0 1.5505000000000D+04
*---+----+-------------------+-------------------+---------+---------------------
    2    1 1.5505000000000D+04 1.9138100000000D+01
   0.50757   0.72844   0.86404   0.99153    1.1074    1.2025    1.2661    1.2914
    1.2214   0.81967
    3    1 1.5505000000000D+04 1.1029287030000D+13
   0.50757   0.72844   0.86404   0.99153    1.1074    1.2025    1.2661    1.2914
    1.2214   0.81967
    9    0 1.5505000000000D+04 2.9170000000000D+02
   10    0 1.5505000000000D+04 1.5800000000000D+01
*---+----+-------------------+-------------------+---------+---------------------
*   1: printout of the result at time [hours]
*---+----+-------------------+-------------------+---------+---------------------
    1    0 1.5648000000000D+04
*---+----+-------------------+-------------------+---------+---------------------
    2    1 1.5648000000000D+04 1.8986100000000D+01
   0.70294    0.9331    1.0106    1.0624    1.1002    1.1258    1.1413    1.1281
    1.0687   0.72695
    3    1 1.5648000000000D+04 1.0918906110000D+13
   0.70294    0.9331    1.0106    1.0624    1.1002    1.1258    1.1413    1.1281
    1.0687   0.72695
    9    0 1.5648000000000D+04 2.9170000000000D+02
   10    0 1.5648000000000D+04 1.5800000000000D+01
*---+----+-------------------+-------------------+---------+---------------------
*   1: printout of the result at time [hours]
*---+----+-------------------+-------------------+---------+---------------------
    1    0 1.9104000000000D+04
*---+----+-------------------+-------------------+---------+---------------------
    2    1 1.9104000000000D+04 1.8965100000000D+01
   0.87482    1.0736    1.0903     1.074     1.062    1.0514    1.0423    1.0316
   0.99303   0.70698
    3    1 1.9104000000000D+04 1.1033895180000D+13
   0.87482    1.0736    1.0903     1.074     1.062    1.0514    1.0423    1.0316
   0.99303   0.70698
    9    0 1.9104000000000D+04 2.9170000000000D+02
   10    0 1.9104000000000D+04 1.5800000000000D+01
*---+----+-------------------+-------------------+---------+---------------------
*   1: printout of the result at time [hours]
*---+----+-------------------+-------------------+---------+---------------------
    1    0 2.0904000000000D+04
*---+----+-------------------+-------------------+---------+---------------------
    2    1 2.0904000000000D+04 1.8957100000000D+01
     0.907    1.1021    1.1036    1.0844    1.0636    1.0441    1.0266    1.0085
   0.96597   0.69394
    3    1 2.0904000000000D+04 1.1112652020000D+13
     0.907    1.1021    1.1036    1.0844    1.0636    1.0441    1.0266    1.0085
   0.96597   0.69394
    9    0 2.0904000000000D+04 2.9170000000000D+02
   10    0 2.0904000000000D+04 1.5800000000000D+01
*---+----+-------------------+-------------------+---------+---------------------
*   1: printout of the result at time [hours]
*---+----+-------------------+-------------------+---------+---------------------
    1    0 2.2658400000000D+04
*---+----+-------------------+-------------------+---------+---------------------
    2    1 2.2658400000000D+04 1.8842600000000D+01
   0.87912    1.0267    1.0176    1.0142    1.0209    1.0329     1.049    1.0698
    1.0808   0.80912
    3    1 2.2658400000000D+04 1.1075680280000D+13
   0.87912    1.0267    1.0176    1.0142    1.0209    1.0329     1.049    1.0698
    1.0808   0.80912
    9    0 2.2658400000000D+04 2.9170000000000D+02
   10    0 2.2658400000000D+04 1.5800000000000D+01
*---+----+-------------------+-------------------+---------+---------------------
*   1: printout of the result at time [hours]
*---+----+-------------------+-------------------+---------+---------------------
    1    0 2.3601600000000D+04
*---+----+-------------------+-------------------+---------+---------------------
    2    1 2.3601600000000D+04 1.6370300000000D+01
   0.74427   0.86626   0.88245   0.91904   0.97207    1.0347    1.1067    1.1917
    1.2724    1.0104
    3    1 2.3601600000000D+04 9.3474413000000D+12
   0.74427   0.86626   0.88245   0.91904   0.97207    1.0347    1.1067    1.1917
    1.2724    1.0104
    9    0 2.3601600000000D+04 2.8120000000000D+02
   10    0 2.3601600000000D+04 1.5800000000000D+01
* data point #1487 end
*  00:  last line of data set (finishing the program)
*---+----+-------------------+-------------------+---------+---------------------
00000    0 2.3601600000000D+04
*---+----+-------------------+-------------------+---------+---------------------
