* data point #1017 begin
*
*---+----+-------------------+-------------------+---------+---------------------
*   1: printout of the result at time [hours]
*---+----+-------------------+-------------------+---------+---------------------
    1    0 0.0000000000000D+00
*---+----+-------------------+-------------------+---------+---------------------
    2    1 0.0000000000000D+00 2.5062500000000D+01
   0.56906   0.83627   0.99611    1.1135    1.1976     1.245    1.2426    1.1793
    1.0106   0.61007
    3    1 0.0000000000000D+00 1.1884637500000D+13
   0.56906   0.83627   0.99611    1.1135    1.1976     1.245    1.2426    1.1793
    1.0106   0.61007
    9    0 0.0000000000000D+00 2.9170000000000D+02
   10    0 0.0000000000000D+00 1.5800000000000D+01
*---+----+-------------------+-------------------+---------+---------------------
*   1: printout of the result at time [hours]
*---+----+-------------------+-------------------+---------+---------------------
    1    0 1.4400000000000D+02
*---+----+-------------------+-------------------+---------+---------------------
    2    1 1.4400000000000D+02 2.5415700000000D+01
   0.73026   0.99092    1.0899     1.136     1.157    1.1576    1.1355    1.0775
   0.93938   0.58594
    3    1 1.4400000000000D+02 1.2074999070000D+13
   0.73026   0.99092    1.0899     1.136     1.157    1.1576    1.1355    1.0775
   0.93938   0.58594
    9    0 1.4400000000000D+02 2.9170000000000D+02
   10    0 1.4400000000000D+02 1.5800000000000D+01
*---+----+-------------------+-------------------+---------+---------------------
*   1: printout of the result at time [hours]
*---+----+-------------------+-------------------+---------+---------------------
    1    0 3.6000000000000D+03
*---+----+-------------------+-------------------+---------+---------------------
    2    1 3.6000000000000D+03 2.5536200000000D+01
   0.85772    1.0931     1.109    1.0933    1.0776    1.0648    1.0542    1.0379
   0.97047   0.64191
    3    1 3.6000000000000D+03 1.2142463100000D+13
   0.85772    1.0931     1.109    1.0933    1.0776    1.0648    1.0542    1.0379
   0.97047   0.64191
    9    0 3.6000000000000D+03 2.9170000000000D+02
   10    0 3.6000000000000D+03 1.5800000000000D+01
*---+----+-------------------+-------------------+---------+---------------------
*   1: printout of the result at time [hours]
*---+----+-------------------+-------------------+---------+---------------------
    1    0 5.7600000000000D+03
*---+----+-------------------+-------------------+---------+---------------------
    2    1 5.7600000000000D+03 2.5679800000000D+01
   0.88202    1.1404     1.128    1.0956    1.0682    1.0465    1.0299    1.0145
   0.95881   0.63606
    3    1 5.7600000000000D+03 1.2267240460000D+13
   0.88202    1.1404     1.128    1.0956    1.0682    1.0465    1.0299    1.0145
   0.95881   0.63606
    9    0 5.7600000000000D+03 2.9170000000000D+02
   10    0 5.7600000000000D+03 1.5800000000000D+01
*---+----+-------------------+-------------------+---------+---------------------
*   1: printout of the result at time [hours]
*---+----+-------------------+-------------------+---------+---------------------
    1    0 6.9888000000000D+03
*---+----+-------------------+-------------------+---------+---------------------
    2    1 6.9888000000000D+03 2.5576400000000D+01
   0.87628    1.1171     1.088    1.0585    1.0398    1.0293    1.0277    1.0376
    1.0278   0.69795
    3    1 6.9888000000000D+03 1.2243422680000D+13
   0.87628    1.1171     1.088    1.0585    1.0398    1.0293    1.0277    1.0376
    1.0278   0.69795
    9    0 6.9888000000000D+03 2.9170000000000D+02
   10    0 6.9888000000000D+03 1.5800000000000D+01
*---+----+-------------------+-------------------+---------+---------------------
*   1: printout of the result at time [hours]
*---+----+-------------------+-------------------+---------+---------------------
    1    0 8.4830000000000D+03
*---+----+-------------------+-------------------+---------+---------------------
    2    1 8.4830000000000D+03 2.1499000000000D+01
    0.7251   0.90962   0.91679   0.94214   0.98405    1.0359    1.0996    1.1842
    1.2807    0.9219
    3    1 8.4830000000000D+03 9.8959897000000D+12
    0.7251   0.90962   0.91679   0.94214   0.98405    1.0359    1.0996    1.1842
    1.2807    0.9219
    9    0 8.4830000000000D+03 2.7520000000000D+02
   10    0 8.4830000000000D+03 1.5800000000000D+01
*---+----+-------------------+-------------------+---------+---------------------
*   1: printout of the result at time [hours]
*---+----+-------------------+-------------------+---------+---------------------
    1    0 8.4850000000000D+03
*---+----+-------------------+-------------------+---------+---------------------
    2    1 8.4850000000000D+03 2.1859400000000D+01
   0.68163   0.99175    1.0855    1.1334    1.1582    1.1591    1.1353     1.084
   0.97542   0.59576
    3    1 8.4850000000000D+03 1.3060991500000D+13
   0.68163   0.99175    1.0855    1.1334    1.1582    1.1591    1.1353     1.084
   0.97542   0.59576
    9    0 8.4850000000000D+03 2.9170000000000D+02
   10    0 8.4850000000000D+03 1.5800000000000D+01
*---+----+-------------------+-------------------+---------+---------------------
*   1: printout of the result at time [hours]
*---+----+-------------------+-------------------+---------+---------------------
    1    0 8.6280000000000D+03
*---+----+-------------------+-------------------+---------+---------------------
    2    1 8.6280000000000D+03 2.1164100000000D+01
   0.79914     1.098    1.1471    1.1385    1.1236    1.0989    1.0649    1.0185
   0.92893    0.5824
    3    1 8.6280000000000D+03 1.2639200520000D+13
   0.79914     1.098    1.1471    1.1385    1.1236    1.0989    1.0649    1.0185
   0.92893    0.5824
    9    0 8.6280000000000D+03 2.9170000000000D+02
   10    0 8.6280000000000D+03 1.5800000000000D+01
*---+----+-------------------+-------------------+---------+---------------------
*   1: printout of the result at time [hours]
*---+----+-------------------+-------------------+---------+---------------------
    1    0 9.9240000000000D+03
*---+----+-------------------+-------------------+---------+---------------------
    2    1 9.9240000000000D+03 2.1036100000000D+01
    0.8368    1.0979    1.1217    1.1038    1.0902    1.0745    1.0557    1.0296
   0.96382   0.62597
    3    1 9.9240000000000D+03 1.2501754230000D+13
    0.8368    1.0979    1.1217    1.1038    1.0902    1.0745    1.0557    1.0296
   0.96382   0.62597
    9    0 9.9240000000000D+03 2.9170000000000D+02
   10    0 9.9240000000000D+03 1.5800000000000D+01
*---+----+-------------------+-------------------+---------+---------------------
*   1: printout of the result at time [hours]
*---+----+-------------------+-------------------+---------+---------------------
    1    0 1.1529600000000D+04
*---+----+-------------------+-------------------+---------+---------------------
    2    1 1.1529600000000D+04 2.0798000000000D+01
   0.85734     1.078    1.0735    1.0585    1.0486    1.0428     1.042    1.0468
    1.0339   0.71848
    3    1 1.1529600000000D+04 1.2252101800000D+13
   0.85734     1.078    1.0735    1.0585    1.0486    1.0428     1.042    1.0468
    1.0339   0.71848
    9    0 1.1529600000000D+04 2.9170000000000D+02
   10    0 1.1529600000000D+04 1.5800000000000D+01
*---+----+-------------------+-------------------+---------+---------------------
*   1: printout of the result at time [hours]
*---+----+-------------------+-------------------+---------+---------------------
    1    0 1.3384800000000D+04
*---+----+-------------------+-------------------+---------+---------------------
    2    1 1.3384800000000D+04 1.6934300000000D+01
   0.69297   0.85879   0.88654    0.9254   0.97914    1.0426    1.1166    1.2066
    1.3065   0.98492
    3    1 1.3384800000000D+04 9.4002299300000D+12
   0.69297   0.85879   0.88654    0.9254   0.97914    1.0426    1.1166    1.2066
    1.3065   0.98492
    9    0 1.3384800000000D+04 2.7330000000000D+02
   10    0 1.3384800000000D+04 1.5800000000000D+01
*---+----+-------------------+-------------------+---------+---------------------
*   1: printout of the result at time [hours]
*---+----+-------------------+-------------------+---------+---------------------
    1    0 1.3388600000000D+04
*---+----+-------------------+-------------------+---------+---------------------
    2    1 1.3388600000000D+04 1.0458600000000D+01
   0.53917   0.69522   0.75526   0.83348   0.93368    1.0517     1.188    1.3458
    1.4965    1.1612
    3    1 1.3388600000000D+04 5.7951102600000D+12
   0.53917   0.69522   0.75526   0.83348   0.93368    1.0517     1.188    1.3458
    1.4965    1.1612
    9    0 1.3388600000000D+04 2.8340000000000D+02
   10    0 1.3388600000000D+04 1.5800000000000D+01
*---+----+-------------------+-------------------+---------+---------------------
*   1: printout of the result at time [hours]
*---+----+-------------------+-------------------+---------+---------------------
    1    0 1.3390600000000D+04
*---+----+-------------------+-------------------+---------+---------------------
    2    1 1.3390600000000D+04 2.1501200000000D+01
   0.78307     1.042     1.114    1.1464    1.1506    1.1266    1.0837     1.023
   0.92693   0.60369
    3    1 1.3390600000000D+04 1.1475190440000D+13
   0.78307     1.042     1.114    1.1464    1.1506    1.1266    1.0837     1.023
   0.92693   0.60369
    9    0 1.3390600000000D+04 2.9170000000000D+02
   10    0 1.3390600000000D+04 1.5800000000000D+01
*---+----+-------------------+-------------------+---------+---------------------
*   1: printout of the result at time [hours]
*---+----+-------------------+-------------------+---------+---------------------
    1    0 1.3533600000000D+04
*---+----+-------------------+-------------------+---------+---------------------
    2    1 1.3533600000000D+04 2.1777000000000D+01
   0.88704    1.1231    1.1537    1.1383    1.1131    1.0765    1.0321   0.97984
   0.89888   0.59733
    3    1 1.3533600000000D+04 1.1602785600000D+13
   0.88704    1.1231    1.1537    1.1383    1.1131    1.0765    1.0321   0.97984
   0.89888   0.59733
    9    0 1.3533600000000D+04 2.9170000000000D+02
   10    0 1.3533600000000D+04 1.5800000000000D+01
*---+----+-------------------+-------------------+---------+---------------------
*   1: printout of the result at time [hours]
*---+----+-------------------+-------------------+---------+---------------------
    1    0 1.4949600000000D+04
*---+----+-------------------+-------------------+---------+---------------------
    2    1 1.4949600000000D+04 2.1533400000000D+01
   0.89015    1.0768    1.0824    1.0762    1.0672    1.0554    1.0417    1.0262
   0.99037   0.69348
    3    1 1.4949600000000D+04 1.1477302200000D+13
   0.89015    1.0768    1.0824    1.0762    1.0672    1.0554    1.0417    1.0262
   0.99037   0.69348
    9    0 1.4949600000000D+04 2.9170000000000D+02
   10    0 1.4949600000000D+04 1.5800000000000D+01
*---+----+-------------------+-------------------+---------+---------------------
*   1: printout of the result at time [hours]
*---+----+-------------------+-------------------+---------+---------------------
    1    0 1.5775200000000D+04
*---+----+-------------------+-------------------+---------+---------------------
    2    1 1.5775200000000D+04 2.1445500000000D+01
   0.90616    1.0723    1.0635    1.0536    1.0454    1.0378    1.0322    1.0302
    1.0192   0.73955
    3    1 1.5775200000000D+04 1.1413295100000D+13
   0.90616    1.0723    1.0635    1.0536    1.0454    1.0378    1.0322    1.0302
    1.0192   0.73955
    9    0 1.5775200000000D+04 2.9170000000000D+02
   10    0 1.5775200000000D+04 1.5800000000000D+01
*---+----+-------------------+-------------------+---------+---------------------
*   1: printout of the result at time [hours]
*---+----+-------------------+-------------------+---------+---------------------
    1    0 1.6412600000000D+04
*---+----+-------------------+-------------------+---------+---------------------
    2    1 1.6412600000000D+04 2.0400400000000D+01
   0.80773   0.95062   0.96488   0.98719    1.0161    1.0473    1.0808    1.1189
    1.1591   0.86738
    3    1 1.6412600000000D+04 1.0616368160000D+13
   0.80773   0.95062   0.96488   0.98719    1.0161    1.0473    1.0808    1.1189
    1.1591   0.86738
    9    0 1.6412600000000D+04 2.8320000000000D+02
   10    0 1.6412600000000D+04 1.5800000000000D+01
*---+----+-------------------+-------------------+---------+---------------------
*   1: printout of the result at time [hours]
*---+----+-------------------+-------------------+---------+---------------------
    1    0 1.6414600000000D+04
*---+----+-------------------+-------------------+---------+---------------------
    2    1 1.6414600000000D+04 1.7464000000000D+01
   0.44308   0.61578   0.73213   0.86154   0.99897    1.1351    1.2608    1.3652
    1.4319    1.1554
    3    1 1.6414600000000D+04 1.0186751200000D+13
   0.44308   0.61578   0.73213   0.86154   0.99897    1.1351    1.2608    1.3652
    1.4319    1.1554
    9    0 1.6414600000000D+04 2.9170000000000D+02
   10    0 1.6414600000000D+04 1.5800000000000D+01
*---+----+-------------------+-------------------+---------+---------------------
*   1: printout of the result at time [hours]
*---+----+-------------------+-------------------+---------+---------------------
    1    0 1.6557600000000D+04
*---+----+-------------------+-------------------+---------+---------------------
    2    1 1.6557600000000D+04 1.7698200000000D+01
   0.64639   0.83268   0.90173   0.96501    1.0272    1.0869    1.1427    1.1915
    1.2189   0.98699
    3    1 1.6557600000000D+04 1.0321590240000D+13
   0.64639   0.83268   0.90173   0.96501    1.0272    1.0869    1.1427    1.1915
    1.2189   0.98699
    9    0 1.6557600000000D+04 2.9170000000000D+02
   10    0 1.6557600000000D+04 1.5800000000000D+01
*---+----+-------------------+-------------------+---------+---------------------
*   1: printout of the result at time [hours]
*---+----+-------------------+-------------------+---------+---------------------
    1    0 2.1813600000000D+04
*---+----+-------------------+-------------------+---------+---------------------
    2    1 2.1813600000000D+04 1.7872000000000D+01
   0.89783    1.0594    1.0596    1.0487    1.0383    1.0294    1.0231    1.0189
    1.0035   0.82128
    3    1 2.1813600000000D+04 1.0483715200000D+13
   0.89783    1.0594    1.0596    1.0487    1.0383    1.0294    1.0231    1.0189
    1.0035   0.82128
    9    0 2.1813600000000D+04 2.9170000000000D+02
   10    0 2.1813600000000D+04 1.5800000000000D+01
*---+----+-------------------+-------------------+---------+---------------------
*   1: printout of the result at time [hours]
*---+----+-------------------+-------------------+---------+---------------------
    1    0 2.3695200000000D+04
*---+----+-------------------+-------------------+---------+---------------------
    2    1 2.3695200000000D+04 1.7864400000000D+01
   0.89832    1.0245    1.0116    1.0035    1.0038    1.0095    1.0215     1.043
    1.0768   0.90756
    3    1 2.3695200000000D+04 1.0459606200000D+13
   0.89832    1.0245    1.0116    1.0035    1.0038    1.0095    1.0215     1.043
    1.0768   0.90756
    9    0 2.3695200000000D+04 2.9170000000000D+02
   10    0 2.3695200000000D+04 1.5800000000000D+01
*---+----+-------------------+-------------------+---------+---------------------
*   1: printout of the result at time [hours]
*---+----+-------------------+-------------------+---------+---------------------
    1    0 2.4431000000000D+04
*---+----+-------------------+-------------------+---------+---------------------
    2    1 2.4431000000000D+04 1.6488200000000D+01
   0.79166   0.89943   0.90635   0.93042   0.96778     1.013    1.0665     1.134
    1.2127    1.0781
    3    1 2.4431000000000D+04 9.3784881600000D+12
   0.79166   0.89943   0.90635   0.93042   0.96778     1.013    1.0665     1.134
    1.2127    1.0781
    9    0 2.4431000000000D+04 2.8110000000000D+02
   10    0 2.4431000000000D+04 1.5800000000000D+01
*---+----+-------------------+-------------------+---------+---------------------
*   1: printout of the result at time [hours]
*---+----+-------------------+-------------------+---------+---------------------
    1    0 2.4433000000000D+04
*---+----+-------------------+-------------------+---------+---------------------
    2    1 2.4433000000000D+04 2.4033000000000D+00
   0.53385   0.72817   0.86423   0.98614    1.0931    1.1788    1.2333    1.2425
    1.1913    0.9487
    3    1 2.4433000000000D+04 1.4818747800000D+12
   0.53385   0.72817   0.86423   0.98614    1.0931    1.1788    1.2333    1.2425
    1.1913    0.9487
    9    0 2.4433000000000D+04 2.9170000000000D+02
   10    0 2.4433000000000D+04 1.5800000000000D+01
*---+----+-------------------+-------------------+---------+---------------------
*   1: printout of the result at time [hours]
*---+----+-------------------+-------------------+---------+---------------------
    1    0 2.4576000000000D+04
*---+----+-------------------+-------------------+---------+---------------------
    2    1 2.4576000000000D+04 2.5948000000000D+00
   0.73031    0.9203   0.99854    1.0471    1.0795    1.1007    1.1188    1.0968
    1.0525   0.85556
    3    1 2.4576000000000D+04 1.5138063200000D+12
   0.73031    0.9203   0.99854    1.0471    1.0795    1.1007    1.1188    1.0968
    1.0525   0.85556
    9    0 2.4576000000000D+04 2.9170000000000D+02
   10    0 2.4576000000000D+04 1.5800000000000D+01
*---+----+-------------------+-------------------+---------+---------------------
*   1: printout of the result at time [hours]
*---+----+-------------------+-------------------+---------+---------------------
    1    0 2.8032000000000D+04
*---+----+-------------------+-------------------+---------+---------------------
    2    1 2.8032000000000D+04 3.3626000000000D+00
   0.87135    1.0516    1.0801    1.0655    1.0525    1.0409     1.031    1.0174
   0.98257   0.80711
    3    1 2.8032000000000D+04 1.7657012600000D+12
   0.87135    1.0516    1.0801    1.0655    1.0525    1.0409     1.031    1.0174
   0.98257   0.80711
    9    0 2.8032000000000D+04 2.9170000000000D+02
   10    0 2.8032000000000D+04 1.5800000000000D+01
*---+----+-------------------+-------------------+---------+---------------------
*   1: printout of the result at time [hours]
*---+----+-------------------+-------------------+---------+---------------------
    1    0 2.9832000000000D+04
*---+----+-------------------+-------------------+---------+---------------------
    2    1 2.9832000000000D+04 3.8953000000000D+00
   0.88979     1.088    1.1121    1.0854    1.0613    1.0384    1.0171   0.99299
   0.94627   0.76862
    3    1 2.9832000000000D+04 1.9258363200000D+12
   0.88979     1.088    1.1121    1.0854    1.0613    1.0384    1.0171   0.99299
   0.94627   0.76862
    9    0 2.9832000000000D+04 2.9170000000000D+02
   10    0 2.9832000000000D+04 1.5800000000000D+01
*---+----+-------------------+-------------------+---------+---------------------
*   1: printout of the result at time [hours]
*---+----+-------------------+-------------------+---------+---------------------
    1    0 3.1586400000000D+04
*---+----+-------------------+-------------------+---------+---------------------
    2    1 3.1586400000000D+04 4.4993000000000D+00
    0.8488    1.0086    1.0115    1.0108     1.019     1.033    1.0506    1.0691
    1.0648   0.88369
    3    1 3.1586400000000D+04 2.0647287700000D+12
    0.8488    1.0086    1.0115    1.0108     1.019     1.033    1.0506    1.0691
    1.0648   0.88369
    9    0 3.1586400000000D+04 2.9170000000000D+02
   10    0 3.1586400000000D+04 1.5800000000000D+01
*---+----+-------------------+-------------------+---------+---------------------
*   1: printout of the result at time [hours]
*---+----+-------------------+-------------------+---------+---------------------
    1    0 3.2529600000000D+04
*---+----+-------------------+-------------------+---------+---------------------
    2    1 3.2529600000000D+04 3.8820000000000D+00
   0.71793   0.85085   0.87532   0.91319   0.96677    1.0304    1.1033    1.1862
    1.2679    1.0881
    3    1 3.2529600000000D+04 1.7461236000000D+12
   0.71793   0.85085   0.87532   0.91319   0.96677    1.0304    1.1033    1.1862
    1.2679    1.0881
    9    0 3.2529600000000D+04 2.8120000000000D+02
   10    0 3.2529600000000D+04 1.5800000000000D+01
* data point #1017 end
*  00:  last line of data set (finishing the program)
*---+----+-------------------+-------------------+---------+---------------------
00000    0 3.2529600000000D+04
*---+----+-------------------+-------------------+---------+---------------------
