* data point #1264 begin
*
*---+----+-------------------+-------------------+---------+---------------------
*   1: printout of the result at time [hours]
*---+----+-------------------+-------------------+---------+---------------------
    1    0 0.0000000000000D+00
*---+----+-------------------+-------------------+---------+---------------------
    2    1 0.0000000000000D+00 1.4198200000000D+01
   0.63219   0.99752    1.1026    1.1525    1.1792    1.1825    1.1605    1.1063
   0.96653   0.52014
    3    1 0.0000000000000D+00 6.0995467200000D+12
   0.63219   0.99752    1.1026    1.1525    1.1792    1.1825    1.1605    1.1063
   0.96653   0.52014
    9    0 0.0000000000000D+00 2.9170000000000D+02
   10    0 0.0000000000000D+00 1.5800000000000D+01
*---+----+-------------------+-------------------+---------+---------------------
*   1: printout of the result at time [hours]
*---+----+-------------------+-------------------+---------+---------------------
    1    0 1.4400000000000D+02
*---+----+-------------------+-------------------+---------+---------------------
    2    1 1.4400000000000D+02 1.4736200000000D+01
   0.76234    1.1229    1.1762    1.1624    1.1425    1.1143    1.0776    1.0258
   0.90899   0.50712
    3    1 1.4400000000000D+02 6.3174089400000D+12
   0.76234    1.1229    1.1762    1.1624    1.1425    1.1143    1.0776    1.0258
   0.90899   0.50712
    9    0 1.4400000000000D+02 2.9170000000000D+02
   10    0 1.4400000000000D+02 1.5800000000000D+01
*---+----+-------------------+-------------------+---------+---------------------
*   1: printout of the result at time [hours]
*---+----+-------------------+-------------------+---------+---------------------
    1    0 1.4400000000000D+03
*---+----+-------------------+-------------------+---------+---------------------
    2    1 1.4400000000000D+03 1.5145300000000D+01
   0.81114    1.1323    1.1477    1.1277    1.1069    1.0861    1.0634    1.0323
   0.94267   0.54974
    3    1 1.4400000000000D+03 6.4579559200000D+12
   0.81114    1.1323    1.1477    1.1277    1.1069    1.0861    1.0634    1.0323
   0.94267   0.54974
    9    0 1.4400000000000D+03 2.9170000000000D+02
   10    0 1.4400000000000D+03 1.5800000000000D+01
*---+----+-------------------+-------------------+---------+---------------------
*   1: printout of the result at time [hours]
*---+----+-------------------+-------------------+---------+---------------------
    1    0 3.0456000000000D+03
*---+----+-------------------+-------------------+---------+---------------------
    2    1 3.0456000000000D+03 1.5641200000000D+01
   0.84233    1.1114    1.0988    1.0737     1.056    1.0445    1.0401    1.0451
    1.0279   0.66012
    3    1 3.0456000000000D+03 6.6099711200000D+12
   0.84233    1.1114    1.0988    1.0737     1.056    1.0445    1.0401    1.0451
    1.0279   0.66012
    9    0 3.0456000000000D+03 2.9170000000000D+02
   10    0 3.0456000000000D+03 1.5800000000000D+01
*---+----+-------------------+-------------------+---------+---------------------
*   1: printout of the result at time [hours]
*---+----+-------------------+-------------------+---------+---------------------
    1    0 4.9008000000000D+03
*---+----+-------------------+-------------------+---------+---------------------
    2    1 4.9008000000000D+03 1.2192700000000D+01
   0.68918   0.89111   0.91301   0.94524   0.99297    1.0502    1.1183    1.2043
    1.2918   0.90382
    3    1 4.9008000000000D+03 4.8965883200000D+12
   0.68918   0.89111   0.91301   0.94524   0.99297    1.0502    1.1183    1.2043
    1.2918   0.90382
    9    0 4.9008000000000D+03 2.7330000000000D+02
   10    0 4.9008000000000D+03 1.5800000000000D+01
*---+----+-------------------+-------------------+---------+---------------------
*   1: printout of the result at time [hours]
*---+----+-------------------+-------------------+---------+---------------------
    1    0 4.9046000000000D+03
*---+----+-------------------+-------------------+---------+---------------------
    2    1 4.9046000000000D+03 7.2612000000000D+00
   0.53793   0.72316   0.77976   0.85385   0.94971    1.0624    1.1928    1.3455
    1.4941    1.0608
    3    1 4.9046000000000D+03 2.9313464400000D+12
   0.53793   0.72316   0.77976   0.85385   0.94971    1.0624    1.1928    1.3455
    1.4941    1.0608
    9    0 4.9046000000000D+03 2.8340000000000D+02
   10    0 4.9046000000000D+03 1.5800000000000D+01
*---+----+-------------------+-------------------+---------+---------------------
*   1: printout of the result at time [hours]
*---+----+-------------------+-------------------+---------+---------------------
    1    0 4.9066000000000D+03
*---+----+-------------------+-------------------+---------+---------------------
    2    1 4.9066000000000D+03 1.8236800000000D+01
   0.75885    1.1138    1.1948    1.2112    1.1848    1.1373    1.0712   0.98608
   0.85245    0.4895
    3    1 4.9066000000000D+03 9.6563856000000D+12
   0.75885    1.1138    1.1948    1.2112    1.1848    1.1373    1.0712   0.98608
   0.85245    0.4895
    9    0 4.9066000000000D+03 2.9170000000000D+02
   10    0 4.9066000000000D+03 1.5800000000000D+01
*---+----+-------------------+-------------------+---------+---------------------
*   1: printout of the result at time [hours]
*---+----+-------------------+-------------------+---------+---------------------
    1    0 5.0496000000000D+03
*---+----+-------------------+-------------------+---------+---------------------
    2    1 5.0496000000000D+03 1.8420700000000D+01
   0.86191    1.1935    1.2279    1.1916     1.143     1.085    1.0212   0.94828
   0.83422   0.49347
    3    1 5.0496000000000D+03 9.7721813500000D+12
   0.86191    1.1935    1.2279    1.1916     1.143     1.085    1.0212   0.94828
   0.83422   0.49347
    9    0 5.0496000000000D+03 2.9170000000000D+02
   10    0 5.0496000000000D+03 1.5800000000000D+01
*---+----+-------------------+-------------------+---------+---------------------
*   1: printout of the result at time [hours]
*---+----+-------------------+-------------------+---------+---------------------
    1    0 6.4656000000000D+03
*---+----+-------------------+-------------------+---------+---------------------
    2    1 6.4656000000000D+03 1.8378200000000D+01
   0.86662    1.1393    1.1467    1.1238    1.0965    1.0674    1.0372    1.0028
   0.93339   0.58618
    3    1 6.4656000000000D+03 9.6926626800000D+12
   0.86662    1.1393    1.1467    1.1238    1.0965    1.0674    1.0372    1.0028
   0.93339   0.58618
    9    0 6.4656000000000D+03 2.9170000000000D+02
   10    0 6.4656000000000D+03 1.5800000000000D+01
*---+----+-------------------+-------------------+---------+---------------------
*   1: printout of the result at time [hours]
*---+----+-------------------+-------------------+---------+---------------------
    1    0 7.2912000000000D+03
*---+----+-------------------+-------------------+---------+---------------------
    2    1 7.2912000000000D+03 1.8475200000000D+01
   0.88335    1.1329    1.1242    1.0986    1.0736    1.0502    1.0292    1.0097
   0.96643   0.63182
    3    1 7.2912000000000D+03 9.7105651200000D+12
   0.88335    1.1329    1.1242    1.0986    1.0736    1.0502    1.0292    1.0097
   0.96643   0.63182
    9    0 7.2912000000000D+03 2.9170000000000D+02
   10    0 7.2912000000000D+03 1.5800000000000D+01
*---+----+-------------------+-------------------+---------+---------------------
*   1: printout of the result at time [hours]
*---+----+-------------------+-------------------+---------+---------------------
    1    0 7.9286000000000D+03
*---+----+-------------------+-------------------+---------+---------------------
    2    1 7.9286000000000D+03 1.7832700000000D+01
   0.79068    1.0091    1.0256    1.0357    1.0503    1.0666    1.0841    1.1022
    1.0941   0.74162
    3    1 7.9286000000000D+03 9.1446085600000D+12
   0.79068    1.0091    1.0256    1.0357    1.0503    1.0666    1.0841    1.1022
    1.0941   0.74162
    9    0 7.9286000000000D+03 2.8320000000000D+02
   10    0 7.9286000000000D+03 1.5800000000000D+01
*---+----+-------------------+-------------------+---------+---------------------
*   1: printout of the result at time [hours]
*---+----+-------------------+-------------------+---------+---------------------
    1    0 7.9306000000000D+03
*---+----+-------------------+-------------------+---------+---------------------
    2    1 7.9306000000000D+03 2.6187100000000D+01
   0.53473   0.80452   0.94883     1.065    1.1572    1.2205    1.2511    1.2229
    1.1118   0.68343
    3    1 7.9306000000000D+03 1.2821204160000D+13
   0.53473   0.80452   0.94883     1.065    1.1572    1.2205    1.2511    1.2229
    1.1118   0.68343
    9    0 7.9306000000000D+03 2.9170000000000D+02
   10    0 7.9306000000000D+03 1.5800000000000D+01
*---+----+-------------------+-------------------+---------+---------------------
*   1: printout of the result at time [hours]
*---+----+-------------------+-------------------+---------+---------------------
    1    0 8.0736000000000D+03
*---+----+-------------------+-------------------+---------+---------------------
    2    1 8.0736000000000D+03 2.5989600000000D+01
   0.70882   0.98743    1.0711    1.1126    1.1331    1.1492    1.1269    1.0903
   0.99528   0.62529
    3    1 8.0736000000000D+03 1.2734904000000D+13
   0.70882   0.98743    1.0711    1.1126    1.1331    1.1492    1.1269    1.0903
   0.99528   0.62529
    9    0 8.0736000000000D+03 2.9170000000000D+02
   10    0 8.0736000000000D+03 1.5800000000000D+01
*---+----+-------------------+-------------------+---------+---------------------
*   1: printout of the result at time [hours]
*---+----+-------------------+-------------------+---------+---------------------
    1    0 1.2969600000000D+04
*---+----+-------------------+-------------------+---------+---------------------
    2    1 1.2969600000000D+04 2.3974100000000D+01
   0.86731    1.1139     1.137    1.1125     1.089    1.0657    1.0423    1.0118
   0.93964   0.62079
    3    1 1.2969600000000D+04 1.2490506100000D+13
   0.86731    1.1139     1.137    1.1125     1.089    1.0657    1.0423    1.0118
   0.93964   0.62079
    9    0 1.2969600000000D+04 2.9170000000000D+02
   10    0 1.2969600000000D+04 1.5800000000000D+01
*---+----+-------------------+-------------------+---------+---------------------
*   1: printout of the result at time [hours]
*---+----+-------------------+-------------------+---------+---------------------
    1    0 1.5621600000000D+04
*---+----+-------------------+-------------------+---------+---------------------
    2    1 1.5621600000000D+04 2.3184500000000D+01
   0.87998    1.0612    1.0476    1.0327    1.0292    1.0343    1.0471    1.0653
    1.0579   0.74472
    3    1 1.5621600000000D+04 1.2301695700000D+13
   0.87998    1.0612    1.0476    1.0327    1.0292    1.0343    1.0471    1.0653
    1.0579   0.74472
    9    0 1.5621600000000D+04 2.9170000000000D+02
   10    0 1.5621600000000D+04 1.5800000000000D+01
*---+----+-------------------+-------------------+---------+---------------------
*   1: printout of the result at time [hours]
*---+----+-------------------+-------------------+---------+---------------------
    1    0 1.6407800000000D+04
*---+----+-------------------+-------------------+---------+---------------------
    2    1 1.6407800000000D+04 2.1609300000000D+01
   0.77319   0.92872   0.93761   0.95852   0.99462    1.0408    1.0963    1.1619
    1.2182   0.89022
    3    1 1.6407800000000D+04 1.1191456470000D+13
   0.77319   0.92872   0.93761   0.95852   0.99462    1.0408    1.0963    1.1619
    1.2182   0.89022
    9    0 1.6407800000000D+04 2.8120000000000D+02
   10    0 1.6407800000000D+04 1.5800000000000D+01
*---+----+-------------------+-------------------+---------+---------------------
*   1: printout of the result at time [hours]
*---+----+-------------------+-------------------+---------+---------------------
    1    0 1.6409800000000D+04
*---+----+-------------------+-------------------+---------+---------------------
    2    1 1.6409800000000D+04 1.8894800000000D+01
    0.4352   0.60493   0.71898   0.84933   0.98985    1.1312    1.2642    1.3785
    1.4579      1.17
    3    1 1.6409800000000D+04 1.0805936120000D+13
    0.4352   0.60493   0.71898   0.84933   0.98985    1.1312    1.2642    1.3785
    1.4579      1.17
    9    0 1.6409800000000D+04 2.9170000000000D+02
   10    0 1.6409800000000D+04 1.5800000000000D+01
*---+----+-------------------+-------------------+---------+---------------------
*   1: printout of the result at time [hours]
*---+----+-------------------+-------------------+---------+---------------------
    1    0 1.6552800000000D+04
*---+----+-------------------+-------------------+---------+---------------------
    2    1 1.6552800000000D+04 1.9121300000000D+01
   0.63955   0.82348   0.89068   0.95585    1.0215    1.0856    1.1468    1.2024
    1.2368   0.99732
    3    1 1.6552800000000D+04 1.0937383600000D+13
   0.63955   0.82348   0.89068   0.95585    1.0215    1.0856    1.1468    1.2024
    1.2368   0.99732
    9    0 1.6552800000000D+04 2.9170000000000D+02
   10    0 1.6552800000000D+04 1.5800000000000D+01
*---+----+-------------------+-------------------+---------+---------------------
*   1: printout of the result at time [hours]
*---+----+-------------------+-------------------+---------+---------------------
    1    0 2.1808800000000D+04
*---+----+-------------------+-------------------+---------+---------------------
    2    1 2.1808800000000D+04 1.9087900000000D+01
   0.90047    1.0652    1.0601    1.0491    1.0385    1.0293    1.0226    1.0181
    1.0015   0.81512
    3    1 2.1808800000000D+04 1.1141607230000D+13
   0.90047    1.0652    1.0601    1.0491    1.0385    1.0293    1.0226    1.0181
    1.0015   0.81512
    9    0 2.1808800000000D+04 2.9170000000000D+02
   10    0 2.1808800000000D+04 1.5800000000000D+01
*---+----+-------------------+-------------------+---------+---------------------
*   1: printout of the result at time [hours]
*---+----+-------------------+-------------------+---------+---------------------
    1    0 2.3690400000000D+04
*---+----+-------------------+-------------------+---------+---------------------
    2    1 2.3690400000000D+04 1.8852700000000D+01
   0.90199     1.028    1.0139    1.0055    1.0052    1.0101     1.021    1.0412
     1.075   0.89807
    3    1 2.3690400000000D+04 1.1038255850000D+13
   0.90199     1.028    1.0139    1.0055    1.0052    1.0101     1.021    1.0412
     1.075   0.89807
    9    0 2.3690400000000D+04 2.9170000000000D+02
   10    0 2.3690400000000D+04 1.5800000000000D+01
*---+----+-------------------+-------------------+---------+---------------------
*   1: printout of the result at time [hours]
*---+----+-------------------+-------------------+---------+---------------------
    1    0 2.4426200000000D+04
*---+----+-------------------+-------------------+---------+---------------------
    2    1 2.4426200000000D+04 1.7358300000000D+01
   0.79432   0.90245   0.90879   0.93293   0.96997    1.0146    1.0672    1.1334
    1.2086    1.0678
    3    1 2.4426200000000D+04 9.8820801900000D+12
   0.79432   0.90245   0.90879   0.93293   0.96997    1.0146    1.0672    1.1334
    1.2086    1.0678
    9    0 2.4426200000000D+04 2.8110000000000D+02
   10    0 2.4426200000000D+04 1.5800000000000D+01
*---+----+-------------------+-------------------+---------+---------------------
*   1: printout of the result at time [hours]
*---+----+-------------------+-------------------+---------+---------------------
    1    0 2.4428200000000D+04
*---+----+-------------------+-------------------+---------+---------------------
    2    1 2.4428200000000D+04 1.7314500000000D+01
   0.48809   0.68313   0.81273   0.94187    1.0656    1.1751    1.2606    1.3172
    1.2828   0.97288
    3    1 2.4428200000000D+04 1.0932375300000D+13
   0.48809   0.68313   0.81273   0.94187    1.0656    1.1751    1.2606    1.3172
    1.2828   0.97288
    9    0 2.4428200000000D+04 2.9170000000000D+02
   10    0 2.4428200000000D+04 1.5800000000000D+01
*---+----+-------------------+-------------------+---------+---------------------
*   1: printout of the result at time [hours]
*---+----+-------------------+-------------------+---------+---------------------
    1    0 2.4571200000000D+04
*---+----+-------------------+-------------------+---------+---------------------
    2    1 2.4571200000000D+04 1.7093000000000D+01
   0.68777   0.89007   0.96542    1.0224    1.0692     1.107    1.1348    1.1541
    1.1147    0.8545
    3    1 2.4571200000000D+04 1.0772008600000D+13
   0.68777   0.89007   0.96542    1.0224    1.0692     1.107    1.1348    1.1541
    1.1147    0.8545
    9    0 2.4571200000000D+04 2.9170000000000D+02
   10    0 2.4571200000000D+04 1.5800000000000D+01
*---+----+-------------------+-------------------+---------+---------------------
*   1: printout of the result at time [hours]
*---+----+-------------------+-------------------+---------+---------------------
    1    0 2.8027200000000D+04
*---+----+-------------------+-------------------+---------+---------------------
    2    1 2.8027200000000D+04 1.7419400000000D+01
   0.87758    1.0457    1.0535    1.0472    1.0409     1.037    1.0364    1.0371
    1.0159    0.8087
    3    1 2.8027200000000D+04 1.1137964360000D+13
   0.87758    1.0457    1.0535    1.0472    1.0409     1.037    1.0364    1.0371
    1.0159    0.8087
    9    0 2.8027200000000D+04 2.9170000000000D+02
   10    0 2.8027200000000D+04 1.5800000000000D+01
*---+----+-------------------+-------------------+---------+---------------------
*   1: printout of the result at time [hours]
*---+----+-------------------+-------------------+---------+---------------------
    1    0 3.0187200000000D+04
*---+----+-------------------+-------------------+---------+---------------------
    2    1 3.0187200000000D+04 1.7807400000000D+01
   0.91855    1.0807    1.0738     1.058     1.043    1.0297    1.0187    1.0094
   0.98111   0.78709
    3    1 3.0187200000000D+04 1.1459061900000D+13
   0.91855    1.0807    1.0738     1.058     1.043    1.0297    1.0187    1.0094
   0.98111   0.78709
    9    0 3.0187200000000D+04 2.9170000000000D+02
   10    0 3.0187200000000D+04 1.5800000000000D+01
*---+----+-------------------+-------------------+---------+---------------------
*   1: printout of the result at time [hours]
*---+----+-------------------+-------------------+---------+---------------------
    1    0 3.1490400000000D+04
*---+----+-------------------+-------------------+---------+---------------------
    2    1 3.1490400000000D+04 1.7807200000000D+01
   0.89834    1.0255     1.016    1.0109    1.0141     1.021    1.0312     1.047
    1.0603   0.87566
    3    1 3.1490400000000D+04 1.1455371760000D+13
   0.89834    1.0255     1.016    1.0109    1.0141     1.021    1.0312     1.047
    1.0603   0.87566
    9    0 3.1490400000000D+04 2.9170000000000D+02
   10    0 3.1490400000000D+04 1.5800000000000D+01
*---+----+-------------------+-------------------+---------+---------------------
*   1: printout of the result at time [hours]
*---+----+-------------------+-------------------+---------+---------------------
    1    0 3.1911800000000D+04
*---+----+-------------------+-------------------+---------+---------------------
    2    1 3.1911800000000D+04 1.6848000000000D+01
   0.80425    0.9207   0.93026   0.95341   0.98831    1.0285    1.0729    1.1245
    1.1844   0.99282
    3    1 3.1911800000000D+04 1.0674892800000D+13
   0.80425    0.9207   0.93026   0.95341   0.98831    1.0285    1.0729    1.1245
    1.1844   0.99282
    9    0 3.1911800000000D+04 2.8640000000000D+02
   10    0 3.1911800000000D+04 1.5800000000000D+01
*---+----+-------------------+-------------------+---------+---------------------
*   1: printout of the result at time [hours]
*---+----+-------------------+-------------------+---------+---------------------
    1    0 3.1913800000000D+04
*---+----+-------------------+-------------------+---------+---------------------
    2    1 3.1913800000000D+04 6.1082000000000D+00
   0.48623   0.70152   0.84591   0.97574    1.0928    1.1904    1.2575     1.286
     1.222   0.94201
    3    1 3.1913800000000D+04 3.9917087000000D+12
   0.48623   0.70152   0.84591   0.97574    1.0928    1.1904    1.2575     1.286
     1.222   0.94201
    9    0 3.1913800000000D+04 2.9170000000000D+02
   10    0 3.1913800000000D+04 1.5800000000000D+01
*---+----+-------------------+-------------------+---------+---------------------
*   1: printout of the result at time [hours]
*---+----+-------------------+-------------------+---------+---------------------
    1    0 3.2056800000000D+04
*---+----+-------------------+-------------------+---------+---------------------
    2    1 3.2056800000000D+04 6.2336000000000D+00
   0.67489   0.89756   0.98787    1.0447    1.0859    1.1157    1.1372    1.1274
    1.0785   0.85023
    3    1 3.2056800000000D+04 4.0113216000000D+12
   0.67489   0.89756   0.98787    1.0447    1.0859    1.1157    1.1372    1.1274
    1.0785   0.85023
    9    0 3.2056800000000D+04 2.9170000000000D+02
   10    0 3.2056800000000D+04 1.5800000000000D+01
*---+----+-------------------+-------------------+---------+---------------------
*   1: printout of the result at time [hours]
*---+----+-------------------+-------------------+---------+---------------------
    1    0 3.5512800000000D+04
*---+----+-------------------+-------------------+---------+---------------------
    2    1 3.5512800000000D+04 6.6458000000000D+00
   0.83225    1.0298    1.0635    1.0544    1.0489    1.0452    1.0437    1.0401
    1.0133   0.82894
    3    1 3.5512800000000D+04 4.2340391800000D+12
   0.83225    1.0298    1.0635    1.0544    1.0489    1.0452    1.0437    1.0401
    1.0133   0.82894
    9    0 3.5512800000000D+04 2.9170000000000D+02
   10    0 3.5512800000000D+04 1.5800000000000D+01
*---+----+-------------------+-------------------+---------+---------------------
*   1: printout of the result at time [hours]
*---+----+-------------------+-------------------+---------+---------------------
    1    0 3.7312800000000D+04
*---+----+-------------------+-------------------+---------+---------------------
    2    1 3.7312800000000D+04 6.8642000000000D+00
   0.86303    1.0585    1.0839    1.0651    1.0507     1.038    1.0278    1.0167
    0.9854   0.81087
    3    1 3.7312800000000D+04 4.3436657600000D+12
   0.86303    1.0585    1.0839    1.0651    1.0507     1.038    1.0278    1.0167
    0.9854   0.81087
    9    0 3.7312800000000D+04 2.9170000000000D+02
   10    0 3.7312800000000D+04 1.5800000000000D+01
*---+----+-------------------+-------------------+---------+---------------------
*   1: printout of the result at time [hours]
*---+----+-------------------+-------------------+---------+---------------------
    1    0 3.9067200000000D+04
*---+----+-------------------+-------------------+---------+---------------------
    2    1 3.9067200000000D+04 7.1861000000000D+00
   0.83481   0.99108   0.99553   0.99748    1.0089    1.0264    1.0491    1.0764
    1.0931   0.92721
    3    1 3.9067200000000D+04 4.4826891800000D+12
   0.83481   0.99108   0.99553   0.99748    1.0089    1.0264    1.0491    1.0764
    1.0931   0.92721
    9    0 3.9067200000000D+04 2.9170000000000D+02
   10    0 3.9067200000000D+04 1.5800000000000D+01
*---+----+-------------------+-------------------+---------+---------------------
*   1: printout of the result at time [hours]
*---+----+-------------------+-------------------+---------+---------------------
    1    0 4.0010400000000D+04
*---+----+-------------------+-------------------+---------+---------------------
    2    1 4.0010400000000D+04 6.3026000000000D+00
   0.71304   0.84362   0.86774   0.90566    0.9596    1.0243    1.0994    1.1876
    1.2692    1.1299
    3    1 4.0010400000000D+04 3.8294597600000D+12
   0.71304   0.84362   0.86774   0.90566    0.9596    1.0243    1.0994    1.1876
    1.2692    1.1299
    9    0 4.0010400000000D+04 2.8120000000000D+02
   10    0 4.0010400000000D+04 1.5800000000000D+01
* data point #1264 end
*  00:  last line of data set (finishing the program)
*---+----+-------------------+-------------------+---------+---------------------
00000    0 4.0010400000000D+04
*---+----+-------------------+-------------------+---------+---------------------
