* data point #1902 begin
*
*---+----+-------------------+-------------------+---------+---------------------
*   1: printout of the result at time [hours]
*---+----+-------------------+-------------------+---------+---------------------
    1    0 0.0000000000000D+00
*---+----+-------------------+-------------------+---------+---------------------
    2    1 0.0000000000000D+00 2.4443800000000D+01
   0.51592   0.72554    0.8623   0.98499    1.0984    1.1956    1.2666    1.3011
     1.226    0.8236
    3    1 0.0000000000000D+00 1.1723246480000D+13
   0.51592   0.72554    0.8623   0.98499    1.0984    1.1956    1.2666    1.3011
     1.226    0.8236
    9    0 0.0000000000000D+00 2.9170000000000D+02
   10    0 0.0000000000000D+00 1.5800000000000D+01
*---+----+-------------------+-------------------+---------+---------------------
*   1: printout of the result at time [hours]
*---+----+-------------------+-------------------+---------+---------------------
    1    0 1.4400000000000D+02
*---+----+-------------------+-------------------+---------+---------------------
    2    1 1.4400000000000D+02 2.4232900000000D+01
   0.72769   0.94203    1.0191    1.0629    1.0945    1.1176    1.1344    1.1242
    1.0573   0.72026
    3    1 1.4400000000000D+02 1.1648755030000D+13
   0.72769   0.94203    1.0191    1.0629    1.0945    1.1176    1.1344    1.1242
    1.0573   0.72026
    9    0 1.4400000000000D+02 2.9170000000000D+02
   10    0 1.4400000000000D+02 1.5800000000000D+01
*---+----+-------------------+-------------------+---------+---------------------
*   1: printout of the result at time [hours]
*---+----+-------------------+-------------------+---------+---------------------
    1    0 5.4000000000000D+03
*---+----+-------------------+-------------------+---------+---------------------
    2    1 5.4000000000000D+03 2.5363700000000D+01
    0.8884    1.1534    1.1566    1.1239    1.0892    1.0565    1.0257   0.99173
   0.91592   0.59861
    3    1 5.4000000000000D+03 1.2433285740000D+13
    0.8884    1.1534    1.1566    1.1239    1.0892    1.0565    1.0257   0.99173
   0.91592   0.59861
    9    0 5.4000000000000D+03 2.9170000000000D+02
   10    0 5.4000000000000D+03 1.5800000000000D+01
*---+----+-------------------+-------------------+---------+---------------------
*   1: printout of the result at time [hours]
*---+----+-------------------+-------------------+---------+---------------------
    1    0 7.2816000000000D+03
*---+----+-------------------+-------------------+---------+---------------------
    2    1 7.2816000000000D+03 2.5085900000000D+01
   0.87647    1.1085    1.0889    1.0656    1.0505    1.0408    1.0362    1.0371
     1.014    0.6819
    3    1 7.2816000000000D+03 1.2382400240000D+13
   0.87647    1.1085    1.0889    1.0656    1.0505    1.0408    1.0362    1.0371
     1.014    0.6819
    9    0 7.2816000000000D+03 2.9170000000000D+02
   10    0 7.2816000000000D+03 1.5800000000000D+01
*---+----+-------------------+-------------------+---------+---------------------
*   1: printout of the result at time [hours]
*---+----+-------------------+-------------------+---------+---------------------
    1    0 8.0174000000000D+03
*---+----+-------------------+-------------------+---------+---------------------
    2    1 8.0174000000000D+03 2.3420300000000D+01
   0.77168    0.9707   0.97847   0.99273    1.0192     1.052    1.0908     1.138
    1.1686   0.81779
    3    1 8.0174000000000D+03 1.1248770090000D+13
   0.77168    0.9707   0.97847   0.99273    1.0192     1.052    1.0908     1.138
    1.1686   0.81779
    9    0 8.0174000000000D+03 2.8110000000000D+02
   10    0 8.0174000000000D+03 1.5800000000000D+01
*---+----+-------------------+-------------------+---------+---------------------
*   1: printout of the result at time [hours]
*---+----+-------------------+-------------------+---------+---------------------
    1    0 8.0194000000000D+03
*---+----+-------------------+-------------------+---------+---------------------
    2    1 8.0194000000000D+03 2.2107200000000D+01
   0.44614   0.70674   0.85443    0.9899     1.115    1.2203    1.2941    1.3257
    1.2353   0.81241
    3    1 8.0194000000000D+03 1.1679233760000D+13
   0.44614   0.70674   0.85443    0.9899     1.115    1.2203    1.2941    1.3257
    1.2353   0.81241
    9    0 8.0194000000000D+03 2.9170000000000D+02
   10    0 8.0194000000000D+03 1.5800000000000D+01
*---+----+-------------------+-------------------+---------+---------------------
*   1: printout of the result at time [hours]
*---+----+-------------------+-------------------+---------+---------------------
    1    0 8.1624000000000D+03
*---+----+-------------------+-------------------+---------+---------------------
    2    1 8.1624000000000D+03 2.2069600000000D+01
   0.63576   0.92716    1.0191    1.0754     1.116    1.1437    1.1606    1.1466
    1.0657   0.71003
    3    1 8.1624000000000D+03 1.1668197520000D+13
   0.63576   0.92716    1.0191    1.0754     1.116    1.1437    1.1606    1.1466
    1.0657   0.71003
    9    0 8.1624000000000D+03 2.9170000000000D+02
   10    0 8.1624000000000D+03 1.5800000000000D+01
*---+----+-------------------+-------------------+---------+---------------------
*   1: printout of the result at time [hours]
*---+----+-------------------+-------------------+---------+---------------------
    1    0 1.1618400000000D+04
*---+----+-------------------+-------------------+---------+---------------------
    2    1 1.1618400000000D+04 2.0944800000000D+01
   0.84436    1.0785    1.0837    1.0711    1.0595    1.0507    1.0449    1.0397
    1.0023   0.72519
    3    1 1.1618400000000D+04 1.1171956320000D+13
   0.84436    1.0785    1.0837    1.0711    1.0595    1.0507    1.0449    1.0397
    1.0023   0.72519
    9    0 1.1618400000000D+04 2.9170000000000D+02
   10    0 1.1618400000000D+04 1.5800000000000D+01
*---+----+-------------------+-------------------+---------+---------------------
*   1: printout of the result at time [hours]
*---+----+-------------------+-------------------+---------+---------------------
    1    0 1.3778400000000D+04
*---+----+-------------------+-------------------+---------+---------------------
    2    1 1.3778400000000D+04 2.0212500000000D+01
   0.89929    1.0939    1.0783    1.0604    1.0461    1.0343    1.0254    1.0199
   0.99419    0.7481
    3    1 1.3778400000000D+04 1.0823793750000D+13
   0.89929    1.0939    1.0783    1.0604    1.0461    1.0343    1.0254    1.0199
   0.99419    0.7481
    9    0 1.3778400000000D+04 2.9170000000000D+02
   10    0 1.3778400000000D+04 1.5800000000000D+01
*---+----+-------------------+-------------------+---------+---------------------
*   1: printout of the result at time [hours]
*---+----+-------------------+-------------------+---------+---------------------
    1    0 1.5081600000000D+04
*---+----+-------------------+-------------------+---------+---------------------
    2    1 1.5081600000000D+04 2.0071000000000D+01
   0.89418    1.0506    1.0326    1.0213    1.0188    1.0208    1.0273    1.0428
    1.0601   0.83145
    3    1 1.5081600000000D+04 1.0782141200000D+13
   0.89418    1.0506    1.0326    1.0213    1.0188    1.0208    1.0273    1.0428
    1.0601   0.83145
    9    0 1.5081600000000D+04 2.9170000000000D+02
   10    0 1.5081600000000D+04 1.5800000000000D+01
*---+----+-------------------+-------------------+---------+---------------------
*   1: printout of the result at time [hours]
*---+----+-------------------+-------------------+---------+---------------------
    1    0 1.5503000000000D+04
*---+----+-------------------+-------------------+---------+---------------------
    2    1 1.5503000000000D+04 1.8916200000000D+01
   0.80539   0.94834   0.95014     0.967   0.99581      1.03     1.069    1.1177
    1.1743   0.94231
    3    1 1.5503000000000D+04 9.9934284600000D+12
   0.80539   0.94834   0.95014     0.967   0.99581      1.03     1.069    1.1177
    1.1743   0.94231
    9    0 1.5503000000000D+04 2.8640000000000D+02
   10    0 1.5503000000000D+04 1.5800000000000D+01
*---+----+-------------------+-------------------+---------+---------------------
*   1: printout of the result at time [hours]
*---+----+-------------------+-------------------+---------+---------------------
    1    0 1.5505000000000D+04
*---+----+-------------------+-------------------+---------+---------------------
    2    1 1.5505000000000D+04 1.9779300000000D+01
   0.50755   0.72849   0.86403   0.99154    1.1074    1.2025    1.2661    1.2914
    1.2214   0.81964
    3    1 1.5505000000000D+04 1.1452214700000D+13
   0.50755   0.72849   0.86403   0.99154    1.1074    1.2025    1.2661    1.2914
    1.2214   0.81964
    9    0 1.5505000000000D+04 2.9170000000000D+02
   10    0 1.5505000000000D+04 1.5800000000000D+01
*---+----+-------------------+-------------------+---------+---------------------
*   1: printout of the result at time [hours]
*---+----+-------------------+-------------------+---------+---------------------
    1    0 1.5648000000000D+04
*---+----+-------------------+-------------------+---------+---------------------
    2    1 1.5648000000000D+04 1.9479400000000D+01
    0.7029   0.93309    1.0106    1.0624    1.1002    1.1258    1.1413    1.1282
    1.0687   0.72697
    3    1 1.5648000000000D+04 1.1251301440000D+13
    0.7029   0.93309    1.0106    1.0624    1.1002    1.1258    1.1413    1.1282
    1.0687   0.72697
    9    0 1.5648000000000D+04 2.9170000000000D+02
   10    0 1.5648000000000D+04 1.5800000000000D+01
*---+----+-------------------+-------------------+---------+---------------------
*   1: printout of the result at time [hours]
*---+----+-------------------+-------------------+---------+---------------------
    1    0 1.9104000000000D+04
*---+----+-------------------+-------------------+---------+---------------------
    2    1 1.9104000000000D+04 1.9669200000000D+01
   0.87482    1.0736    1.0903     1.074     1.062    1.0513    1.0423    1.0316
   0.99302   0.70699
    3    1 1.9104000000000D+04 1.1537952720000D+13
   0.87482    1.0736    1.0903     1.074     1.062    1.0513    1.0423    1.0316
   0.99302   0.70699
    9    0 1.9104000000000D+04 2.9170000000000D+02
   10    0 1.9104000000000D+04 1.5800000000000D+01
*---+----+-------------------+-------------------+---------+---------------------
*   1: printout of the result at time [hours]
*---+----+-------------------+-------------------+---------+---------------------
    1    0 2.0904000000000D+04
*---+----+-------------------+-------------------+---------+---------------------
    2    1 2.0904000000000D+04 1.9873300000000D+01
     0.907    1.1021    1.1036    1.0844    1.0636    1.0442    1.0266    1.0085
   0.96597   0.69395
    3    1 2.0904000000000D+04 1.1757044280000D+13
     0.907    1.1021    1.1036    1.0844    1.0636    1.0442    1.0266    1.0085
   0.96597   0.69395
    9    0 2.0904000000000D+04 2.9170000000000D+02
   10    0 2.0904000000000D+04 1.5800000000000D+01
*---+----+-------------------+-------------------+---------+---------------------
*   1: printout of the result at time [hours]
*---+----+-------------------+-------------------+---------+---------------------
    1    0 2.2658400000000D+04
*---+----+-------------------+-------------------+---------+---------------------
    2    1 2.2658400000000D+04 1.9759300000000D+01
   0.87908    1.0267    1.0176    1.0142    1.0208    1.0329     1.049    1.0698
    1.0808   0.80909
    3    1 2.2658400000000D+04 1.1729120480000D+13
   0.87908    1.0267    1.0176    1.0142    1.0208    1.0329     1.049    1.0698
    1.0808   0.80909
    9    0 2.2658400000000D+04 2.9170000000000D+02
   10    0 2.2658400000000D+04 1.5800000000000D+01
*---+----+-------------------+-------------------+---------+---------------------
*   1: printout of the result at time [hours]
*---+----+-------------------+-------------------+---------+---------------------
    1    0 2.3601600000000D+04
*---+----+-------------------+-------------------+---------+---------------------
    2    1 2.3601600000000D+04 1.7236900000000D+01
   0.74428   0.86628   0.88247   0.91907   0.97204    1.0347    1.1067    1.1917
    1.2724    1.0103
    3    1 2.3601600000000D+04 9.9405202300000D+12
   0.74428   0.86628   0.88247   0.91907   0.97204    1.0347    1.1067    1.1917
    1.2724    1.0103
    9    0 2.3601600000000D+04 2.8120000000000D+02
   10    0 2.3601600000000D+04 1.5800000000000D+01
* data point #1902 end
*  00:  last line of data set (finishing the program)
*---+----+-------------------+-------------------+---------+---------------------
00000    0 2.3601600000000D+04
*---+----+-------------------+-------------------+---------+---------------------
