* data point #1456 begin
*
*---+----+-------------------+-------------------+---------+---------------------
*   1: printout of the result at time [hours]
*---+----+-------------------+-------------------+---------+---------------------
    1    0 0.0000000000000D+00
*---+----+-------------------+-------------------+---------+---------------------
    2    1 0.0000000000000D+00 2.4567800000000D+01
   0.51458   0.72383   0.86068   0.98356    1.0974    1.1953    1.2673    1.3028
    1.2284    0.8262
    3    1 0.0000000000000D+00 1.1451051580000D+13
   0.51458   0.72383   0.86068   0.98356    1.0974    1.1953    1.2673    1.3028
    1.2284    0.8262
    9    0 0.0000000000000D+00 2.9170000000000D+02
   10    0 0.0000000000000D+00 1.5800000000000D+01
*---+----+-------------------+-------------------+---------+---------------------
*   1: printout of the result at time [hours]
*---+----+-------------------+-------------------+---------+---------------------
    1    0 1.4400000000000D+02
*---+----+-------------------+-------------------+---------+---------------------
    2    1 1.4400000000000D+02 2.4329900000000D+01
   0.72614   0.94024    1.0177    1.0618     1.094    1.1177    1.1352    1.1257
    1.0592   0.72232
    3    1 1.4400000000000D+02 1.1366929280000D+13
   0.72614   0.94024    1.0177    1.0618     1.094    1.1177    1.1352    1.1257
    1.0592   0.72232
    9    0 1.4400000000000D+02 2.9170000000000D+02
   10    0 1.4400000000000D+02 1.5800000000000D+01
*---+----+-------------------+-------------------+---------+---------------------
*   1: printout of the result at time [hours]
*---+----+-------------------+-------------------+---------+---------------------
    1    0 5.4000000000000D+03
*---+----+-------------------+-------------------+---------+---------------------
    2    1 5.4000000000000D+03 2.6742100000000D+01
   0.88793    1.1521     1.156    1.1236    1.0891    1.0566    1.0261   0.99233
   0.91657   0.59958
    3    1 5.4000000000000D+03 1.2301366000000D+13
   0.88793    1.1521     1.156    1.1236    1.0891    1.0566    1.0261   0.99233
   0.91657   0.59958
    9    0 5.4000000000000D+03 2.9170000000000D+02
   10    0 5.4000000000000D+03 1.5800000000000D+01
*---+----+-------------------+-------------------+---------+---------------------
*   1: printout of the result at time [hours]
*---+----+-------------------+-------------------+---------+---------------------
    1    0 7.2816000000000D+03
*---+----+-------------------+-------------------+---------+---------------------
    2    1 7.2816000000000D+03 2.6532100000000D+01
   0.87577    1.1089    1.0896    1.0662    1.0509    1.0411    1.0364    1.0369
    1.0132   0.68106
    3    1 7.2816000000000D+03 1.2300281560000D+13
   0.87577    1.1089    1.0896    1.0662    1.0509    1.0411    1.0364    1.0369
    1.0132   0.68106
    9    0 7.2816000000000D+03 2.9170000000000D+02
   10    0 7.2816000000000D+03 1.5800000000000D+01
*---+----+-------------------+-------------------+---------+---------------------
*   1: printout of the result at time [hours]
*---+----+-------------------+-------------------+---------+---------------------
    1    0 8.0174000000000D+03
*---+----+-------------------+-------------------+---------+---------------------
    2    1 8.0174000000000D+03 2.4809300000000D+01
   0.77128   0.97133   0.97927   0.99338    1.0196    1.0523    1.0909    1.1378
    1.1677   0.81647
    3    1 8.0174000000000D+03 1.1208841740000D+13
   0.77128   0.97133   0.97927   0.99338    1.0196    1.0523    1.0909    1.1378
    1.1677   0.81647
    9    0 8.0174000000000D+03 2.8110000000000D+02
   10    0 8.0174000000000D+03 1.5800000000000D+01
*---+----+-------------------+-------------------+---------+---------------------
*   1: printout of the result at time [hours]
*---+----+-------------------+-------------------+---------+---------------------
    1    0 8.0194000000000D+03
*---+----+-------------------+-------------------+---------+---------------------
    2    1 8.0194000000000D+03 2.5361400000000D+01
   0.44796   0.71053   0.85855   0.99332    1.1169      1.22    1.2913    1.3205
    1.2305   0.81033
    3    1 8.0194000000000D+03 1.2574182120000D+13
   0.44796   0.71053   0.85855   0.99332    1.1169      1.22    1.2913    1.3205
    1.2305   0.81033
    9    0 8.0194000000000D+03 2.9170000000000D+02
   10    0 8.0194000000000D+03 1.5800000000000D+01
*---+----+-------------------+-------------------+---------+---------------------
*   1: printout of the result at time [hours]
*---+----+-------------------+-------------------+---------+---------------------
    1    0 8.1624000000000D+03
*---+----+-------------------+-------------------+---------+---------------------
    2    1 8.1624000000000D+03 2.5340000000000D+01
   0.63749   0.93082    1.0228     1.078    1.1172    1.1431    1.1581    1.1425
    1.0618   0.70825
    3    1 8.1624000000000D+03 1.2583844000000D+13
   0.63749   0.93082    1.0228     1.078    1.1172    1.1431    1.1581    1.1425
    1.0618   0.70825
    9    0 8.1624000000000D+03 2.9170000000000D+02
   10    0 8.1624000000000D+03 1.5800000000000D+01
*---+----+-------------------+-------------------+---------+---------------------
*   1: printout of the result at time [hours]
*---+----+-------------------+-------------------+---------+---------------------
    1    0 1.1618400000000D+04
*---+----+-------------------+-------------------+---------+---------------------
    2    1 1.1618400000000D+04 2.3411800000000D+01
   0.84521    1.0803    1.0852     1.072    1.0599    1.0504    1.0439     1.038
    1.0006   0.72451
    3    1 1.1618400000000D+04 1.1876806140000D+13
   0.84521    1.0803    1.0852     1.072    1.0599    1.0504    1.0439     1.038
    1.0006   0.72451
    9    0 1.1618400000000D+04 2.9170000000000D+02
   10    0 1.1618400000000D+04 1.5800000000000D+01
*---+----+-------------------+-------------------+---------+---------------------
*   1: printout of the result at time [hours]
*---+----+-------------------+-------------------+---------+---------------------
    1    0 1.3778400000000D+04
*---+----+-------------------+-------------------+---------+---------------------
    2    1 1.3778400000000D+04 2.2205500000000D+01
   0.89978    1.0949    1.0791     1.061    1.0464    1.0342    1.0248    1.0188
   0.99322   0.74779
    3    1 1.3778400000000D+04 1.1409185900000D+13
   0.89978    1.0949    1.0791     1.061    1.0464    1.0342    1.0248    1.0188
   0.99322   0.74779
    9    0 1.3778400000000D+04 2.9170000000000D+02
   10    0 1.3778400000000D+04 1.5800000000000D+01
*---+----+-------------------+-------------------+---------+---------------------
*   1: printout of the result at time [hours]
*---+----+-------------------+-------------------+---------+---------------------
    1    0 1.5081600000000D+04
*---+----+-------------------+-------------------+---------+---------------------
    2    1 1.5081600000000D+04 2.1879900000000D+01
   0.89447    1.0513    1.0332    1.0217    1.0191    1.0208     1.027    1.0421
    1.0593   0.83108
    3    1 1.5081600000000D+04 1.1316284280000D+13
   0.89447    1.0513    1.0332    1.0217    1.0191    1.0208     1.027    1.0421
    1.0593   0.83108
    9    0 1.5081600000000D+04 2.9170000000000D+02
   10    0 1.5081600000000D+04 1.5800000000000D+01
*---+----+-------------------+-------------------+---------+---------------------
*   1: printout of the result at time [hours]
*---+----+-------------------+-------------------+---------+---------------------
    1    0 1.5503000000000D+04
*---+----+-------------------+-------------------+---------+---------------------
    2    1 1.5503000000000D+04 2.0570800000000D+01
   0.80566   0.94897   0.95067   0.96744   0.99612    1.0301    1.0687     1.117
    1.1734   0.94192
    3    1 1.5503000000000D+04 1.0478765520000D+13
   0.80566   0.94897   0.95067   0.96744   0.99612    1.0301    1.0687     1.117
    1.1734   0.94192
    9    0 1.5503000000000D+04 2.8640000000000D+02
   10    0 1.5503000000000D+04 1.5800000000000D+01
*---+----+-------------------+-------------------+---------+---------------------
*   1: printout of the result at time [hours]
*---+----+-------------------+-------------------+---------+---------------------
    1    0 1.5505000000000D+04
*---+----+-------------------+-------------------+---------+---------------------
    2    1 1.5505000000000D+04 1.6330000000000D+01
   0.50325   0.72119   0.85591   0.98389    1.1015    1.1993    1.2667    1.2974
    1.2347   0.83613
    3    1 1.5505000000000D+04 9.0745810000000D+12
   0.50325   0.72119   0.85591   0.98389    1.1015    1.1993    1.2667    1.2974
    1.2347   0.83613
    9    0 1.5505000000000D+04 2.9170000000000D+02
   10    0 1.5505000000000D+04 1.5800000000000D+01
*---+----+-------------------+-------------------+---------+---------------------
*   1: printout of the result at time [hours]
*---+----+-------------------+-------------------+---------+---------------------
    1    0 1.5648000000000D+04
*---+----+-------------------+-------------------+---------+---------------------
    2    1 1.5648000000000D+04 1.6438900000000D+01
   0.69895   0.92622    1.0034    1.0563     1.096     1.124    1.1424     1.133
    1.0794   0.74032
    3    1 1.5648000000000D+04 9.1038628200000D+12
   0.69895   0.92622    1.0034    1.0563     1.096     1.124    1.1424     1.133
    1.0794   0.74032
    9    0 1.5648000000000D+04 2.9170000000000D+02
   10    0 1.5648000000000D+04 1.5800000000000D+01
*---+----+-------------------+-------------------+---------+---------------------
*   1: printout of the result at time [hours]
*---+----+-------------------+-------------------+---------+---------------------
    1    0 1.9104000000000D+04
*---+----+-------------------+-------------------+---------+---------------------
    2    1 1.9104000000000D+04 1.6769900000000D+01
   0.87329    1.0705    1.0871    1.0714    1.0602    1.0504    1.0424    1.0332
   0.99756   0.71402
    3    1 1.9104000000000D+04 9.3492192500000D+12
   0.87329    1.0705    1.0871    1.0714    1.0602    1.0504    1.0424    1.0332
   0.99756   0.71402
    9    0 1.9104000000000D+04 2.9170000000000D+02
   10    0 1.9104000000000D+04 1.5800000000000D+01
*---+----+-------------------+-------------------+---------+---------------------
*   1: printout of the result at time [hours]
*---+----+-------------------+-------------------+---------+---------------------
    1    0 2.0904000000000D+04
*---+----+-------------------+-------------------+---------+---------------------
    2    1 2.0904000000000D+04 1.6822500000000D+01
   0.90623    1.1005     1.102     1.083    1.0624    1.0433    1.0262    1.0091
   0.96852   0.69871
    3    1 2.0904000000000D+04 9.4306935000000D+12
   0.90623    1.1005     1.102     1.083    1.0624    1.0433    1.0262    1.0091
   0.96852   0.69871
    9    0 2.0904000000000D+04 2.9170000000000D+02
   10    0 2.0904000000000D+04 1.5800000000000D+01
*---+----+-------------------+-------------------+---------+---------------------
*   1: printout of the result at time [hours]
*---+----+-------------------+-------------------+---------+---------------------
    1    0 2.2658400000000D+04
*---+----+-------------------+-------------------+---------+---------------------
    2    1 2.2658400000000D+04 1.6906800000000D+01
   0.87894    1.0264    1.0172    1.0136    1.0201    1.0321    1.0482    1.0693
    1.0817   0.81251
    3    1 2.2658400000000D+04 9.4864054800000D+12
   0.87894    1.0264    1.0172    1.0136    1.0201    1.0321    1.0482    1.0693
    1.0817   0.81251
    9    0 2.2658400000000D+04 2.9170000000000D+02
   10    0 2.2658400000000D+04 1.5800000000000D+01
*---+----+-------------------+-------------------+---------+---------------------
*   1: printout of the result at time [hours]
*---+----+-------------------+-------------------+---------+---------------------
    1    0 2.3601600000000D+04
*---+----+-------------------+-------------------+---------+---------------------
    2    1 2.3601600000000D+04 1.4575800000000D+01
   0.74418   0.86609   0.88215   0.91858    0.9714     1.034    1.1058    1.1909
     1.273    1.0139
    3    1 2.3601600000000D+04 7.9481837400000D+12
   0.74418   0.86609   0.88215   0.91858    0.9714     1.034    1.1058    1.1909
     1.273    1.0139
    9    0 2.3601600000000D+04 2.8120000000000D+02
   10    0 2.3601600000000D+04 1.5800000000000D+01
* data point #1456 end
*  00:  last line of data set (finishing the program)
*---+----+-------------------+-------------------+---------+---------------------
00000    0 2.3601600000000D+04
*---+----+-------------------+-------------------+---------+---------------------
