* data point #1413 begin
*
*---+----+-------------------+-------------------+---------+---------------------
*   1: printout of the result at time [hours]
*---+----+-------------------+-------------------+---------+---------------------
    1    0 0.0000000000000D+00
*---+----+-------------------+-------------------+---------+---------------------
    2    1 0.0000000000000D+00 2.4599200000000D+01
   0.51457   0.72384   0.86068   0.98357    1.0974    1.1953    1.2673    1.3028
    1.2283   0.82621
    3    1 0.0000000000000D+00 1.2287300400000D+13
   0.51457   0.72384   0.86068   0.98357    1.0974    1.1953    1.2673    1.3028
    1.2283   0.82621
    9    0 0.0000000000000D+00 2.9170000000000D+02
   10    0 0.0000000000000D+00 1.5800000000000D+01
*---+----+-------------------+-------------------+---------+---------------------
*   1: printout of the result at time [hours]
*---+----+-------------------+-------------------+---------+---------------------
    1    0 1.4400000000000D+02
*---+----+-------------------+-------------------+---------+---------------------
    2    1 1.4400000000000D+02 2.4211900000000D+01
   0.72613   0.94024    1.0177    1.0618     1.094    1.1177    1.1352    1.1257
    1.0592   0.72233
    3    1 1.4400000000000D+02 1.2132583090000D+13
   0.72613   0.94024    1.0177    1.0618     1.094    1.1177    1.1352    1.1257
    1.0592   0.72233
    9    0 1.4400000000000D+02 2.9170000000000D+02
   10    0 1.4400000000000D+02 1.5800000000000D+01
*---+----+-------------------+-------------------+---------+---------------------
*   1: printout of the result at time [hours]
*---+----+-------------------+-------------------+---------+---------------------
    1    0 5.4000000000000D+03
*---+----+-------------------+-------------------+---------+---------------------
    2    1 5.4000000000000D+03 2.5246400000000D+01
   0.88793    1.1521     1.156    1.1236    1.0891    1.0566    1.0261   0.99234
   0.91657   0.59961
    3    1 5.4000000000000D+03 1.3017043840000D+13
   0.88793    1.1521     1.156    1.1236    1.0891    1.0566    1.0261   0.99234
   0.91657   0.59961
    9    0 5.4000000000000D+03 2.9170000000000D+02
   10    0 5.4000000000000D+03 1.5800000000000D+01
*---+----+-------------------+-------------------+---------+---------------------
*   1: printout of the result at time [hours]
*---+----+-------------------+-------------------+---------+---------------------
    1    0 7.2816000000000D+03
*---+----+-------------------+-------------------+---------+---------------------
    2    1 7.2816000000000D+03 2.5126900000000D+01
   0.87575    1.1089    1.0896    1.0662    1.0509    1.0411    1.0363    1.0369
    1.0132   0.68106
    3    1 7.2816000000000D+03 1.2985581920000D+13
   0.87575    1.1089    1.0896    1.0662    1.0509    1.0411    1.0363    1.0369
    1.0132   0.68106
    9    0 7.2816000000000D+03 2.9170000000000D+02
   10    0 7.2816000000000D+03 1.5800000000000D+01
*---+----+-------------------+-------------------+---------+---------------------
*   1: printout of the result at time [hours]
*---+----+-------------------+-------------------+---------+---------------------
    1    0 8.0174000000000D+03
*---+----+-------------------+-------------------+---------+---------------------
    2    1 8.0174000000000D+03 2.3654400000000D+01
   0.77127   0.97132   0.97927   0.99339    1.0196    1.0523    1.0909    1.1378
    1.1677   0.81647
    3    1 8.0174000000000D+03 1.1881605120000D+13
   0.77127   0.97132   0.97927   0.99339    1.0196    1.0523    1.0909    1.1378
    1.1677   0.81647
    9    0 8.0174000000000D+03 2.8110000000000D+02
   10    0 8.0174000000000D+03 1.5800000000000D+01
*---+----+-------------------+-------------------+---------+---------------------
*   1: printout of the result at time [hours]
*---+----+-------------------+-------------------+---------+---------------------
    1    0 8.0194000000000D+03
*---+----+-------------------+-------------------+---------+---------------------
    2    1 8.0194000000000D+03 2.1873400000000D+01
   0.44794   0.71054   0.85853   0.99331    1.1169    1.2201    1.2913    1.3205
    1.2305   0.81034
    3    1 8.0194000000000D+03 1.1063565720000D+13
   0.44794   0.71054   0.85853   0.99331    1.1169    1.2201    1.2913    1.3205
    1.2305   0.81034
    9    0 8.0194000000000D+03 2.9170000000000D+02
   10    0 8.0194000000000D+03 1.5800000000000D+01
*---+----+-------------------+-------------------+---------+---------------------
*   1: printout of the result at time [hours]
*---+----+-------------------+-------------------+---------+---------------------
    1    0 8.1624000000000D+03
*---+----+-------------------+-------------------+---------+---------------------
    2    1 8.1624000000000D+03 2.1906800000000D+01
   0.63747   0.93085    1.0228     1.078    1.1172    1.1431    1.1581    1.1425
    1.0618   0.70823
    3    1 8.1624000000000D+03 1.1084840800000D+13
   0.63747   0.93085    1.0228     1.078    1.1172    1.1431    1.1581    1.1425
    1.0618   0.70823
    9    0 8.1624000000000D+03 2.9170000000000D+02
   10    0 8.1624000000000D+03 1.5800000000000D+01
*---+----+-------------------+-------------------+---------+---------------------
*   1: printout of the result at time [hours]
*---+----+-------------------+-------------------+---------+---------------------
    1    0 1.1618400000000D+04
*---+----+-------------------+-------------------+---------+---------------------
    2    1 1.1618400000000D+04 2.0660800000000D+01
   0.84522    1.0803    1.0851     1.072    1.0599    1.0504    1.0439     1.038
    1.0006   0.72451
    3    1 1.1618400000000D+04 1.0596924320000D+13
   0.84522    1.0803    1.0851     1.072    1.0599    1.0504    1.0439     1.038
    1.0006   0.72451
    9    0 1.1618400000000D+04 2.9170000000000D+02
   10    0 1.1618400000000D+04 1.5800000000000D+01
*---+----+-------------------+-------------------+---------+---------------------
*   1: printout of the result at time [hours]
*---+----+-------------------+-------------------+---------+---------------------
    1    0 1.3778400000000D+04
*---+----+-------------------+-------------------+---------+---------------------
    2    1 1.3778400000000D+04 1.9879000000000D+01
   0.89979    1.0949    1.0791    1.0609    1.0464    1.0342    1.0249    1.0189
   0.99321   0.74777
    3    1 1.3778400000000D+04 1.0259551900000D+13
   0.89979    1.0949    1.0791    1.0609    1.0464    1.0342    1.0249    1.0189
   0.99321   0.74777
    9    0 1.3778400000000D+04 2.9170000000000D+02
   10    0 1.3778400000000D+04 1.5800000000000D+01
*---+----+-------------------+-------------------+---------+---------------------
*   1: printout of the result at time [hours]
*---+----+-------------------+-------------------+---------+---------------------
    1    0 1.5081600000000D+04
*---+----+-------------------+-------------------+---------+---------------------
    2    1 1.5081600000000D+04 1.9783700000000D+01
   0.89447    1.0513    1.0332    1.0217    1.0191    1.0208     1.027     1.042
    1.0593   0.83109
    3    1 1.5081600000000D+04 1.0247956600000D+13
   0.89447    1.0513    1.0332    1.0217    1.0191    1.0208     1.027     1.042
    1.0593   0.83109
    9    0 1.5081600000000D+04 2.9170000000000D+02
   10    0 1.5081600000000D+04 1.5800000000000D+01
*---+----+-------------------+-------------------+---------+---------------------
*   1: printout of the result at time [hours]
*---+----+-------------------+-------------------+---------+---------------------
    1    0 1.5503000000000D+04
*---+----+-------------------+-------------------+---------+---------------------
    2    1 1.5503000000000D+04 1.8624200000000D+01
   0.80567   0.94893   0.95064   0.96745   0.99612    1.0301    1.0688     1.117
    1.1734   0.94189
    3    1 1.5503000000000D+04 9.4890299000000D+12
   0.80567   0.94893   0.95064   0.96745   0.99612    1.0301    1.0688     1.117
    1.1734   0.94189
    9    0 1.5503000000000D+04 2.8640000000000D+02
   10    0 1.5503000000000D+04 1.5800000000000D+01
*---+----+-------------------+-------------------+---------+---------------------
*   1: printout of the result at time [hours]
*---+----+-------------------+-------------------+---------+---------------------
    1    0 1.5505000000000D+04
*---+----+-------------------+-------------------+---------+---------------------
    2    1 1.5505000000000D+04 2.0213100000000D+01
   0.50329   0.72117   0.85588   0.98392    1.1015    1.1993    1.2667    1.2974
    1.2347   0.83614
    3    1 1.5505000000000D+04 1.1584127610000D+13
   0.50329   0.72117   0.85588   0.98392    1.1015    1.1993    1.2667    1.2974
    1.2347   0.83614
    9    0 1.5505000000000D+04 2.9170000000000D+02
   10    0 1.5505000000000D+04 1.5800000000000D+01
*---+----+-------------------+-------------------+---------+---------------------
*   1: printout of the result at time [hours]
*---+----+-------------------+-------------------+---------+---------------------
    1    0 1.5648000000000D+04
*---+----+-------------------+-------------------+---------+---------------------
    2    1 1.5648000000000D+04 2.0044500000000D+01
   0.69894   0.92624    1.0034    1.0563     1.096     1.124    1.1424     1.133
    1.0794    0.7403
    3    1 1.5648000000000D+04 1.1453427300000D+13
   0.69894   0.92624    1.0034    1.0563     1.096     1.124    1.1424     1.133
    1.0794    0.7403
    9    0 1.5648000000000D+04 2.9170000000000D+02
   10    0 1.5648000000000D+04 1.5800000000000D+01
*---+----+-------------------+-------------------+---------+---------------------
*   1: printout of the result at time [hours]
*---+----+-------------------+-------------------+---------+---------------------
    1    0 1.9104000000000D+04
*---+----+-------------------+-------------------+---------+---------------------
    2    1 1.9104000000000D+04 1.9899900000000D+01
   0.87332    1.0705    1.0871    1.0714    1.0602    1.0504    1.0424    1.0332
   0.99754   0.71402
    3    1 1.9104000000000D+04 1.1518062120000D+13
   0.87332    1.0705    1.0871    1.0714    1.0602    1.0504    1.0424    1.0332
   0.99754   0.71402
    9    0 1.9104000000000D+04 2.9170000000000D+02
   10    0 1.9104000000000D+04 1.5800000000000D+01
*---+----+-------------------+-------------------+---------+---------------------
*   1: printout of the result at time [hours]
*---+----+-------------------+-------------------+---------+---------------------
    1    0 2.0904000000000D+04
*---+----+-------------------+-------------------+---------+---------------------
    2    1 2.0904000000000D+04 1.9847700000000D+01
   0.90625    1.1005     1.102    1.0829    1.0624    1.0433    1.0262    1.0091
   0.96853   0.69872
    3    1 2.0904000000000D+04 1.1565254790000D+13
   0.90625    1.1005     1.102    1.0829    1.0624    1.0433    1.0262    1.0091
   0.96853   0.69872
    9    0 2.0904000000000D+04 2.9170000000000D+02
   10    0 2.0904000000000D+04 1.5800000000000D+01
*---+----+-------------------+-------------------+---------+---------------------
*   1: printout of the result at time [hours]
*---+----+-------------------+-------------------+---------+---------------------
    1    0 2.2658400000000D+04
*---+----+-------------------+-------------------+---------+---------------------
    2    1 2.2658400000000D+04 1.9708300000000D+01
   0.87897    1.0264    1.0171    1.0136    1.0201    1.0321    1.0482    1.0693
    1.0817    0.8125
    3    1 2.2658400000000D+04 1.1507676370000D+13
   0.87897    1.0264    1.0171    1.0136    1.0201    1.0321    1.0482    1.0693
    1.0817    0.8125
    9    0 2.2658400000000D+04 2.9170000000000D+02
   10    0 2.2658400000000D+04 1.5800000000000D+01
*---+----+-------------------+-------------------+---------+---------------------
*   1: printout of the result at time [hours]
*---+----+-------------------+-------------------+---------+---------------------
    1    0 2.3601600000000D+04
*---+----+-------------------+-------------------+---------+---------------------
    2    1 2.3601600000000D+04 1.7153600000000D+01
   0.74422   0.86612   0.88209   0.91858    0.9714     1.034    1.1058    1.1909
     1.273     1.014
    3    1 2.3601600000000D+04 9.7295219200000D+12
   0.74422   0.86612   0.88209   0.91858    0.9714     1.034    1.1058    1.1909
     1.273     1.014
    9    0 2.3601600000000D+04 2.8120000000000D+02
   10    0 2.3601600000000D+04 1.5800000000000D+01
* data point #1413 end
*  00:  last line of data set (finishing the program)
*---+----+-------------------+-------------------+---------+---------------------
00000    0 2.3601600000000D+04
*---+----+-------------------+-------------------+---------+---------------------
