* data point #1956 begin
*
*---+----+-------------------+-------------------+---------+---------------------
*   1: printout of the result at time [hours]
*---+----+-------------------+-------------------+---------+---------------------
    1    0 0.0000000000000D+00
*---+----+-------------------+-------------------+---------+---------------------
    2    1 0.0000000000000D+00 1.6557700000000D+01
   0.63215   0.99742    1.1026    1.1525    1.1793    1.1825    1.1605    1.1063
   0.96656   0.52012
    3    1 0.0000000000000D+00 7.0651705900000D+12
   0.63215   0.99742    1.1026    1.1525    1.1793    1.1825    1.1605    1.1063
   0.96656   0.52012
    9    0 0.0000000000000D+00 2.9170000000000D+02
   10    0 0.0000000000000D+00 1.5800000000000D+01
*---+----+-------------------+-------------------+---------+---------------------
*   1: printout of the result at time [hours]
*---+----+-------------------+-------------------+---------+---------------------
    1    0 1.4400000000000D+02
*---+----+-------------------+-------------------+---------+---------------------
    2    1 1.4400000000000D+02 1.7063500000000D+01
   0.76227    1.1229    1.1761    1.1624    1.1425    1.1143    1.0776    1.0259
   0.90896   0.50711
    3    1 1.4400000000000D+02 7.2741700500000D+12
   0.76227    1.1229    1.1761    1.1624    1.1425    1.1143    1.0776    1.0259
   0.90896   0.50711
    9    0 1.4400000000000D+02 2.9170000000000D+02
   10    0 1.4400000000000D+02 1.5800000000000D+01
*---+----+-------------------+-------------------+---------+---------------------
*   1: printout of the result at time [hours]
*---+----+-------------------+-------------------+---------+---------------------
    1    0 1.4400000000000D+03
*---+----+-------------------+-------------------+---------+---------------------
    2    1 1.4400000000000D+03 1.7318200000000D+01
   0.81111    1.1323    1.1478    1.1277    1.1069    1.0861    1.0634    1.0323
   0.94265   0.54971
    3    1 1.4400000000000D+03 7.3948714000000D+12
   0.81111    1.1323    1.1478    1.1277    1.1069    1.0861    1.0634    1.0323
   0.94265   0.54971
    9    0 1.4400000000000D+03 2.9170000000000D+02
   10    0 1.4400000000000D+03 1.5800000000000D+01
*---+----+-------------------+-------------------+---------+---------------------
*   1: printout of the result at time [hours]
*---+----+-------------------+-------------------+---------+---------------------
    1    0 3.0456000000000D+03
*---+----+-------------------+-------------------+---------+---------------------
    2    1 3.0456000000000D+03 1.7651700000000D+01
   0.84236    1.1115    1.0989    1.0737     1.056    1.0444    1.0402    1.0451
    1.0278   0.66005
    3    1 3.0456000000000D+03 7.5160938600000D+12
   0.84236    1.1115    1.0989    1.0737     1.056    1.0444    1.0402    1.0451
    1.0278   0.66005
    9    0 3.0456000000000D+03 2.9170000000000D+02
   10    0 3.0456000000000D+03 1.5800000000000D+01
*---+----+-------------------+-------------------+---------+---------------------
*   1: printout of the result at time [hours]
*---+----+-------------------+-------------------+---------+---------------------
    1    0 4.9008000000000D+03
*---+----+-------------------+-------------------+---------+---------------------
    2    1 4.9008000000000D+03 1.3643900000000D+01
   0.68917   0.89109   0.91308   0.94526   0.99297    1.0502    1.1183    1.2043
    1.2919   0.90377
    3    1 4.9008000000000D+03 5.5612536400000D+12
   0.68917   0.89109   0.91308   0.94526   0.99297    1.0502    1.1183    1.2043
    1.2919   0.90377
    9    0 4.9008000000000D+03 2.7330000000000D+02
   10    0 4.9008000000000D+03 1.5800000000000D+01
*---+----+-------------------+-------------------+---------+---------------------
*   1: printout of the result at time [hours]
*---+----+-------------------+-------------------+---------+---------------------
    1    0 4.9046000000000D+03
*---+----+-------------------+-------------------+---------+---------------------
    2    1 4.9046000000000D+03 8.1348000000000D+00
   0.53794   0.72319   0.77986   0.85386   0.94975    1.0623    1.1928    1.3455
    1.4941    1.0608
    3    1 4.9046000000000D+03 3.3238792800000D+12
   0.53794   0.72319   0.77986   0.85386   0.94975    1.0623    1.1928    1.3455
    1.4941    1.0608
    9    0 4.9046000000000D+03 2.8340000000000D+02
   10    0 4.9046000000000D+03 1.5800000000000D+01
*---+----+-------------------+-------------------+---------+---------------------
*   1: printout of the result at time [hours]
*---+----+-------------------+-------------------+---------+---------------------
    1    0 4.9066000000000D+03
*---+----+-------------------+-------------------+---------+---------------------
    2    1 4.9066000000000D+03 2.3052400000000D+01
   0.75892    1.1139    1.1948    1.2112    1.1848    1.1372    1.0711   0.98606
   0.85236   0.48949
    3    1 4.9066000000000D+03 1.0472705320000D+13
   0.75892    1.1139    1.1948    1.2112    1.1848    1.1372    1.0711   0.98606
   0.85236   0.48949
    9    0 4.9066000000000D+03 2.9170000000000D+02
   10    0 4.9066000000000D+03 1.5800000000000D+01
*---+----+-------------------+-------------------+---------+---------------------
*   1: printout of the result at time [hours]
*---+----+-------------------+-------------------+---------+---------------------
    1    0 5.0496000000000D+03
*---+----+-------------------+-------------------+---------+---------------------
    2    1 5.0496000000000D+03 2.3501700000000D+01
   0.86194    1.1935    1.2279    1.1916     1.143     1.085    1.0212   0.94827
   0.83419   0.49345
    3    1 5.0496000000000D+03 1.0679172480000D+13
   0.86194    1.1935    1.2279    1.1916     1.143     1.085    1.0212   0.94827
   0.83419   0.49345
    9    0 5.0496000000000D+03 2.9170000000000D+02
   10    0 5.0496000000000D+03 1.5800000000000D+01
*---+----+-------------------+-------------------+---------+---------------------
*   1: printout of the result at time [hours]
*---+----+-------------------+-------------------+---------+---------------------
    1    0 6.4656000000000D+03
*---+----+-------------------+-------------------+---------+---------------------
    2    1 6.4656000000000D+03 2.3262800000000D+01
   0.86662    1.1393    1.1467    1.1238    1.0965    1.0674    1.0372    1.0028
   0.93338   0.58621
    3    1 6.4656000000000D+03 1.0628773320000D+13
   0.86662    1.1393    1.1467    1.1238    1.0965    1.0674    1.0372    1.0028
   0.93338   0.58621
    9    0 6.4656000000000D+03 2.9170000000000D+02
   10    0 6.4656000000000D+03 1.5800000000000D+01
*---+----+-------------------+-------------------+---------+---------------------
*   1: printout of the result at time [hours]
*---+----+-------------------+-------------------+---------+---------------------
    1    0 7.2912000000000D+03
*---+----+-------------------+-------------------+---------+---------------------
    2    1 7.2912000000000D+03 2.3212800000000D+01
   0.88335    1.1329    1.1242    1.0986    1.0735    1.0502    1.0292    1.0097
   0.96645   0.63189
    3    1 7.2912000000000D+03 1.0615213440000D+13
   0.88335    1.1329    1.1242    1.0986    1.0735    1.0502    1.0292    1.0097
   0.96645   0.63189
    9    0 7.2912000000000D+03 2.9170000000000D+02
   10    0 7.2912000000000D+03 1.5800000000000D+01
*---+----+-------------------+-------------------+---------+---------------------
*   1: printout of the result at time [hours]
*---+----+-------------------+-------------------+---------+---------------------
    1    0 7.9286000000000D+03
*---+----+-------------------+-------------------+---------+---------------------
    2    1 7.9286000000000D+03 2.2112100000000D+01
   0.79065    1.0091    1.0256    1.0357    1.0503    1.0667    1.0841    1.1022
    1.0941   0.74163
    3    1 7.9286000000000D+03 9.9194880600000D+12
   0.79065    1.0091    1.0256    1.0357    1.0503    1.0667    1.0841    1.1022
    1.0941   0.74163
    9    0 7.9286000000000D+03 2.8320000000000D+02
   10    0 7.9286000000000D+03 1.5800000000000D+01
*---+----+-------------------+-------------------+---------+---------------------
*   1: printout of the result at time [hours]
*---+----+-------------------+-------------------+---------+---------------------
    1    0 7.9306000000000D+03
*---+----+-------------------+-------------------+---------+---------------------
    2    1 7.9306000000000D+03 2.3424900000000D+01
   0.53473   0.80449   0.94882     1.065    1.1571    1.2205    1.2511    1.2229
    1.1119    0.6835
    3    1 7.9306000000000D+03 1.2005261250000D+13
   0.53473   0.80449   0.94882     1.065    1.1571    1.2205    1.2511    1.2229
    1.1119    0.6835
    9    0 7.9306000000000D+03 2.9170000000000D+02
   10    0 7.9306000000000D+03 1.5800000000000D+01
*---+----+-------------------+-------------------+---------+---------------------
*   1: printout of the result at time [hours]
*---+----+-------------------+-------------------+---------+---------------------
    1    0 8.0736000000000D+03
*---+----+-------------------+-------------------+---------+---------------------
    2    1 8.0736000000000D+03 2.3279200000000D+01
   0.70883   0.98745     1.071    1.1125    1.1331    1.1492    1.1269    1.0903
   0.99531   0.62532
    3    1 8.0736000000000D+03 1.1900327040000D+13
   0.70883   0.98745     1.071    1.1125    1.1331    1.1492    1.1269    1.0903
   0.99531   0.62532
    9    0 8.0736000000000D+03 2.9170000000000D+02
   10    0 8.0736000000000D+03 1.5800000000000D+01
*---+----+-------------------+-------------------+---------+---------------------
*   1: printout of the result at time [hours]
*---+----+-------------------+-------------------+---------+---------------------
    1    0 1.2969600000000D+04
*---+----+-------------------+-------------------+---------+---------------------
    2    1 1.2969600000000D+04 2.2599600000000D+01
   0.86732    1.1139     1.137    1.1125     1.089    1.0657    1.0423    1.0118
   0.93962   0.62081
    3    1 1.2969600000000D+04 1.1864790000000D+13
   0.86732    1.1139     1.137    1.1125     1.089    1.0657    1.0423    1.0118
   0.93962   0.62081
    9    0 1.2969600000000D+04 2.9170000000000D+02
   10    0 1.2969600000000D+04 1.5800000000000D+01
*---+----+-------------------+-------------------+---------+---------------------
*   1: printout of the result at time [hours]
*---+----+-------------------+-------------------+---------+---------------------
    1    0 1.5621600000000D+04
*---+----+-------------------+-------------------+---------+---------------------
    2    1 1.5621600000000D+04 2.1953700000000D+01
   0.87999    1.0612    1.0476    1.0327    1.0292    1.0343    1.0471    1.0653
    1.0579    0.7447
    3    1 1.5621600000000D+04 1.1688149880000D+13
   0.87999    1.0612    1.0476    1.0327    1.0292    1.0343    1.0471    1.0653
    1.0579    0.7447
    9    0 1.5621600000000D+04 2.9170000000000D+02
   10    0 1.5621600000000D+04 1.5800000000000D+01
*---+----+-------------------+-------------------+---------+---------------------
*   1: printout of the result at time [hours]
*---+----+-------------------+-------------------+---------+---------------------
    1    0 1.6407800000000D+04
*---+----+-------------------+-------------------+---------+---------------------
    2    1 1.6407800000000D+04 2.0451500000000D+01
    0.7732   0.92868   0.93763   0.95851   0.99465    1.0408    1.0963    1.1619
    1.2182    0.8902
    3    1 1.6407800000000D+04 1.0626599400000D+13
    0.7732   0.92868   0.93763   0.95851   0.99465    1.0408    1.0963    1.1619
    1.2182    0.8902
    9    0 1.6407800000000D+04 2.8120000000000D+02
   10    0 1.6407800000000D+04 1.5800000000000D+01
*---+----+-------------------+-------------------+---------+---------------------
*   1: printout of the result at time [hours]
*---+----+-------------------+-------------------+---------+---------------------
    1    0 1.6409800000000D+04
*---+----+-------------------+-------------------+---------+---------------------
    2    1 1.6409800000000D+04 1.8866400000000D+01
   0.43527   0.60504   0.71906   0.84939   0.98996    1.1312    1.2642    1.3785
    1.4577    1.1698
    3    1 1.6409800000000D+04 1.1210414880000D+13
   0.43527   0.60504   0.71906   0.84939   0.98996    1.1312    1.2642    1.3785
    1.4577    1.1698
    9    0 1.6409800000000D+04 2.9170000000000D+02
   10    0 1.6409800000000D+04 1.5800000000000D+01
*---+----+-------------------+-------------------+---------+---------------------
*   1: printout of the result at time [hours]
*---+----+-------------------+-------------------+---------+---------------------
    1    0 1.6552800000000D+04
*---+----+-------------------+-------------------+---------+---------------------
    2    1 1.6552800000000D+04 1.8915300000000D+01
   0.63964   0.82362   0.89076   0.95589    1.0216    1.0856    1.1468    1.2024
    1.2366   0.99713
    3    1 1.6552800000000D+04 1.1241362790000D+13
   0.63964   0.82362   0.89076   0.95589    1.0216    1.0856    1.1468    1.2024
    1.2366   0.99713
    9    0 1.6552800000000D+04 2.9170000000000D+02
   10    0 1.6552800000000D+04 1.5800000000000D+01
*---+----+-------------------+-------------------+---------+---------------------
*   1: printout of the result at time [hours]
*---+----+-------------------+-------------------+---------+---------------------
    1    0 2.1808800000000D+04
*---+----+-------------------+-------------------+---------+---------------------
    2    1 2.1808800000000D+04 1.8695000000000D+01
   0.90051    1.0652    1.0601    1.0491    1.0385    1.0294    1.0226    1.0181
    1.0014   0.81508
    3    1 2.1808800000000D+04 1.1415167000000D+13
   0.90051    1.0652    1.0601    1.0491    1.0385    1.0294    1.0226    1.0181
    1.0014   0.81508
    9    0 2.1808800000000D+04 2.9170000000000D+02
   10    0 2.1808800000000D+04 1.5800000000000D+01
*---+----+-------------------+-------------------+---------+---------------------
*   1: printout of the result at time [hours]
*---+----+-------------------+-------------------+---------+---------------------
    1    0 2.3690400000000D+04
*---+----+-------------------+-------------------+---------+---------------------
    2    1 2.3690400000000D+04 1.8439000000000D+01
     0.902    1.0279    1.0139    1.0055    1.0052    1.0101     1.021    1.0412
    1.0751    0.8981
    3    1 2.3690400000000D+04 1.1310482600000D+13
     0.902    1.0279    1.0139    1.0055    1.0052    1.0101     1.021    1.0412
    1.0751    0.8981
    9    0 2.3690400000000D+04 2.9170000000000D+02
   10    0 2.3690400000000D+04 1.5800000000000D+01
*---+----+-------------------+-------------------+---------+---------------------
*   1: printout of the result at time [hours]
*---+----+-------------------+-------------------+---------+---------------------
    1    0 2.4426200000000D+04
*---+----+-------------------+-------------------+---------+---------------------
    2    1 2.4426200000000D+04 1.7095600000000D+01
    0.7943   0.90245   0.90877   0.93293   0.96996    1.0146    1.0672    1.1334
    1.2086    1.0678
    3    1 2.4426200000000D+04 1.0194106280000D+13
    0.7943   0.90245   0.90877   0.93293   0.96996    1.0146    1.0672    1.1334
    1.2086    1.0678
    9    0 2.4426200000000D+04 2.8110000000000D+02
   10    0 2.4426200000000D+04 1.5800000000000D+01
*---+----+-------------------+-------------------+---------+---------------------
*   1: printout of the result at time [hours]
*---+----+-------------------+-------------------+---------+---------------------
    1    0 2.4428200000000D+04
*---+----+-------------------+-------------------+---------+---------------------
    2    1 2.4428200000000D+04 1.4426800000000D+01
   0.48694   0.68165   0.81148   0.94089    1.0651    1.1752    1.2613    1.3185
    1.2845   0.97451
    3    1 2.4428200000000D+04 9.5505416000000D+12
   0.48694   0.68165   0.81148   0.94089    1.0651    1.1752    1.2613    1.3185
    1.2845   0.97451
    9    0 2.4428200000000D+04 2.9170000000000D+02
   10    0 2.4428200000000D+04 1.5800000000000D+01
*---+----+-------------------+-------------------+---------+---------------------
*   1: printout of the result at time [hours]
*---+----+-------------------+-------------------+---------+---------------------
    1    0 2.4571200000000D+04
*---+----+-------------------+-------------------+---------+---------------------
    2    1 2.4571200000000D+04 1.4603000000000D+01
   0.68691   0.88906   0.96466     1.022     1.069    1.1072    1.1352    1.1548
    1.1157   0.85544
    3    1 2.4571200000000D+04 9.6423609000000D+12
   0.68691   0.88906   0.96466     1.022     1.069    1.1072    1.1352    1.1548
    1.1157   0.85544
    9    0 2.4571200000000D+04 2.9170000000000D+02
   10    0 2.4571200000000D+04 1.5800000000000D+01
*---+----+-------------------+-------------------+---------+---------------------
*   1: printout of the result at time [hours]
*---+----+-------------------+-------------------+---------+---------------------
    1    0 2.8027200000000D+04
*---+----+-------------------+-------------------+---------+---------------------
    2    1 2.8027200000000D+04 1.4935000000000D+01
   0.87747    1.0455    1.0534    1.0471    1.0408     1.037    1.0365    1.0372
    1.0161   0.80891
    3    1 2.8027200000000D+04 9.8780090000000D+12
   0.87747    1.0455    1.0534    1.0471    1.0408     1.037    1.0365    1.0372
    1.0161   0.80891
    9    0 2.8027200000000D+04 2.9170000000000D+02
   10    0 2.8027200000000D+04 1.5800000000000D+01
*---+----+-------------------+-------------------+---------+---------------------
*   1: printout of the result at time [hours]
*---+----+-------------------+-------------------+---------+---------------------
    1    0 3.0187200000000D+04
*---+----+-------------------+-------------------+---------+---------------------
    2    1 3.0187200000000D+04 1.5039700000000D+01
    0.9187    1.0808    1.0739    1.0581     1.043    1.0296    1.0186    1.0092
     0.981   0.78705
    3    1 3.0187200000000D+04 9.9577853700000D+12
    0.9187    1.0808    1.0739    1.0581     1.043    1.0296    1.0186    1.0092
     0.981   0.78705
    9    0 3.0187200000000D+04 2.9170000000000D+02
   10    0 3.0187200000000D+04 1.5800000000000D+01
*---+----+-------------------+-------------------+---------+---------------------
*   1: printout of the result at time [hours]
*---+----+-------------------+-------------------+---------+---------------------
    1    0 3.1490400000000D+04
*---+----+-------------------+-------------------+---------+---------------------
    2    1 3.1490400000000D+04 1.5130600000000D+01
   0.89871     1.026    1.0164    1.0113    1.0142     1.021     1.031    1.0466
    1.0597   0.87518
    3    1 3.1490400000000D+04 9.9937613000000D+12
   0.89871     1.026    1.0164    1.0113    1.0142     1.021     1.031    1.0466
    1.0597   0.87518
    9    0 3.1490400000000D+04 2.9170000000000D+02
   10    0 3.1490400000000D+04 1.5800000000000D+01
*---+----+-------------------+-------------------+---------+---------------------
*   1: printout of the result at time [hours]
*---+----+-------------------+-------------------+---------+---------------------
    1    0 3.1911800000000D+04
*---+----+-------------------+-------------------+---------+---------------------
    2    1 3.1911800000000D+04 1.4219300000000D+01
   0.80454   0.92107   0.93064    0.9537   0.98852    1.0285    1.0728    1.1241
    1.1837   0.99231
    3    1 3.1911800000000D+04 9.2311695600000D+12
   0.80454   0.92107   0.93064    0.9537   0.98852    1.0285    1.0728    1.1241
    1.1837   0.99231
    9    0 3.1911800000000D+04 2.8640000000000D+02
   10    0 3.1911800000000D+04 1.5800000000000D+01
*---+----+-------------------+-------------------+---------+---------------------
*   1: printout of the result at time [hours]
*---+----+-------------------+-------------------+---------+---------------------
    1    0 3.1913800000000D+04
*---+----+-------------------+-------------------+---------+---------------------
    2    1 3.1913800000000D+04 6.6669000000000D+00
   0.48643   0.70153   0.84582   0.97542    1.0924    1.1899    1.2571    1.2858
    1.2225   0.94317
    3    1 3.1913800000000D+04 4.5148246800000D+12
   0.48643   0.70153   0.84582   0.97542    1.0924    1.1899    1.2571    1.2858
    1.2225   0.94317
    9    0 3.1913800000000D+04 2.9170000000000D+02
   10    0 3.1913800000000D+04 1.5800000000000D+01
*---+----+-------------------+-------------------+---------+---------------------
*   1: printout of the result at time [hours]
*---+----+-------------------+-------------------+---------+---------------------
    1    0 3.2056800000000D+04
*---+----+-------------------+-------------------+---------+---------------------
    2    1 3.2056800000000D+04 6.7754000000000D+00
   0.67538   0.89766   0.98754    1.0444    1.0855    1.1154    1.1369    1.1273
    1.0788   0.85117
    3    1 3.2056800000000D+04 4.5252896600000D+12
   0.67538   0.89766   0.98754    1.0444    1.0855    1.1154    1.1369    1.1273
    1.0788   0.85117
    9    0 3.2056800000000D+04 2.9170000000000D+02
   10    0 3.2056800000000D+04 1.5800000000000D+01
*---+----+-------------------+-------------------+---------+---------------------
*   1: printout of the result at time [hours]
*---+----+-------------------+-------------------+---------+---------------------
    1    0 3.5512800000000D+04
*---+----+-------------------+-------------------+---------+---------------------
    2    1 3.5512800000000D+04 7.5338000000000D+00
   0.83278    1.0299    1.0633     1.054    1.0486    1.0449    1.0434      1.04
    1.0134   0.82959
    3    1 3.5512800000000D+04 4.9097774600000D+12
   0.83278    1.0299    1.0633     1.054    1.0486    1.0449    1.0434      1.04
    1.0134   0.82959
    9    0 3.5512800000000D+04 2.9170000000000D+02
   10    0 3.5512800000000D+04 1.5800000000000D+01
*---+----+-------------------+-------------------+---------+---------------------
*   1: printout of the result at time [hours]
*---+----+-------------------+-------------------+---------+---------------------
    1    0 3.7312800000000D+04
*---+----+-------------------+-------------------+---------+---------------------
    2    1 3.7312800000000D+04 7.9667000000000D+00
   0.86347    1.0587    1.0838    1.0648    1.0504    1.0378    1.0275    1.0166
   0.98548    0.8115
    3    1 3.7312800000000D+04 5.1496748800000D+12
   0.86347    1.0587    1.0838    1.0648    1.0504    1.0378    1.0275    1.0166
   0.98548    0.8115
    9    0 3.7312800000000D+04 2.9170000000000D+02
   10    0 3.7312800000000D+04 1.5800000000000D+01
*---+----+-------------------+-------------------+---------+---------------------
*   1: printout of the result at time [hours]
*---+----+-------------------+-------------------+---------+---------------------
    1    0 3.9067200000000D+04
*---+----+-------------------+-------------------+---------+---------------------
    2    1 3.9067200000000D+04 8.3748000000000D+00
   0.83512   0.99107   0.99537   0.99716    1.0085    1.0262     1.049    1.0763
    1.0934    0.9279
    3    1 3.9067200000000D+04 5.3590345200000D+12
   0.83512   0.99107   0.99537   0.99716    1.0085    1.0262     1.049    1.0763
    1.0934    0.9279
    9    0 3.9067200000000D+04 2.9170000000000D+02
   10    0 3.9067200000000D+04 1.5800000000000D+01
*---+----+-------------------+-------------------+---------+---------------------
*   1: printout of the result at time [hours]
*---+----+-------------------+-------------------+---------+---------------------
    1    0 4.0010400000000D+04
*---+----+-------------------+-------------------+---------+---------------------
    2    1 4.0010400000000D+04 7.3747000000000D+00
   0.71338   0.84356   0.86756   0.90539   0.95936     1.024    1.0992    1.1874
    1.2693    1.1308
    3    1 4.0010400000000D+04 4.5855884600000D+12
   0.71338   0.84356   0.86756   0.90539   0.95936     1.024    1.0992    1.1874
    1.2693    1.1308
    9    0 4.0010400000000D+04 2.8120000000000D+02
   10    0 4.0010400000000D+04 1.5800000000000D+01
* data point #1956 end
*  00:  last line of data set (finishing the program)
*---+----+-------------------+-------------------+---------+---------------------
00000    0 4.0010400000000D+04
*---+----+-------------------+-------------------+---------+---------------------
