* data point #1076 begin
*
*---+----+-------------------+-------------------+---------+---------------------
*   1: printout of the result at time [hours]
*---+----+-------------------+-------------------+---------+---------------------
    1    0 0.0000000000000D+00
*---+----+-------------------+-------------------+---------+---------------------
    2    1 0.0000000000000D+00 2.4452500000000D+01
   0.51455   0.72385   0.86069   0.98358    1.0974    1.1953    1.2673    1.3028
    1.2283   0.82621
    3    1 0.0000000000000D+00 1.1218807000000D+13
   0.51455   0.72385   0.86069   0.98358    1.0974    1.1953    1.2673    1.3028
    1.2283   0.82621
    9    0 0.0000000000000D+00 2.9170000000000D+02
   10    0 0.0000000000000D+00 1.5800000000000D+01
*---+----+-------------------+-------------------+---------+---------------------
*   1: printout of the result at time [hours]
*---+----+-------------------+-------------------+---------+---------------------
    1    0 1.4400000000000D+02
*---+----+-------------------+-------------------+---------+---------------------
    2    1 1.4400000000000D+02 2.4226200000000D+01
   0.72611   0.94026    1.0177    1.0618     1.094    1.1177    1.1352    1.1257
    1.0592   0.72232
    3    1 1.4400000000000D+02 1.1134361520000D+13
   0.72611   0.94026    1.0177    1.0618     1.094    1.1177    1.1352    1.1257
    1.0592   0.72232
    9    0 1.4400000000000D+02 2.9170000000000D+02
   10    0 1.4400000000000D+02 1.5800000000000D+01
*---+----+-------------------+-------------------+---------+---------------------
*   1: printout of the result at time [hours]
*---+----+-------------------+-------------------+---------+---------------------
    1    0 5.4000000000000D+03
*---+----+-------------------+-------------------+---------+---------------------
    2    1 5.4000000000000D+03 2.4790100000000D+01
   0.88794    1.1521     1.156    1.1236    1.0891    1.0566    1.0261   0.99233
   0.91658   0.59959
    3    1 5.4000000000000D+03 1.1879415920000D+13
   0.88794    1.1521     1.156    1.1236    1.0891    1.0566    1.0261   0.99233
   0.91658   0.59959
    9    0 5.4000000000000D+03 2.9170000000000D+02
   10    0 5.4000000000000D+03 1.5800000000000D+01
*---+----+-------------------+-------------------+---------+---------------------
*   1: printout of the result at time [hours]
*---+----+-------------------+-------------------+---------+---------------------
    1    0 7.2816000000000D+03
*---+----+-------------------+-------------------+---------+---------------------
    2    1 7.2816000000000D+03 2.4552800000000D+01
   0.87579    1.1089    1.0896    1.0662    1.0509    1.0411    1.0363    1.0369
    1.0132   0.68106
    3    1 7.2816000000000D+03 1.1878644640000D+13
   0.87579    1.1089    1.0896    1.0662    1.0509    1.0411    1.0363    1.0369
    1.0132   0.68106
    9    0 7.2816000000000D+03 2.9170000000000D+02
   10    0 7.2816000000000D+03 1.5800000000000D+01
*---+----+-------------------+-------------------+---------+---------------------
*   1: printout of the result at time [hours]
*---+----+-------------------+-------------------+---------+---------------------
    1    0 8.0174000000000D+03
*---+----+-------------------+-------------------+---------+---------------------
    2    1 8.0174000000000D+03 2.2994300000000D+01
   0.77128   0.97133   0.97929   0.99338    1.0196    1.0523    1.0909    1.1378
    1.1677   0.81646
    3    1 8.0174000000000D+03 1.0825716440000D+13
   0.77128   0.97133   0.97929   0.99338    1.0196    1.0523    1.0909    1.1378
    1.1677   0.81646
    9    0 8.0174000000000D+03 2.8110000000000D+02
   10    0 8.0174000000000D+03 1.5800000000000D+01
*---+----+-------------------+-------------------+---------+---------------------
*   1: printout of the result at time [hours]
*---+----+-------------------+-------------------+---------+---------------------
    1    0 8.0194000000000D+03
*---+----+-------------------+-------------------+---------+---------------------
    2    1 8.0194000000000D+03 2.3684000000000D+01
   0.44794   0.71056   0.85855   0.99329    1.1169    1.2201    1.2913    1.3205
    1.2305   0.81034
    3    1 8.0194000000000D+03 1.2514625600000D+13
   0.44794   0.71056   0.85855   0.99329    1.1169    1.2201    1.2913    1.3205
    1.2305   0.81034
    9    0 8.0194000000000D+03 2.9170000000000D+02
   10    0 8.0194000000000D+03 1.5800000000000D+01
*---+----+-------------------+-------------------+---------+---------------------
*   1: printout of the result at time [hours]
*---+----+-------------------+-------------------+---------+---------------------
    1    0 8.1624000000000D+03
*---+----+-------------------+-------------------+---------+---------------------
    2    1 8.1624000000000D+03 2.3710300000000D+01
   0.63749   0.93082    1.0228     1.078    1.1172    1.1431    1.1581    1.1425
    1.0618   0.70826
    3    1 8.1624000000000D+03 1.2545119730000D+13
   0.63749   0.93082    1.0228     1.078    1.1172    1.1431    1.1581    1.1425
    1.0618   0.70826
    9    0 8.1624000000000D+03 2.9170000000000D+02
   10    0 8.1624000000000D+03 1.5800000000000D+01
*---+----+-------------------+-------------------+---------+---------------------
*   1: printout of the result at time [hours]
*---+----+-------------------+-------------------+---------+---------------------
    1    0 1.1618400000000D+04
*---+----+-------------------+-------------------+---------+---------------------
    2    1 1.1618400000000D+04 2.2160400000000D+01
    0.8452    1.0803    1.0852     1.072    1.0599    1.0504    1.0439     1.038
    1.0007   0.72449
    3    1 1.1618400000000D+04 1.1855814000000D+13
    0.8452    1.0803    1.0852     1.072    1.0599    1.0504    1.0439     1.038
    1.0007   0.72449
    9    0 1.1618400000000D+04 2.9170000000000D+02
   10    0 1.1618400000000D+04 1.5800000000000D+01
*---+----+-------------------+-------------------+---------+---------------------
*   1: printout of the result at time [hours]
*---+----+-------------------+-------------------+---------+---------------------
    1    0 1.3778400000000D+04
*---+----+-------------------+-------------------+---------+---------------------
    2    1 1.3778400000000D+04 2.1154500000000D+01
   0.89976    1.0949    1.0792     1.061    1.0463    1.0342    1.0248    1.0188
   0.99322   0.74778
    3    1 1.3778400000000D+04 1.1376890100000D+13
   0.89976    1.0949    1.0792     1.061    1.0463    1.0342    1.0248    1.0188
   0.99322   0.74778
    9    0 1.3778400000000D+04 2.9170000000000D+02
   10    0 1.3778400000000D+04 1.5800000000000D+01
*---+----+-------------------+-------------------+---------+---------------------
*   1: printout of the result at time [hours]
*---+----+-------------------+-------------------+---------+---------------------
    1    0 1.5081600000000D+04
*---+----+-------------------+-------------------+---------+---------------------
    2    1 1.5081600000000D+04 2.0928500000000D+01
   0.89447    1.0513    1.0332    1.0217    1.0191    1.0209     1.027     1.042
    1.0593   0.83107
    3    1 1.5081600000000D+04 1.1295111450000D+13
   0.89447    1.0513    1.0332    1.0217    1.0191    1.0209     1.027     1.042
    1.0593   0.83107
    9    0 1.5081600000000D+04 2.9170000000000D+02
   10    0 1.5081600000000D+04 1.5800000000000D+01
*---+----+-------------------+-------------------+---------+---------------------
*   1: printout of the result at time [hours]
*---+----+-------------------+-------------------+---------+---------------------
    1    0 1.5503000000000D+04
*---+----+-------------------+-------------------+---------+---------------------
    2    1 1.5503000000000D+04 1.9683900000000D+01
   0.80568   0.94895   0.95068   0.96744   0.99614    1.0301    1.0687     1.117
    1.1734   0.94189
    3    1 1.5503000000000D+04 1.0448214120000D+13
   0.80568   0.94895   0.95068   0.96744   0.99614    1.0301    1.0687     1.117
    1.1734   0.94189
    9    0 1.5503000000000D+04 2.8640000000000D+02
   10    0 1.5503000000000D+04 1.5800000000000D+01
*---+----+-------------------+-------------------+---------+---------------------
*   1: printout of the result at time [hours]
*---+----+-------------------+-------------------+---------+---------------------
    1    0 1.5505000000000D+04
*---+----+-------------------+-------------------+---------+---------------------
    2    1 1.5505000000000D+04 1.5370300000000D+01
   0.50324    0.7212   0.85587   0.98391    1.1015    1.1993    1.2667    1.2974
    1.2347   0.83609
    3    1 1.5505000000000D+04 8.8333114100000D+12
   0.50324    0.7212   0.85587   0.98391    1.1015    1.1993    1.2667    1.2974
    1.2347   0.83609
    9    0 1.5505000000000D+04 2.9170000000000D+02
   10    0 1.5505000000000D+04 1.5800000000000D+01
*---+----+-------------------+-------------------+---------+---------------------
*   1: printout of the result at time [hours]
*---+----+-------------------+-------------------+---------+---------------------
    1    0 1.5648000000000D+04
*---+----+-------------------+-------------------+---------+---------------------
    2    1 1.5648000000000D+04 1.5549800000000D+01
   0.69892   0.92625    1.0034    1.0563     1.096     1.124    1.1424    1.1331
    1.0794   0.74033
    3    1 1.5648000000000D+04 8.9022605000000D+12
   0.69892   0.92625    1.0034    1.0563     1.096     1.124    1.1424    1.1331
    1.0794   0.74033
    9    0 1.5648000000000D+04 2.9170000000000D+02
   10    0 1.5648000000000D+04 1.5800000000000D+01
*---+----+-------------------+-------------------+---------+---------------------
*   1: printout of the result at time [hours]
*---+----+-------------------+-------------------+---------+---------------------
    1    0 1.9104000000000D+04
*---+----+-------------------+-------------------+---------+---------------------
    2    1 1.9104000000000D+04 1.5970000000000D+01
   0.87332    1.0705    1.0871    1.0714    1.0602    1.0503    1.0424    1.0332
   0.99756   0.71403
    3    1 1.9104000000000D+04 9.1476160000000D+12
   0.87332    1.0705    1.0871    1.0714    1.0602    1.0503    1.0424    1.0332
   0.99756   0.71403
    9    0 1.9104000000000D+04 2.9170000000000D+02
   10    0 1.9104000000000D+04 1.5800000000000D+01
*---+----+-------------------+-------------------+---------+---------------------
*   1: printout of the result at time [hours]
*---+----+-------------------+-------------------+---------+---------------------
    1    0 2.0904000000000D+04
*---+----+-------------------+-------------------+---------+---------------------
    2    1 2.0904000000000D+04 1.6041500000000D+01
   0.90627    1.1005     1.102    1.0829    1.0624    1.0433    1.0262    1.0091
   0.96855   0.69875
    3    1 2.0904000000000D+04 9.2078210000000D+12
   0.90627    1.1005     1.102    1.0829    1.0624    1.0433    1.0262    1.0091
   0.96855   0.69875
    9    0 2.0904000000000D+04 2.9170000000000D+02
   10    0 2.0904000000000D+04 1.5800000000000D+01
*---+----+-------------------+-------------------+---------+---------------------
*   1: printout of the result at time [hours]
*---+----+-------------------+-------------------+---------+---------------------
    1    0 2.2658400000000D+04
*---+----+-------------------+-------------------+---------+---------------------
    2    1 2.2658400000000D+04 1.6183000000000D+01
   0.87895    1.0264    1.0171    1.0136    1.0201    1.0321    1.0483    1.0693
    1.0817   0.81252
    3    1 2.2658400000000D+04 9.2760956000000D+12
   0.87895    1.0264    1.0171    1.0136    1.0201    1.0321    1.0483    1.0693
    1.0817   0.81252
    9    0 2.2658400000000D+04 2.9170000000000D+02
   10    0 2.2658400000000D+04 1.5800000000000D+01
*---+----+-------------------+-------------------+---------+---------------------
*   1: printout of the result at time [hours]
*---+----+-------------------+-------------------+---------+---------------------
    1    0 2.3601600000000D+04
*---+----+-------------------+-------------------+---------+---------------------
    2    1 2.3601600000000D+04 1.3930400000000D+01
    0.7442   0.86609    0.8821   0.91857    0.9714     1.034    1.1058    1.1909
     1.273     1.014
    3    1 2.3601600000000D+04 7.7564467200000D+12
    0.7442   0.86609    0.8821   0.91857    0.9714     1.034    1.1058    1.1909
     1.273     1.014
    9    0 2.3601600000000D+04 2.8120000000000D+02
   10    0 2.3601600000000D+04 1.5800000000000D+01
* data point #1076 end
*  00:  last line of data set (finishing the program)
*---+----+-------------------+-------------------+---------+---------------------
00000    0 2.3601600000000D+04
*---+----+-------------------+-------------------+---------+---------------------
