* data point #1048 begin
*
*---+----+-------------------+-------------------+---------+---------------------
*   1: printout of the result at time [hours]
*---+----+-------------------+-------------------+---------+---------------------
    1    0 0.0000000000000D+00
*---+----+-------------------+-------------------+---------+---------------------
    2    1 0.0000000000000D+00 2.7100600000000D+01
   0.51597   0.72563   0.86234   0.98503    1.0984    1.1956    1.2666     1.301
    1.2259   0.82349
    3    1 0.0000000000000D+00 1.2450015640000D+13
   0.51597   0.72563   0.86234   0.98503    1.0984    1.1956    1.2666     1.301
    1.2259   0.82349
    9    0 0.0000000000000D+00 2.9170000000000D+02
   10    0 0.0000000000000D+00 1.5800000000000D+01
*---+----+-------------------+-------------------+---------+---------------------
*   1: printout of the result at time [hours]
*---+----+-------------------+-------------------+---------+---------------------
    1    0 1.4400000000000D+02
*---+----+-------------------+-------------------+---------+---------------------
    2    1 1.4400000000000D+02 2.6677000000000D+01
   0.72771   0.94205    1.0192    1.0629    1.0945    1.1176    1.1343    1.1242
    1.0573   0.72021
    3    1 1.4400000000000D+02 1.2314103200000D+13
   0.72771   0.94205    1.0192    1.0629    1.0945    1.1176    1.1343    1.1242
    1.0573   0.72021
    9    0 1.4400000000000D+02 2.9170000000000D+02
   10    0 1.4400000000000D+02 1.5800000000000D+01
*---+----+-------------------+-------------------+---------+---------------------
*   1: printout of the result at time [hours]
*---+----+-------------------+-------------------+---------+---------------------
    1    0 5.4000000000000D+03
*---+----+-------------------+-------------------+---------+---------------------
    2    1 5.4000000000000D+03 2.6774100000000D+01
   0.88836    1.1534    1.1566    1.1239    1.0892    1.0565    1.0258   0.99174
   0.91592    0.5986
    3    1 5.4000000000000D+03 1.3199631300000D+13
   0.88836    1.1534    1.1566    1.1239    1.0892    1.0565    1.0258   0.99174
   0.91592    0.5986
    9    0 5.4000000000000D+03 2.9170000000000D+02
   10    0 5.4000000000000D+03 1.5800000000000D+01
*---+----+-------------------+-------------------+---------+---------------------
*   1: printout of the result at time [hours]
*---+----+-------------------+-------------------+---------+---------------------
    1    0 7.2816000000000D+03
*---+----+-------------------+-------------------+---------+---------------------
    2    1 7.2816000000000D+03 2.6253900000000D+01
   0.87644    1.1085    1.0889    1.0656    1.0505    1.0408    1.0363    1.0371
     1.014   0.68192
    3    1 7.2816000000000D+03 1.3126950000000D+13
   0.87644    1.1085    1.0889    1.0656    1.0505    1.0408    1.0363    1.0371
     1.014   0.68192
    9    0 7.2816000000000D+03 2.9170000000000D+02
   10    0 7.2816000000000D+03 1.5800000000000D+01
*---+----+-------------------+-------------------+---------+---------------------
*   1: printout of the result at time [hours]
*---+----+-------------------+-------------------+---------+---------------------
    1    0 8.0174000000000D+03
*---+----+-------------------+-------------------+---------+---------------------
    2    1 8.0174000000000D+03 2.4584600000000D+01
   0.77166   0.97065   0.97846   0.99274    1.0191     1.052    1.0908     1.138
    1.1687   0.81783
    3    1 8.0174000000000D+03 1.1972700200000D+13
   0.77166   0.97065   0.97846   0.99274    1.0191     1.052    1.0908     1.138
    1.1687   0.81783
    9    0 8.0174000000000D+03 2.8110000000000D+02
   10    0 8.0174000000000D+03 1.5800000000000D+01
*---+----+-------------------+-------------------+---------+---------------------
*   1: printout of the result at time [hours]
*---+----+-------------------+-------------------+---------+---------------------
    1    0 8.0194000000000D+03
*---+----+-------------------+-------------------+---------+---------------------
    2    1 8.0194000000000D+03 2.2093200000000D+01
   0.44611   0.70669   0.85438   0.98985     1.115    1.2202    1.2941    1.3257
    1.2354   0.81256
    3    1 8.0194000000000D+03 1.1709396000000D+13
   0.44611   0.70669   0.85438   0.98985     1.115    1.2202    1.2941    1.3257
    1.2354   0.81256
    9    0 8.0194000000000D+03 2.9170000000000D+02
   10    0 8.0194000000000D+03 1.5800000000000D+01
*---+----+-------------------+-------------------+---------+---------------------
*   1: printout of the result at time [hours]
*---+----+-------------------+-------------------+---------+---------------------
    1    0 8.1624000000000D+03
*---+----+-------------------+-------------------+---------+---------------------
    2    1 8.1624000000000D+03 2.2077800000000D+01
   0.63575   0.92709    1.0191    1.0753     1.116    1.1437    1.1605    1.1466
    1.0658   0.71013
    3    1 8.1624000000000D+03 1.1718896240000D+13
   0.63575   0.92709    1.0191    1.0753     1.116    1.1437    1.1605    1.1466
    1.0658   0.71013
    9    0 8.1624000000000D+03 2.9170000000000D+02
   10    0 8.1624000000000D+03 1.5800000000000D+01
*---+----+-------------------+-------------------+---------+---------------------
*   1: printout of the result at time [hours]
*---+----+-------------------+-------------------+---------+---------------------
    1    0 1.1618400000000D+04
*---+----+-------------------+-------------------+---------+---------------------
    2    1 1.1618400000000D+04 2.0818400000000D+01
   0.84435    1.0785    1.0837     1.071    1.0595    1.0507    1.0449    1.0398
    1.0023   0.72522
    3    1 1.1618400000000D+04 1.1171153440000D+13
   0.84435    1.0785    1.0837     1.071    1.0595    1.0507    1.0449    1.0398
    1.0023   0.72522
    9    0 1.1618400000000D+04 2.9170000000000D+02
   10    0 1.1618400000000D+04 1.5800000000000D+01
*---+----+-------------------+-------------------+---------+---------------------
*   1: printout of the result at time [hours]
*---+----+-------------------+-------------------+---------+---------------------
    1    0 1.3778400000000D+04
*---+----+-------------------+-------------------+---------+---------------------
    2    1 1.3778400000000D+04 2.0008200000000D+01
   0.89928    1.0939    1.0783    1.0604    1.0461    1.0343    1.0254    1.0199
   0.99424   0.74814
    3    1 1.3778400000000D+04 1.0792423080000D+13
   0.89928    1.0939    1.0783    1.0604    1.0461    1.0343    1.0254    1.0199
   0.99424   0.74814
    9    0 1.3778400000000D+04 2.9170000000000D+02
   10    0 1.3778400000000D+04 1.5800000000000D+01
*---+----+-------------------+-------------------+---------+---------------------
*   1: printout of the result at time [hours]
*---+----+-------------------+-------------------+---------+---------------------
    1    0 1.5081600000000D+04
*---+----+-------------------+-------------------+---------+---------------------
    2    1 1.5081600000000D+04 1.9866000000000D+01
   0.89414    1.0506    1.0326    1.0212    1.0188    1.0208    1.0273    1.0428
    1.0602   0.83152
    3    1 1.5081600000000D+04 1.0751479200000D+13
   0.89414    1.0506    1.0326    1.0212    1.0188    1.0208    1.0273    1.0428
    1.0602   0.83152
    9    0 1.5081600000000D+04 2.9170000000000D+02
   10    0 1.5081600000000D+04 1.5800000000000D+01
*---+----+-------------------+-------------------+---------+---------------------
*   1: printout of the result at time [hours]
*---+----+-------------------+-------------------+---------+---------------------
    1    0 1.5503000000000D+04
*---+----+-------------------+-------------------+---------+---------------------
    2    1 1.5503000000000D+04 1.8717800000000D+01
   0.80538    0.9483   0.95011   0.96699   0.99584      1.03     1.069    1.1177
    1.1743   0.94237
    3    1 1.5503000000000D+04 9.9634849400000D+12
   0.80538    0.9483   0.95011   0.96699   0.99584      1.03     1.069    1.1177
    1.1743   0.94237
    9    0 1.5503000000000D+04 2.8640000000000D+02
   10    0 1.5503000000000D+04 1.5800000000000D+01
*---+----+-------------------+-------------------+---------+---------------------
*   1: printout of the result at time [hours]
*---+----+-------------------+-------------------+---------+---------------------
    1    0 1.5505000000000D+04
*---+----+-------------------+-------------------+---------+---------------------
    2    1 1.5505000000000D+04 1.8981300000000D+01
   0.50739    0.7283    0.8639   0.99145    1.1073    1.2024    1.2662    1.2915
    1.2217   0.81986
    3    1 1.5505000000000D+04 1.1069894160000D+13
   0.50739    0.7283    0.8639   0.99145    1.1073    1.2024    1.2662    1.2915
    1.2217   0.81986
    9    0 1.5505000000000D+04 2.9170000000000D+02
   10    0 1.5505000000000D+04 1.5800000000000D+01
*---+----+-------------------+-------------------+---------+---------------------
*   1: printout of the result at time [hours]
*---+----+-------------------+-------------------+---------+---------------------
    1    0 1.5648000000000D+04
*---+----+-------------------+-------------------+---------+---------------------
    2    1 1.5648000000000D+04 1.8817000000000D+01
   0.70282   0.93299    1.0105    1.0623    1.1002    1.1258    1.1413    1.1282
    1.0688   0.72706
    3    1 1.5648000000000D+04 1.0938322100000D+13
   0.70282   0.93299    1.0105    1.0623    1.1002    1.1258    1.1413    1.1282
    1.0688   0.72706
    9    0 1.5648000000000D+04 2.9170000000000D+02
   10    0 1.5648000000000D+04 1.5800000000000D+01
*---+----+-------------------+-------------------+---------+---------------------
*   1: printout of the result at time [hours]
*---+----+-------------------+-------------------+---------+---------------------
    1    0 1.9104000000000D+04
*---+----+-------------------+-------------------+---------+---------------------
    2    1 1.9104000000000D+04 1.8937900000000D+01
   0.87486    1.0736    1.0904     1.074     1.062    1.0513    1.0423    1.0316
   0.99298   0.70694
    3    1 1.9104000000000D+04 1.1105184560000D+13
   0.87486    1.0736    1.0904     1.074     1.062    1.0513    1.0423    1.0316
   0.99298   0.70694
    9    0 1.9104000000000D+04 2.9170000000000D+02
   10    0 1.9104000000000D+04 1.5800000000000D+01
*---+----+-------------------+-------------------+---------+---------------------
*   1: printout of the result at time [hours]
*---+----+-------------------+-------------------+---------+---------------------
    1    0 2.0904000000000D+04
*---+----+-------------------+-------------------+---------+---------------------
    2    1 2.0904000000000D+04 1.9013200000000D+01
     0.907    1.1022    1.1037    1.0845    1.0636    1.0442    1.0265    1.0085
   0.96591   0.69389
    3    1 2.0904000000000D+04 1.1213985360000D+13
     0.907    1.1022    1.1037    1.0845    1.0636    1.0442    1.0265    1.0085
   0.96591   0.69389
    9    0 2.0904000000000D+04 2.9170000000000D+02
   10    0 2.0904000000000D+04 1.5800000000000D+01
*---+----+-------------------+-------------------+---------+---------------------
*   1: printout of the result at time [hours]
*---+----+-------------------+-------------------+---------+---------------------
    1    0 2.2658400000000D+04
*---+----+-------------------+-------------------+---------+---------------------
    2    1 2.2658400000000D+04 1.8931600000000D+01
   0.87911    1.0267    1.0177    1.0142    1.0209    1.0329     1.049    1.0697
    1.0807   0.80902
    3    1 2.2658400000000D+04 1.1186682440000D+13
   0.87911    1.0267    1.0177    1.0142    1.0209    1.0329     1.049    1.0697
    1.0807   0.80902
    9    0 2.2658400000000D+04 2.9170000000000D+02
   10    0 2.2658400000000D+04 1.5800000000000D+01
*---+----+-------------------+-------------------+---------+---------------------
*   1: printout of the result at time [hours]
*---+----+-------------------+-------------------+---------+---------------------
    1    0 2.3601600000000D+04
*---+----+-------------------+-------------------+---------+---------------------
    2    1 2.3601600000000D+04 1.6461000000000D+01
    0.7443   0.86629   0.88251   0.91908   0.97206    1.0347    1.1067    1.1917
    1.2724    1.0103
    3    1 2.3601600000000D+04 9.4469679000000D+12
    0.7443   0.86629   0.88251   0.91908   0.97206    1.0347    1.1067    1.1917
    1.2724    1.0103
    9    0 2.3601600000000D+04 2.8120000000000D+02
   10    0 2.3601600000000D+04 1.5800000000000D+01
* data point #1048 end
*  00:  last line of data set (finishing the program)
*---+----+-------------------+-------------------+---------+---------------------
00000    0 2.3601600000000D+04
*---+----+-------------------+-------------------+---------+---------------------
