* data point #1117 begin
*
*---+----+-------------------+-------------------+---------+---------------------
*   1: printout of the result at time [hours]
*---+----+-------------------+-------------------+---------+---------------------
    1    0 0.0000000000000D+00
*---+----+-------------------+-------------------+---------+---------------------
    2    1 0.0000000000000D+00 2.3371600000000D+01
   0.63222   0.99749    1.1026    1.1525    1.1793    1.1825    1.1605    1.1063
   0.96651   0.52016
    3    1 0.0000000000000D+00 1.1141241720000D+13
   0.63222   0.99749    1.1026    1.1525    1.1793    1.1825    1.1605    1.1063
   0.96651   0.52016
    9    0 0.0000000000000D+00 2.9170000000000D+02
   10    0 0.0000000000000D+00 1.5800000000000D+01
*---+----+-------------------+-------------------+---------+---------------------
*   1: printout of the result at time [hours]
*---+----+-------------------+-------------------+---------+---------------------
    1    0 1.4400000000000D+02
*---+----+-------------------+-------------------+---------+---------------------
    2    1 1.4400000000000D+02 2.3418000000000D+01
   0.76232    1.1229    1.1761    1.1624    1.1425    1.1143    1.0775    1.0259
   0.90896   0.50713
    3    1 1.4400000000000D+02 1.1224247400000D+13
   0.76232    1.1229    1.1761    1.1624    1.1425    1.1143    1.0775    1.0259
   0.90896   0.50713
    9    0 1.4400000000000D+02 2.9170000000000D+02
   10    0 1.4400000000000D+02 1.5800000000000D+01
*---+----+-------------------+-------------------+---------+---------------------
*   1: printout of the result at time [hours]
*---+----+-------------------+-------------------+---------+---------------------
    1    0 1.4400000000000D+03
*---+----+-------------------+-------------------+---------+---------------------
    2    1 1.4400000000000D+03 2.3356700000000D+01
   0.81112    1.1323    1.1478    1.1277     1.107    1.0861    1.0634    1.0323
   0.94264   0.54974
    3    1 1.4400000000000D+03 1.1241579710000D+13
   0.81112    1.1323    1.1478    1.1277     1.107    1.0861    1.0634    1.0323
   0.94264   0.54974
    9    0 1.4400000000000D+03 2.9170000000000D+02
   10    0 1.4400000000000D+03 1.5800000000000D+01
*---+----+-------------------+-------------------+---------+---------------------
*   1: printout of the result at time [hours]
*---+----+-------------------+-------------------+---------+---------------------
    1    0 3.0456000000000D+03
*---+----+-------------------+-------------------+---------+---------------------
    2    1 3.0456000000000D+03 2.3173900000000D+01
   0.84233    1.1114    1.0988    1.0737     1.056    1.0445    1.0402    1.0451
    1.0279    0.6601
    3    1 3.0456000000000D+03 1.1218484990000D+13
   0.84233    1.1114    1.0988    1.0737     1.056    1.0445    1.0402    1.0451
    1.0279    0.6601
    9    0 3.0456000000000D+03 2.9170000000000D+02
   10    0 3.0456000000000D+03 1.5800000000000D+01
*---+----+-------------------+-------------------+---------+---------------------
*   1: printout of the result at time [hours]
*---+----+-------------------+-------------------+---------+---------------------
    1    0 4.9008000000000D+03
*---+----+-------------------+-------------------+---------+---------------------
    2    1 4.9008000000000D+03 1.8158900000000D+01
   0.68914   0.89113   0.91305   0.94527   0.99296    1.0502    1.1183    1.2043
    1.2919    0.9038
    3    1 4.9008000000000D+03 8.4021230300000D+12
   0.68914   0.89113   0.91305   0.94527   0.99296    1.0502    1.1183    1.2043
    1.2919    0.9038
    9    0 4.9008000000000D+03 2.7330000000000D+02
   10    0 4.9008000000000D+03 1.5800000000000D+01
*---+----+-------------------+-------------------+---------+---------------------
*   1: printout of the result at time [hours]
*---+----+-------------------+-------------------+---------+---------------------
    1    0 4.9046000000000D+03
*---+----+-------------------+-------------------+---------+---------------------
    2    1 4.9046000000000D+03 1.0946500000000D+01
   0.53798   0.72315   0.77979   0.85388   0.94971    1.0623    1.1927    1.3455
    1.4941    1.0609
    3    1 4.9046000000000D+03 5.0671348500000D+12
   0.53798   0.72315   0.77979   0.85388   0.94971    1.0623    1.1927    1.3455
    1.4941    1.0609
    9    0 4.9046000000000D+03 2.8340000000000D+02
   10    0 4.9046000000000D+03 1.5800000000000D+01
*---+----+-------------------+-------------------+---------+---------------------
*   1: printout of the result at time [hours]
*---+----+-------------------+-------------------+---------+---------------------
    1    0 4.9066000000000D+03
*---+----+-------------------+-------------------+---------+---------------------
    2    1 4.9066000000000D+03 2.5622600000000D+01
   0.75886    1.1138    1.1948    1.2112    1.1848    1.1373    1.0712   0.98612
   0.85241   0.48953
    3    1 4.9066000000000D+03 1.2455145860000D+13
   0.75886    1.1138    1.1948    1.2112    1.1848    1.1373    1.0712   0.98612
   0.85241   0.48953
    9    0 4.9066000000000D+03 2.9170000000000D+02
   10    0 4.9066000000000D+03 1.5800000000000D+01
*---+----+-------------------+-------------------+---------+---------------------
*   1: printout of the result at time [hours]
*---+----+-------------------+-------------------+---------+---------------------
    1    0 5.0496000000000D+03
*---+----+-------------------+-------------------+---------+---------------------
    2    1 5.0496000000000D+03 2.5729600000000D+01
   0.86193    1.1935    1.2279    1.1916     1.143     1.085    1.0212   0.94829
   0.83421   0.49348
    3    1 5.0496000000000D+03 1.2532888160000D+13
   0.86193    1.1935    1.2279    1.1916     1.143     1.085    1.0212   0.94829
   0.83421   0.49348
    9    0 5.0496000000000D+03 2.9170000000000D+02
   10    0 5.0496000000000D+03 1.5800000000000D+01
*---+----+-------------------+-------------------+---------+---------------------
*   1: printout of the result at time [hours]
*---+----+-------------------+-------------------+---------+---------------------
    1    0 6.4656000000000D+03
*---+----+-------------------+-------------------+---------+---------------------
    2    1 6.4656000000000D+03 2.5113400000000D+01
   0.86659    1.1393    1.1468    1.1238    1.0965    1.0674    1.0372    1.0029
   0.93337   0.58618
    3    1 6.4656000000000D+03 1.2328168060000D+13
   0.86659    1.1393    1.1468    1.1238    1.0965    1.0674    1.0372    1.0029
   0.93337   0.58618
    9    0 6.4656000000000D+03 2.9170000000000D+02
   10    0 6.4656000000000D+03 1.5800000000000D+01
*---+----+-------------------+-------------------+---------+---------------------
*   1: printout of the result at time [hours]
*---+----+-------------------+-------------------+---------+---------------------
    1    0 7.2912000000000D+03
*---+----+-------------------+-------------------+---------+---------------------
    2    1 7.2912000000000D+03 2.4897400000000D+01
   0.88335    1.1329    1.1242    1.0986    1.0736    1.0502    1.0292    1.0097
   0.96645   0.63183
    3    1 7.2912000000000D+03 1.2264459240000D+13
   0.88335    1.1329    1.1242    1.0986    1.0736    1.0502    1.0292    1.0097
   0.96645   0.63183
    9    0 7.2912000000000D+03 2.9170000000000D+02
   10    0 7.2912000000000D+03 1.5800000000000D+01
*---+----+-------------------+-------------------+---------+---------------------
*   1: printout of the result at time [hours]
*---+----+-------------------+-------------------+---------+---------------------
    1    0 7.9286000000000D+03
*---+----+-------------------+-------------------+---------+---------------------
    2    1 7.9286000000000D+03 2.3824500000000D+01
   0.79066    1.0091    1.0257    1.0357    1.0503    1.0667    1.0841    1.1022
    1.0941   0.74159
    3    1 7.9286000000000D+03 1.1497703700000D+13
   0.79066    1.0091    1.0257    1.0357    1.0503    1.0667    1.0841    1.1022
    1.0941   0.74159
    9    0 7.9286000000000D+03 2.8320000000000D+02
   10    0 7.9286000000000D+03 1.5800000000000D+01
*---+----+-------------------+-------------------+---------+---------------------
*   1: printout of the result at time [hours]
*---+----+-------------------+-------------------+---------+---------------------
    1    0 7.9306000000000D+03
*---+----+-------------------+-------------------+---------+---------------------
    2    1 7.9306000000000D+03 2.2681600000000D+01
   0.53475   0.80448   0.94883     1.065    1.1571    1.2205    1.2511    1.2229
    1.1118   0.68342
    3    1 7.9306000000000D+03 1.1955471360000D+13
   0.53475   0.80448   0.94883     1.065    1.1571    1.2205    1.2511    1.2229
    1.1118   0.68342
    9    0 7.9306000000000D+03 2.9170000000000D+02
   10    0 7.9306000000000D+03 1.5800000000000D+01
*---+----+-------------------+-------------------+---------+---------------------
*   1: printout of the result at time [hours]
*---+----+-------------------+-------------------+---------+---------------------
    1    0 8.0736000000000D+03
*---+----+-------------------+-------------------+---------+---------------------
    2    1 8.0736000000000D+03 2.2641900000000D+01
   0.70882   0.98746    1.0711    1.1125    1.1331    1.1492    1.1269    1.0903
   0.99528    0.6253
    3    1 8.0736000000000D+03 1.1918696160000D+13
   0.70882   0.98746    1.0711    1.1125    1.1331    1.1492    1.1269    1.0903
   0.99528    0.6253
    9    0 8.0736000000000D+03 2.9170000000000D+02
   10    0 8.0736000000000D+03 1.5800000000000D+01
*---+----+-------------------+-------------------+---------+---------------------
*   1: printout of the result at time [hours]
*---+----+-------------------+-------------------+---------+---------------------
    1    0 1.2969600000000D+04
*---+----+-------------------+-------------------+---------+---------------------
    2    1 1.2969600000000D+04 2.1645600000000D+01
   0.86734    1.1139     1.137    1.1125     1.089    1.0657    1.0423    1.0118
   0.93964   0.62082
    3    1 1.2969600000000D+04 1.1684294880000D+13
   0.86734    1.1139     1.137    1.1125     1.089    1.0657    1.0423    1.0118
   0.93964   0.62082
    9    0 1.2969600000000D+04 2.9170000000000D+02
   10    0 1.2969600000000D+04 1.5800000000000D+01
*---+----+-------------------+-------------------+---------+---------------------
*   1: printout of the result at time [hours]
*---+----+-------------------+-------------------+---------+---------------------
    1    0 1.5621600000000D+04
*---+----+-------------------+-------------------+---------+---------------------
    2    1 1.5621600000000D+04 2.1239100000000D+01
   0.87998    1.0613    1.0476    1.0327    1.0292    1.0343    1.0471    1.0653
    1.0579   0.74471
    3    1 1.5621600000000D+04 1.1547698670000D+13
   0.87998    1.0613    1.0476    1.0327    1.0292    1.0343    1.0471    1.0653
    1.0579   0.74471
    9    0 1.5621600000000D+04 2.9170000000000D+02
   10    0 1.5621600000000D+04 1.5800000000000D+01
*---+----+-------------------+-------------------+---------+---------------------
*   1: printout of the result at time [hours]
*---+----+-------------------+-------------------+---------+---------------------
    1    0 1.6407800000000D+04
*---+----+-------------------+-------------------+---------+---------------------
    2    1 1.6407800000000D+04 1.9821800000000D+01
   0.77319   0.92872    0.9376   0.95849   0.99461    1.0408    1.0963    1.1619
    1.2182   0.89023
    3    1 1.6407800000000D+04 1.0485732200000D+13
   0.77319   0.92872    0.9376   0.95849   0.99461    1.0408    1.0963    1.1619
    1.2182   0.89023
    9    0 1.6407800000000D+04 2.8120000000000D+02
   10    0 1.6407800000000D+04 1.5800000000000D+01
*---+----+-------------------+-------------------+---------+---------------------
*   1: printout of the result at time [hours]
*---+----+-------------------+-------------------+---------+---------------------
    1    0 1.6409800000000D+04
*---+----+-------------------+-------------------+---------+---------------------
    2    1 1.6409800000000D+04 1.8802300000000D+01
   0.43521   0.60493   0.71895   0.84931   0.98988    1.1312    1.2642    1.3786
    1.4579      1.17
    3    1 1.6409800000000D+04 1.0978662970000D+13
   0.43521   0.60493   0.71895   0.84931   0.98988    1.1312    1.2642    1.3786
    1.4579      1.17
    9    0 1.6409800000000D+04 2.9170000000000D+02
   10    0 1.6409800000000D+04 1.5800000000000D+01
*---+----+-------------------+-------------------+---------+---------------------
*   1: printout of the result at time [hours]
*---+----+-------------------+-------------------+---------+---------------------
    1    0 1.6552800000000D+04
*---+----+-------------------+-------------------+---------+---------------------
    2    1 1.6552800000000D+04 1.9023800000000D+01
   0.63957   0.82349   0.89067   0.95586    1.0215    1.0856    1.1468    1.2024
    1.2368   0.99728
    3    1 1.6552800000000D+04 1.1140337280000D+13
   0.63957   0.82349   0.89067   0.95586    1.0215    1.0856    1.1468    1.2024
    1.2368   0.99728
    9    0 1.6552800000000D+04 2.9170000000000D+02
   10    0 1.6552800000000D+04 1.5800000000000D+01
*---+----+-------------------+-------------------+---------+---------------------
*   1: printout of the result at time [hours]
*---+----+-------------------+-------------------+---------+---------------------
    1    0 2.1808800000000D+04
*---+----+-------------------+-------------------+---------+---------------------
    2    1 2.1808800000000D+04 1.9319800000000D+01
   0.90048    1.0652    1.0601    1.0491    1.0385    1.0294    1.0226    1.0181
    1.0015   0.81512
    3    1 2.1808800000000D+04 1.1758030280000D+13
   0.90048    1.0652    1.0601    1.0491    1.0385    1.0294    1.0226    1.0181
    1.0015   0.81512
    9    0 2.1808800000000D+04 2.9170000000000D+02
   10    0 2.1808800000000D+04 1.5800000000000D+01
*---+----+-------------------+-------------------+---------+---------------------
*   1: printout of the result at time [hours]
*---+----+-------------------+-------------------+---------+---------------------
    1    0 2.3690400000000D+04
*---+----+-------------------+-------------------+---------+---------------------
    2    1 2.3690400000000D+04 1.9095200000000D+01
   0.90195     1.028    1.0139    1.0055    1.0052    1.0101     1.021    1.0412
     1.075   0.89808
    3    1 2.3690400000000D+04 1.1672895760000D+13
   0.90195     1.028    1.0139    1.0055    1.0052    1.0101     1.021    1.0412
     1.075   0.89808
    9    0 2.3690400000000D+04 2.9170000000000D+02
   10    0 2.3690400000000D+04 1.5800000000000D+01
*---+----+-------------------+-------------------+---------+---------------------
*   1: printout of the result at time [hours]
*---+----+-------------------+-------------------+---------+---------------------
    1    0 2.4426200000000D+04
*---+----+-------------------+-------------------+---------+---------------------
    2    1 2.4426200000000D+04 1.7555800000000D+01
   0.79432   0.90244   0.90882   0.93291   0.96994    1.0146    1.0672    1.1334
    1.2086    1.0677
    3    1 2.4426200000000D+04 1.0426389620000D+13
   0.79432   0.90244   0.90882   0.93291   0.96994    1.0146    1.0672    1.1334
    1.2086    1.0677
    9    0 2.4426200000000D+04 2.8110000000000D+02
   10    0 2.4426200000000D+04 1.5800000000000D+01
*---+----+-------------------+-------------------+---------+---------------------
*   1: printout of the result at time [hours]
*---+----+-------------------+-------------------+---------+---------------------
    1    0 2.4428200000000D+04
*---+----+-------------------+-------------------+---------+---------------------
    2    1 2.4428200000000D+04 1.4310700000000D+01
    0.4881   0.68313   0.81275   0.94181    1.0656    1.1751    1.2606    1.3173
    1.2828   0.97291
    3    1 2.4428200000000D+04 9.3792327800000D+12
    0.4881   0.68313   0.81275   0.94181    1.0656    1.1751    1.2606    1.3173
    1.2828   0.97291
    9    0 2.4428200000000D+04 2.9170000000000D+02
   10    0 2.4428200000000D+04 1.5800000000000D+01
*---+----+-------------------+-------------------+---------+---------------------
*   1: printout of the result at time [hours]
*---+----+-------------------+-------------------+---------+---------------------
    1    0 2.4571200000000D+04
*---+----+-------------------+-------------------+---------+---------------------
    2    1 2.4571200000000D+04 1.4476900000000D+01
   0.68779   0.89004   0.96547    1.0224    1.0692     1.107    1.1348    1.1541
    1.1147   0.85446
    3    1 2.4571200000000D+04 9.4606541500000D+12
   0.68779   0.89004   0.96547    1.0224    1.0692     1.107    1.1348    1.1541
    1.1147   0.85446
    9    0 2.4571200000000D+04 2.9170000000000D+02
   10    0 2.4571200000000D+04 1.5800000000000D+01
*---+----+-------------------+-------------------+---------+---------------------
*   1: printout of the result at time [hours]
*---+----+-------------------+-------------------+---------+---------------------
    1    0 2.8027200000000D+04
*---+----+-------------------+-------------------+---------+---------------------
    2    1 2.8027200000000D+04 1.4873400000000D+01
   0.87761    1.0457    1.0535    1.0472    1.0409     1.037    1.0364    1.0371
     1.016   0.80869
    3    1 2.8027200000000D+04 9.7078681800000D+12
   0.87761    1.0457    1.0535    1.0472    1.0409     1.037    1.0364    1.0371
     1.016   0.80869
    9    0 2.8027200000000D+04 2.9170000000000D+02
   10    0 2.8027200000000D+04 1.5800000000000D+01
*---+----+-------------------+-------------------+---------+---------------------
*   1: printout of the result at time [hours]
*---+----+-------------------+-------------------+---------+---------------------
    1    0 3.0187200000000D+04
*---+----+-------------------+-------------------+---------+---------------------
    2    1 3.0187200000000D+04 1.5010400000000D+01
    0.9185    1.0807    1.0738     1.058     1.043    1.0297    1.0188    1.0094
   0.98112   0.78705
    3    1 3.0187200000000D+04 9.7972880800000D+12
    0.9185    1.0807    1.0738     1.058     1.043    1.0297    1.0188    1.0094
   0.98112   0.78705
    9    0 3.0187200000000D+04 2.9170000000000D+02
   10    0 3.0187200000000D+04 1.5800000000000D+01
*---+----+-------------------+-------------------+---------+---------------------
*   1: printout of the result at time [hours]
*---+----+-------------------+-------------------+---------+---------------------
    1    0 3.1490400000000D+04
*---+----+-------------------+-------------------+---------+---------------------
    2    1 3.1490400000000D+04 1.5112900000000D+01
   0.89837    1.0255     1.016    1.0109     1.014     1.021    1.0312     1.047
    1.0603   0.87568
    3    1 3.1490400000000D+04 9.8430317700000D+12
   0.89837    1.0255     1.016    1.0109     1.014     1.021    1.0312     1.047
    1.0603   0.87568
    9    0 3.1490400000000D+04 2.9170000000000D+02
   10    0 3.1490400000000D+04 1.5800000000000D+01
*---+----+-------------------+-------------------+---------+---------------------
*   1: printout of the result at time [hours]
*---+----+-------------------+-------------------+---------+---------------------
    1    0 3.1911800000000D+04
*---+----+-------------------+-------------------+---------+---------------------
    2    1 3.1911800000000D+04 1.4205900000000D+01
   0.80424   0.92067   0.93025   0.95341   0.98832    1.0285    1.0729    1.1245
    1.1844   0.99283
    3    1 3.1911800000000D+04 9.1002995400000D+12
   0.80424   0.92067   0.93025   0.95341   0.98832    1.0285    1.0729    1.1245
    1.1844   0.99283
    9    0 3.1911800000000D+04 2.8640000000000D+02
   10    0 3.1911800000000D+04 1.5800000000000D+01
*---+----+-------------------+-------------------+---------+---------------------
*   1: printout of the result at time [hours]
*---+----+-------------------+-------------------+---------+---------------------
    1    0 3.1913800000000D+04
*---+----+-------------------+-------------------+---------+---------------------
    2    1 3.1913800000000D+04 7.1784000000000D+00
   0.48618   0.70155   0.84601   0.97584    1.0927    1.1902    1.2575    1.2859
     1.222   0.94199
    3    1 3.1913800000000D+04 4.8482913600000D+12
   0.48618   0.70155   0.84601   0.97584    1.0927    1.1902    1.2575    1.2859
     1.222   0.94199
    9    0 3.1913800000000D+04 2.9170000000000D+02
   10    0 3.1913800000000D+04 1.5800000000000D+01
*---+----+-------------------+-------------------+---------+---------------------
*   1: printout of the result at time [hours]
*---+----+-------------------+-------------------+---------+---------------------
    1    0 3.2056800000000D+04
*---+----+-------------------+-------------------+---------+---------------------
    2    1 3.2056800000000D+04 7.2764000000000D+00
   0.67492   0.89756   0.98785    1.0447    1.0858    1.1158    1.1372    1.1275
    1.0784   0.85015
    3    1 3.2056800000000D+04 4.8577246400000D+12
   0.67492   0.89756   0.98785    1.0447    1.0858    1.1158    1.1372    1.1275
    1.0784   0.85015
    9    0 3.2056800000000D+04 2.9170000000000D+02
   10    0 3.2056800000000D+04 1.5800000000000D+01
*---+----+-------------------+-------------------+---------+---------------------
*   1: printout of the result at time [hours]
*---+----+-------------------+-------------------+---------+---------------------
    1    0 3.5512800000000D+04
*---+----+-------------------+-------------------+---------+---------------------
    2    1 3.5512800000000D+04 8.0330000000000D+00
   0.83232    1.0299    1.0635    1.0543    1.0489    1.0452    1.0437    1.0401
    1.0133   0.82883
    3    1 3.5512800000000D+04 5.2326962000000D+12
   0.83232    1.0299    1.0635    1.0543    1.0489    1.0452    1.0437    1.0401
    1.0133   0.82883
    9    0 3.5512800000000D+04 2.9170000000000D+02
   10    0 3.5512800000000D+04 1.5800000000000D+01
*---+----+-------------------+-------------------+---------+---------------------
*   1: printout of the result at time [hours]
*---+----+-------------------+-------------------+---------+---------------------
    1    0 3.7312800000000D+04
*---+----+-------------------+-------------------+---------+---------------------
    2    1 3.7312800000000D+04 8.4622000000000D+00
   0.86301    1.0586    1.0839    1.0651    1.0507     1.038    1.0277    1.0168
   0.98532    0.8109
    3    1 3.7312800000000D+04 5.4623501000000D+12
   0.86301    1.0586    1.0839    1.0651    1.0507     1.038    1.0277    1.0168
   0.98532    0.8109
    9    0 3.7312800000000D+04 2.9170000000000D+02
   10    0 3.7312800000000D+04 1.5800000000000D+01
*---+----+-------------------+-------------------+---------+---------------------
*   1: printout of the result at time [hours]
*---+----+-------------------+-------------------+---------+---------------------
    1    0 3.9067200000000D+04
*---+----+-------------------+-------------------+---------+---------------------
    2    1 3.9067200000000D+04 8.8733000000000D+00
   0.83475   0.99106   0.99557   0.99749    1.0089    1.0265    1.0491    1.0764
    1.0932   0.92716
    3    1 3.9067200000000D+04 5.6611654000000D+12
   0.83475   0.99106   0.99557   0.99749    1.0089    1.0265    1.0491    1.0764
    1.0932   0.92716
    9    0 3.9067200000000D+04 2.9170000000000D+02
   10    0 3.9067200000000D+04 1.5800000000000D+01
*---+----+-------------------+-------------------+---------+---------------------
*   1: printout of the result at time [hours]
*---+----+-------------------+-------------------+---------+---------------------
    1    0 4.0010400000000D+04
*---+----+-------------------+-------------------+---------+---------------------
    2    1 4.0010400000000D+04 7.8206000000000D+00
   0.71299   0.84367   0.86771   0.90568   0.95965    1.0243    1.0994    1.1876
    1.2691    1.1298
    3    1 4.0010400000000D+04 4.8573746600000D+12
   0.71299   0.84367   0.86771   0.90568   0.95965    1.0243    1.0994    1.1876
    1.2691    1.1298
    9    0 4.0010400000000D+04 2.8120000000000D+02
   10    0 4.0010400000000D+04 1.5800000000000D+01
* data point #1117 end
*  00:  last line of data set (finishing the program)
*---+----+-------------------+-------------------+---------+---------------------
00000    0 4.0010400000000D+04
*---+----+-------------------+-------------------+---------+---------------------
