* data point #2207 begin
*
*---+----+-------------------+-------------------+---------+---------------------
*   1: printout of the result at time [hours]
*---+----+-------------------+-------------------+---------+---------------------
    1    0 0.0000000000000D+00
*---+----+-------------------+-------------------+---------+---------------------
    2    1 0.0000000000000D+00 1.6895400000000D+01
   0.63212   0.99743    1.1025    1.1525    1.1793    1.1825    1.1606    1.1063
   0.96659   0.52014
    3    1 0.0000000000000D+00 7.4880412800000D+12
   0.63212   0.99743    1.1025    1.1525    1.1793    1.1825    1.1606    1.1063
   0.96659   0.52014
    9    0 0.0000000000000D+00 2.9170000000000D+02
   10    0 0.0000000000000D+00 1.5800000000000D+01
*---+----+-------------------+-------------------+---------+---------------------
*   1: printout of the result at time [hours]
*---+----+-------------------+-------------------+---------+---------------------
    1    0 1.4400000000000D+02
*---+----+-------------------+-------------------+---------+---------------------
    2    1 1.4400000000000D+02 1.7335900000000D+01
   0.76229    1.1229    1.1761    1.1624    1.1425    1.1143    1.0776    1.0259
   0.90898    0.5071
    3    1 1.4400000000000D+02 7.7075411400000D+12
   0.76229    1.1229    1.1761    1.1624    1.1425    1.1143    1.0776    1.0259
   0.90898    0.5071
    9    0 1.4400000000000D+02 2.9170000000000D+02
   10    0 1.4400000000000D+02 1.5800000000000D+01
*---+----+-------------------+-------------------+---------+---------------------
*   1: printout of the result at time [hours]
*---+----+-------------------+-------------------+---------+---------------------
    1    0 1.4400000000000D+03
*---+----+-------------------+-------------------+---------+---------------------
    2    1 1.4400000000000D+03 1.7487700000000D+01
   0.81114    1.1323    1.1478    1.1277    1.1069    1.0861    1.0634    1.0323
   0.94261    0.5497
    3    1 1.4400000000000D+03 7.8170019000000D+12
   0.81114    1.1323    1.1478    1.1277    1.1069    1.0861    1.0634    1.0323
   0.94261    0.5497
    9    0 1.4400000000000D+03 2.9170000000000D+02
   10    0 1.4400000000000D+03 1.5800000000000D+01
*---+----+-------------------+-------------------+---------+---------------------
*   1: printout of the result at time [hours]
*---+----+-------------------+-------------------+---------+---------------------
    1    0 3.0456000000000D+03
*---+----+-------------------+-------------------+---------+---------------------
    2    1 3.0456000000000D+03 1.7708000000000D+01
   0.84233    1.1115    1.0988    1.0738     1.056    1.0444    1.0402    1.0451
    1.0278   0.66004
    3    1 3.0456000000000D+03 7.9172468000000D+12
   0.84233    1.1115    1.0988    1.0738     1.056    1.0444    1.0402    1.0451
    1.0278   0.66004
    9    0 3.0456000000000D+03 2.9170000000000D+02
   10    0 3.0456000000000D+03 1.5800000000000D+01
*---+----+-------------------+-------------------+---------+---------------------
*   1: printout of the result at time [hours]
*---+----+-------------------+-------------------+---------+---------------------
    1    0 4.9008000000000D+03
*---+----+-------------------+-------------------+---------+---------------------
    2    1 4.9008000000000D+03 1.3681300000000D+01
   0.68919   0.89114   0.91307    0.9453   0.99296    1.0502    1.1183    1.2043
    1.2918   0.90372
    3    1 4.9008000000000D+03 5.8528601400000D+12
   0.68919   0.89114   0.91307    0.9453   0.99296    1.0502    1.1183    1.2043
    1.2918   0.90372
    9    0 4.9008000000000D+03 2.7330000000000D+02
   10    0 4.9008000000000D+03 1.5800000000000D+01
*---+----+-------------------+-------------------+---------+---------------------
*   1: printout of the result at time [hours]
*---+----+-------------------+-------------------+---------+---------------------
    1    0 4.9046000000000D+03
*---+----+-------------------+-------------------+---------+---------------------
    2    1 4.9046000000000D+03 8.1840000000000D+00
     0.538   0.72324   0.77981   0.85386   0.94978    1.0624    1.1927    1.3454
     1.494    1.0607
    3    1 4.9046000000000D+03 3.5060256000000D+12
     0.538   0.72324   0.77981   0.85386   0.94978    1.0624    1.1927    1.3454
     1.494    1.0607
    9    0 4.9046000000000D+03 2.8340000000000D+02
   10    0 4.9046000000000D+03 1.5800000000000D+01
*---+----+-------------------+-------------------+---------+---------------------
*   1: printout of the result at time [hours]
*---+----+-------------------+-------------------+---------+---------------------
    1    0 4.9066000000000D+03
*---+----+-------------------+-------------------+---------+---------------------
    2    1 4.9066000000000D+03 2.2997400000000D+01
   0.75891    1.1139    1.1948    1.2112    1.1848    1.1373    1.0711   0.98607
   0.85236   0.48949
    3    1 4.9066000000000D+03 1.0965160320000D+13
   0.75891    1.1139    1.1948    1.2112    1.1848    1.1373    1.0711   0.98607
   0.85236   0.48949
    9    0 4.9066000000000D+03 2.9170000000000D+02
   10    0 4.9066000000000D+03 1.5800000000000D+01
*---+----+-------------------+-------------------+---------+---------------------
*   1: printout of the result at time [hours]
*---+----+-------------------+-------------------+---------+---------------------
    1    0 5.0496000000000D+03
*---+----+-------------------+-------------------+---------+---------------------
    2    1 5.0496000000000D+03 2.3397400000000D+01
   0.86193    1.1935    1.2279    1.1916     1.143     1.085    1.0211   0.94827
    0.8342   0.49347
    3    1 5.0496000000000D+03 1.1172258500000D+13
   0.86193    1.1935    1.2279    1.1916     1.143     1.085    1.0211   0.94827
    0.8342   0.49347
    9    0 5.0496000000000D+03 2.9170000000000D+02
   10    0 5.0496000000000D+03 1.5800000000000D+01
*---+----+-------------------+-------------------+---------+---------------------
*   1: printout of the result at time [hours]
*---+----+-------------------+-------------------+---------+---------------------
    1    0 6.4656000000000D+03
*---+----+-------------------+-------------------+---------+---------------------
    2    1 6.4656000000000D+03 2.3085200000000D+01
   0.86662    1.1393    1.1468    1.1238    1.0965    1.0674    1.0372    1.0029
   0.93337   0.58622
    3    1 6.4656000000000D+03 1.1101672680000D+13
   0.86662    1.1393    1.1468    1.1238    1.0965    1.0674    1.0372    1.0029
   0.93337   0.58622
    9    0 6.4656000000000D+03 2.9170000000000D+02
   10    0 6.4656000000000D+03 1.5800000000000D+01
*---+----+-------------------+-------------------+---------+---------------------
*   1: printout of the result at time [hours]
*---+----+-------------------+-------------------+---------+---------------------
    1    0 7.2912000000000D+03
*---+----+-------------------+-------------------+---------+---------------------
    2    1 7.2912000000000D+03 2.3002800000000D+01
   0.88333    1.1329    1.1242    1.0986    1.0736    1.0502    1.0292    1.0097
   0.96649   0.63188
    3    1 7.2912000000000D+03 1.1087349600000D+13
   0.88333    1.1329    1.1242    1.0986    1.0736    1.0502    1.0292    1.0097
   0.96649   0.63188
    9    0 7.2912000000000D+03 2.9170000000000D+02
   10    0 7.2912000000000D+03 1.5800000000000D+01
*---+----+-------------------+-------------------+---------+---------------------
*   1: printout of the result at time [hours]
*---+----+-------------------+-------------------+---------+---------------------
    1    0 7.9286000000000D+03
*---+----+-------------------+-------------------+---------+---------------------
    2    1 7.9286000000000D+03 2.1921700000000D+01
   0.79068    1.0091    1.0257    1.0356    1.0503    1.0667     1.084    1.1022
    1.0941   0.74164
    3    1 7.9286000000000D+03 1.0351426740000D+13
   0.79068    1.0091    1.0257    1.0356    1.0503    1.0667     1.084    1.1022
    1.0941   0.74164
    9    0 7.9286000000000D+03 2.8320000000000D+02
   10    0 7.9286000000000D+03 1.5800000000000D+01
*---+----+-------------------+-------------------+---------+---------------------
*   1: printout of the result at time [hours]
*---+----+-------------------+-------------------+---------+---------------------
    1    0 7.9306000000000D+03
*---+----+-------------------+-------------------+---------+---------------------
    2    1 7.9306000000000D+03 2.2715000000000D+01
   0.53471   0.80449    0.9488     1.065    1.1571    1.2205    1.2511    1.2229
    1.1119   0.68351
    3    1 7.9306000000000D+03 1.2186597500000D+13
   0.53471   0.80449    0.9488     1.065    1.1571    1.2205    1.2511    1.2229
    1.1119   0.68351
    9    0 7.9306000000000D+03 2.9170000000000D+02
   10    0 7.9306000000000D+03 1.5800000000000D+01
*---+----+-------------------+-------------------+---------+---------------------
*   1: printout of the result at time [hours]
*---+----+-------------------+-------------------+---------+---------------------
    1    0 8.0736000000000D+03
*---+----+-------------------+-------------------+---------+---------------------
    2    1 8.0736000000000D+03 2.2503100000000D+01
   0.70884   0.98742    1.0711    1.1125    1.1331    1.1492    1.1269    1.0903
   0.99533   0.62534
    3    1 8.0736000000000D+03 1.2050410050000D+13
   0.70884   0.98742    1.0711    1.1125    1.1331    1.1492    1.1269    1.0903
   0.99533   0.62534
    9    0 8.0736000000000D+03 2.9170000000000D+02
   10    0 8.0736000000000D+03 1.5800000000000D+01
*---+----+-------------------+-------------------+---------+---------------------
*   1: printout of the result at time [hours]
*---+----+-------------------+-------------------+---------+---------------------
    1    0 1.2969600000000D+04
*---+----+-------------------+-------------------+---------+---------------------
    2    1 1.2969600000000D+04 2.2014400000000D+01
    0.8673    1.1139     1.137    1.1125     1.089    1.0657    1.0423    1.0118
   0.93966   0.62082
    3    1 1.2969600000000D+04 1.2066092640000D+13
    0.8673    1.1139     1.137    1.1125     1.089    1.0657    1.0423    1.0118
   0.93966   0.62082
    9    0 1.2969600000000D+04 2.9170000000000D+02
   10    0 1.2969600000000D+04 1.5800000000000D+01
*---+----+-------------------+-------------------+---------+---------------------
*   1: printout of the result at time [hours]
*---+----+-------------------+-------------------+---------+---------------------
    1    0 1.5621600000000D+04
*---+----+-------------------+-------------------+---------+---------------------
    2    1 1.5621600000000D+04 2.1466200000000D+01
   0.87999    1.0612    1.0476    1.0327    1.0292    1.0343    1.0471    1.0653
    1.0579   0.74471
    3    1 1.5621600000000D+04 1.1879395080000D+13
   0.87999    1.0612    1.0476    1.0327    1.0292    1.0343    1.0471    1.0653
    1.0579   0.74471
    9    0 1.5621600000000D+04 2.9170000000000D+02
   10    0 1.5621600000000D+04 1.5800000000000D+01
*---+----+-------------------+-------------------+---------+---------------------
*   1: printout of the result at time [hours]
*---+----+-------------------+-------------------+---------+---------------------
    1    0 1.6407800000000D+04
*---+----+-------------------+-------------------+---------+---------------------
    2    1 1.6407800000000D+04 2.0060900000000D+01
    0.7732   0.92872    0.9376   0.95848   0.99462    1.0408    1.0963    1.1619
    1.2181   0.89024
    3    1 1.6407800000000D+04 1.0816837280000D+13
    0.7732   0.92872    0.9376   0.95848   0.99462    1.0408    1.0963    1.1619
    1.2181   0.89024
    9    0 1.6407800000000D+04 2.8120000000000D+02
   10    0 1.6407800000000D+04 1.5800000000000D+01
*---+----+-------------------+-------------------+---------+---------------------
*   1: printout of the result at time [hours]
*---+----+-------------------+-------------------+---------+---------------------
    1    0 1.6409800000000D+04
*---+----+-------------------+-------------------+---------+---------------------
    2    1 1.6409800000000D+04 1.8736400000000D+01
   0.43525   0.60503   0.71908   0.84942   0.98994    1.1312    1.2642    1.3784
    1.4577    1.1698
    3    1 1.6409800000000D+04 1.1170641680000D+13
   0.43525   0.60503   0.71908   0.84942   0.98994    1.1312    1.2642    1.3784
    1.4577    1.1698
    9    0 1.6409800000000D+04 2.9170000000000D+02
   10    0 1.6409800000000D+04 1.5800000000000D+01
*---+----+-------------------+-------------------+---------+---------------------
*   1: printout of the result at time [hours]
*---+----+-------------------+-------------------+---------+---------------------
    1    0 1.6552800000000D+04
*---+----+-------------------+-------------------+---------+---------------------
    2    1 1.6552800000000D+04 1.8782100000000D+01
   0.63965    0.8236   0.89074   0.95591    1.0216    1.0856    1.1468    1.2024
    1.2367   0.99712
    3    1 1.6552800000000D+04 1.1199766230000D+13
   0.63965    0.8236   0.89074   0.95591    1.0216    1.0856    1.1468    1.2024
    1.2367   0.99712
    9    0 1.6552800000000D+04 2.9170000000000D+02
   10    0 1.6552800000000D+04 1.5800000000000D+01
*---+----+-------------------+-------------------+---------+---------------------
*   1: printout of the result at time [hours]
*---+----+-------------------+-------------------+---------+---------------------
    1    0 2.1808800000000D+04
*---+----+-------------------+-------------------+---------+---------------------
    2    1 2.1808800000000D+04 1.8690500000000D+01
   0.90051    1.0652    1.0601    1.0491    1.0385    1.0293    1.0226    1.0181
    1.0015   0.81507
    3    1 2.1808800000000D+04 1.1414288350000D+13
   0.90051    1.0652    1.0601    1.0491    1.0385    1.0293    1.0226    1.0181
    1.0015   0.81507
    9    0 2.1808800000000D+04 2.9170000000000D+02
   10    0 2.1808800000000D+04 1.5800000000000D+01
*---+----+-------------------+-------------------+---------+---------------------
*   1: printout of the result at time [hours]
*---+----+-------------------+-------------------+---------+---------------------
    1    0 2.3690400000000D+04
*---+----+-------------------+-------------------+---------+---------------------
    2    1 2.3690400000000D+04 1.8447800000000D+01
     0.902    1.0279    1.0139    1.0055    1.0052    1.0101     1.021    1.0412
     1.075    0.8981
    3    1 2.3690400000000D+04 1.1310346180000D+13
     0.902    1.0279    1.0139    1.0055    1.0052    1.0101     1.021    1.0412
     1.075    0.8981
    9    0 2.3690400000000D+04 2.9170000000000D+02
   10    0 2.3690400000000D+04 1.5800000000000D+01
*---+----+-------------------+-------------------+---------+---------------------
*   1: printout of the result at time [hours]
*---+----+-------------------+-------------------+---------+---------------------
    1    0 2.4426200000000D+04
*---+----+-------------------+-------------------+---------+---------------------
    2    1 2.4426200000000D+04 1.7109800000000D+01
   0.79434   0.90247   0.90878   0.93292   0.96997    1.0146    1.0672    1.1334
    1.2086    1.0678
    3    1 2.4426200000000D+04 1.0204284720000D+13
   0.79434   0.90247   0.90878   0.93292   0.96997    1.0146    1.0672    1.1334
    1.2086    1.0678
    9    0 2.4426200000000D+04 2.8110000000000D+02
   10    0 2.4426200000000D+04 1.5800000000000D+01
*---+----+-------------------+-------------------+---------+---------------------
*   1: printout of the result at time [hours]
*---+----+-------------------+-------------------+---------+---------------------
    1    0 2.4428200000000D+04
*---+----+-------------------+-------------------+---------+---------------------
    2    1 2.4428200000000D+04 1.4310400000000D+01
   0.48692   0.68167   0.81144   0.94092    1.0651    1.1752    1.2613    1.3185
    1.2845   0.97454
    3    1 2.4428200000000D+04 9.4491571200000D+12
   0.48692   0.68167   0.81144   0.94092    1.0651    1.1752    1.2613    1.3185
    1.2845   0.97454
    9    0 2.4428200000000D+04 2.9170000000000D+02
   10    0 2.4428200000000D+04 1.5800000000000D+01
*---+----+-------------------+-------------------+---------+---------------------
*   1: printout of the result at time [hours]
*---+----+-------------------+-------------------+---------+---------------------
    1    0 2.4571200000000D+04
*---+----+-------------------+-------------------+---------+---------------------
    2    1 2.4571200000000D+04 1.4488300000000D+01
    0.6869   0.88906   0.96471    1.0219    1.0691    1.1072    1.1353    1.1549
    1.1157   0.85538
    3    1 2.4571200000000D+04 9.5405455500000D+12
    0.6869   0.88906   0.96471    1.0219    1.0691    1.1072    1.1353    1.1549
    1.1157   0.85538
    9    0 2.4571200000000D+04 2.9170000000000D+02
   10    0 2.4571200000000D+04 1.5800000000000D+01
*---+----+-------------------+-------------------+---------+---------------------
*   1: printout of the result at time [hours]
*---+----+-------------------+-------------------+---------+---------------------
    1    0 2.8027200000000D+04
*---+----+-------------------+-------------------+---------+---------------------
    2    1 2.8027200000000D+04 1.4860400000000D+01
    0.8775    1.0455    1.0534    1.0471    1.0408    1.0371    1.0365    1.0372
    1.0161   0.80886
    3    1 2.8027200000000D+04 9.7870594400000D+12
    0.8775    1.0455    1.0534    1.0471    1.0408    1.0371    1.0365    1.0372
    1.0161   0.80886
    9    0 2.8027200000000D+04 2.9170000000000D+02
   10    0 2.8027200000000D+04 1.5800000000000D+01
*---+----+-------------------+-------------------+---------+---------------------
*   1: printout of the result at time [hours]
*---+----+-------------------+-------------------+---------+---------------------
    1    0 3.0187200000000D+04
*---+----+-------------------+-------------------+---------+---------------------
    2    1 3.0187200000000D+04 1.4967100000000D+01
   0.91868    1.0808    1.0739    1.0581     1.043    1.0297    1.0186    1.0092
   0.98095   0.78706
    3    1 3.0187200000000D+04 9.8678090300000D+12
   0.91868    1.0808    1.0739    1.0581     1.043    1.0297    1.0186    1.0092
   0.98095   0.78706
    9    0 3.0187200000000D+04 2.9170000000000D+02
   10    0 3.0187200000000D+04 1.5800000000000D+01
*---+----+-------------------+-------------------+---------+---------------------
*   1: printout of the result at time [hours]
*---+----+-------------------+-------------------+---------+---------------------
    1    0 3.1490400000000D+04
*---+----+-------------------+-------------------+---------+---------------------
    2    1 3.1490400000000D+04 1.5045900000000D+01
   0.89872     1.026    1.0164    1.0112    1.0142    1.0209     1.031    1.0465
    1.0598   0.87519
    3    1 3.1490400000000D+04 9.9137435100000D+12
   0.89872     1.026    1.0164    1.0112    1.0142    1.0209     1.031    1.0465
    1.0598   0.87519
    9    0 3.1490400000000D+04 2.9170000000000D+02
   10    0 3.1490400000000D+04 1.5800000000000D+01
*---+----+-------------------+-------------------+---------+---------------------
*   1: printout of the result at time [hours]
*---+----+-------------------+-------------------+---------+---------------------
    1    0 3.1911800000000D+04
*---+----+-------------------+-------------------+---------+---------------------
    2    1 3.1911800000000D+04 1.4134600000000D+01
   0.80455   0.92107   0.93062   0.95369    0.9885    1.0285    1.0728    1.1241
    1.1838   0.99232
    3    1 3.1911800000000D+04 9.1606342600000D+12
   0.80455   0.92107   0.93062   0.95369    0.9885    1.0285    1.0728    1.1241
    1.1838   0.99232
    9    0 3.1911800000000D+04 2.8640000000000D+02
   10    0 3.1911800000000D+04 1.5800000000000D+01
*---+----+-------------------+-------------------+---------+---------------------
*   1: printout of the result at time [hours]
*---+----+-------------------+-------------------+---------+---------------------
    1    0 3.1913800000000D+04
*---+----+-------------------+-------------------+---------+---------------------
    2    1 3.1913800000000D+04 7.7471000000000D+00
    0.4865   0.70155   0.84574   0.97546    1.0924    1.1899    1.2571    1.2858
    1.2224   0.94319
    3    1 3.1913800000000D+04 5.3315542200000D+12
    0.4865   0.70155   0.84574   0.97546    1.0924    1.1899    1.2571    1.2858
    1.2224   0.94319
    9    0 3.1913800000000D+04 2.9170000000000D+02
   10    0 3.1913800000000D+04 1.5800000000000D+01
*---+----+-------------------+-------------------+---------+---------------------
*   1: printout of the result at time [hours]
*---+----+-------------------+-------------------+---------+---------------------
    1    0 3.2056800000000D+04
*---+----+-------------------+-------------------+---------+---------------------
    2    1 3.2056800000000D+04 7.8345000000000D+00
   0.67535    0.8977   0.98756    1.0444    1.0855    1.1155    1.1369    1.1273
    1.0788   0.85111
    3    1 3.2056800000000D+04 5.3211924000000D+12
   0.67535    0.8977   0.98756    1.0444    1.0855    1.1155    1.1369    1.1273
    1.0788   0.85111
    9    0 3.2056800000000D+04 2.9170000000000D+02
   10    0 3.2056800000000D+04 1.5800000000000D+01
*---+----+-------------------+-------------------+---------+---------------------
*   1: printout of the result at time [hours]
*---+----+-------------------+-------------------+---------+---------------------
    1    0 3.5512800000000D+04
*---+----+-------------------+-------------------+---------+---------------------
    2    1 3.5512800000000D+04 8.5719000000000D+00
   0.83284      1.03    1.0634     1.054    1.0485    1.0449    1.0434    1.0399
    1.0134   0.82957
    3    1 3.5512800000000D+04 5.7063138300000D+12
   0.83284      1.03    1.0634     1.054    1.0485    1.0449    1.0434    1.0399
    1.0134   0.82957
    9    0 3.5512800000000D+04 2.9170000000000D+02
   10    0 3.5512800000000D+04 1.5800000000000D+01
*---+----+-------------------+-------------------+---------+---------------------
*   1: printout of the result at time [hours]
*---+----+-------------------+-------------------+---------+---------------------
    1    0 3.7312800000000D+04
*---+----+-------------------+-------------------+---------+---------------------
    2    1 3.7312800000000D+04 8.9943000000000D+00
   0.86355    1.0587    1.0838    1.0648    1.0504    1.0378    1.0274    1.0165
   0.98551   0.81151
    3    1 3.7312800000000D+04 5.9362380000000D+12
   0.86355    1.0587    1.0838    1.0648    1.0504    1.0378    1.0274    1.0165
   0.98551   0.81151
    9    0 3.7312800000000D+04 2.9170000000000D+02
   10    0 3.7312800000000D+04 1.5800000000000D+01
*---+----+-------------------+-------------------+---------+---------------------
*   1: printout of the result at time [hours]
*---+----+-------------------+-------------------+---------+---------------------
    1    0 3.9067200000000D+04
*---+----+-------------------+-------------------+---------+---------------------
    2    1 3.9067200000000D+04 9.3949000000000D+00
   0.83513   0.99107   0.99533   0.99714    1.0085    1.0262     1.049    1.0763
    1.0934   0.92795
    3    1 3.9067200000000D+04 6.1348697000000D+12
   0.83513   0.99107   0.99533   0.99714    1.0085    1.0262     1.049    1.0763
    1.0934   0.92795
    9    0 3.9067200000000D+04 2.9170000000000D+02
   10    0 3.9067200000000D+04 1.5800000000000D+01
*---+----+-------------------+-------------------+---------+---------------------
*   1: printout of the result at time [hours]
*---+----+-------------------+-------------------+---------+---------------------
    1    0 4.0010400000000D+04
*---+----+-------------------+-------------------+---------+---------------------
    2    1 4.0010400000000D+04 8.2833000000000D+00
   0.71336   0.84363   0.86753   0.90532    0.9594    1.0241    1.0991    1.1874
    1.2694    1.1307
    3    1 4.0010400000000D+04 5.2607238300000D+12
   0.71336   0.84363   0.86753   0.90532    0.9594    1.0241    1.0991    1.1874
    1.2694    1.1307
    9    0 4.0010400000000D+04 2.8120000000000D+02
   10    0 4.0010400000000D+04 1.5800000000000D+01
* data point #2207 end
*  00:  last line of data set (finishing the program)
*---+----+-------------------+-------------------+---------+---------------------
00000    0 4.0010400000000D+04
*---+----+-------------------+-------------------+---------+---------------------
