* data point #2111 begin
*
*---+----+-------------------+-------------------+---------+---------------------
*   1: printout of the result at time [hours]
*---+----+-------------------+-------------------+---------+---------------------
    1    0 0.0000000000000D+00
*---+----+-------------------+-------------------+---------+---------------------
    2    1 0.0000000000000D+00 2.5257900000000D+01
   0.56893   0.83609   0.99597    1.1134    1.1976     1.245    1.2427    1.1795
    1.0107   0.61019
    3    1 0.0000000000000D+00 1.1957089860000D+13
   0.56893   0.83609   0.99597    1.1134    1.1976     1.245    1.2427    1.1795
    1.0107   0.61019
    9    0 0.0000000000000D+00 2.9170000000000D+02
   10    0 0.0000000000000D+00 1.5800000000000D+01
*---+----+-------------------+-------------------+---------+---------------------
*   1: printout of the result at time [hours]
*---+----+-------------------+-------------------+---------+---------------------
    1    0 1.4400000000000D+02
*---+----+-------------------+-------------------+---------+---------------------
    2    1 1.4400000000000D+02 2.5627500000000D+01
   0.73019   0.99085    1.0898     1.136     1.157    1.1577    1.1355    1.0776
   0.93946   0.58597
    3    1 1.4400000000000D+02 1.2144872250000D+13
   0.73019   0.99085    1.0898     1.136     1.157    1.1577    1.1355    1.0776
   0.93946   0.58597
    9    0 1.4400000000000D+02 2.9170000000000D+02
   10    0 1.4400000000000D+02 1.5800000000000D+01
*---+----+-------------------+-------------------+---------+---------------------
*   1: printout of the result at time [hours]
*---+----+-------------------+-------------------+---------+---------------------
    1    0 3.6000000000000D+03
*---+----+-------------------+-------------------+---------+---------------------
    2    1 3.6000000000000D+03 2.5705100000000D+01
   0.85773    1.0931     1.109    1.0933    1.0776    1.0648    1.0542    1.0378
   0.97043    0.6419
    3    1 3.6000000000000D+03 1.2153371280000D+13
   0.85773    1.0931     1.109    1.0933    1.0776    1.0648    1.0542    1.0378
   0.97043    0.6419
    9    0 3.6000000000000D+03 2.9170000000000D+02
   10    0 3.6000000000000D+03 1.5800000000000D+01
*---+----+-------------------+-------------------+---------+---------------------
*   1: printout of the result at time [hours]
*---+----+-------------------+-------------------+---------+---------------------
    1    0 5.7600000000000D+03
*---+----+-------------------+-------------------+---------+---------------------
    2    1 5.7600000000000D+03 2.5753300000000D+01
   0.88206    1.1404     1.128    1.0956    1.0683    1.0465    1.0299    1.0144
   0.95879   0.63603
    3    1 5.7600000000000D+03 1.2227666840000D+13
   0.88206    1.1404     1.128    1.0956    1.0683    1.0465    1.0299    1.0144
   0.95879   0.63603
    9    0 5.7600000000000D+03 2.9170000000000D+02
   10    0 5.7600000000000D+03 1.5800000000000D+01
*---+----+-------------------+-------------------+---------+---------------------
*   1: printout of the result at time [hours]
*---+----+-------------------+-------------------+---------+---------------------
    1    0 6.9888000000000D+03
*---+----+-------------------+-------------------+---------+---------------------
    2    1 6.9888000000000D+03 2.5625900000000D+01
    0.8763    1.1172     1.088    1.0585    1.0398    1.0293    1.0277    1.0376
    1.0278   0.69793
    3    1 6.9888000000000D+03 1.2203053580000D+13
    0.8763    1.1172     1.088    1.0585    1.0398    1.0293    1.0277    1.0376
    1.0278   0.69793
    9    0 6.9888000000000D+03 2.9170000000000D+02
   10    0 6.9888000000000D+03 1.5800000000000D+01
*---+----+-------------------+-------------------+---------+---------------------
*   1: printout of the result at time [hours]
*---+----+-------------------+-------------------+---------+---------------------
    1    0 8.4830000000000D+03
*---+----+-------------------+-------------------+---------+---------------------
    2    1 8.4830000000000D+03 2.1552100000000D+01
   0.72508   0.90961    0.9168   0.94218   0.98403    1.0359    1.0996    1.1842
    1.2807   0.92191
    3    1 8.4830000000000D+03 9.8643961700000D+12
   0.72508   0.90961    0.9168   0.94218   0.98403    1.0359    1.0996    1.1842
    1.2807   0.92191
    9    0 8.4830000000000D+03 2.7520000000000D+02
   10    0 8.4830000000000D+03 1.5800000000000D+01
*---+----+-------------------+-------------------+---------+---------------------
*   1: printout of the result at time [hours]
*---+----+-------------------+-------------------+---------+---------------------
    1    0 8.4850000000000D+03
*---+----+-------------------+-------------------+---------+---------------------
    2    1 8.4850000000000D+03 2.2146400000000D+01
    0.6816   0.99172    1.0855    1.1334    1.1582    1.1591    1.1353     1.084
   0.97542   0.59576
    3    1 8.4850000000000D+03 1.3030941760000D+13
    0.6816   0.99172    1.0855    1.1334    1.1582    1.1591    1.1353     1.084
   0.97542   0.59576
    9    0 8.4850000000000D+03 2.9170000000000D+02
   10    0 8.4850000000000D+03 1.5800000000000D+01
*---+----+-------------------+-------------------+---------+---------------------
*   1: printout of the result at time [hours]
*---+----+-------------------+-------------------+---------+---------------------
    1    0 8.6280000000000D+03
*---+----+-------------------+-------------------+---------+---------------------
    2    1 8.6280000000000D+03 2.1440700000000D+01
   0.79913     1.098    1.1471    1.1385    1.1237    1.0989    1.0649    1.0185
   0.92893    0.5824
    3    1 8.6280000000000D+03 1.2600699390000D+13
   0.79913     1.098    1.1471    1.1385    1.1237    1.0989    1.0649    1.0185
   0.92893    0.5824
    9    0 8.6280000000000D+03 2.9170000000000D+02
   10    0 8.6280000000000D+03 1.5800000000000D+01
*---+----+-------------------+-------------------+---------+---------------------
*   1: printout of the result at time [hours]
*---+----+-------------------+-------------------+---------+---------------------
    1    0 9.9240000000000D+03
*---+----+-------------------+-------------------+---------+---------------------
    2    1 9.9240000000000D+03 2.1300600000000D+01
   0.83683    1.0979    1.1218    1.1039    1.0902    1.0745    1.0557    1.0295
   0.96378   0.62594
    3    1 9.9240000000000D+03 1.2460851000000D+13
   0.83683    1.0979    1.1218    1.1039    1.0902    1.0745    1.0557    1.0295
   0.96378   0.62594
    9    0 9.9240000000000D+03 2.9170000000000D+02
   10    0 9.9240000000000D+03 1.5800000000000D+01
*---+----+-------------------+-------------------+---------+---------------------
*   1: printout of the result at time [hours]
*---+----+-------------------+-------------------+---------+---------------------
    1    0 1.1529600000000D+04
*---+----+-------------------+-------------------+---------+---------------------
    2    1 1.1529600000000D+04 2.1042100000000D+01
   0.85738    1.0781    1.0735    1.0584    1.0486    1.0429     1.042    1.0468
    1.0339   0.71842
    3    1 1.1529600000000D+04 1.2210730630000D+13
   0.85738    1.0781    1.0735    1.0584    1.0486    1.0429     1.042    1.0468
    1.0339   0.71842
    9    0 1.1529600000000D+04 2.9170000000000D+02
   10    0 1.1529600000000D+04 1.5800000000000D+01
*---+----+-------------------+-------------------+---------+---------------------
*   1: printout of the result at time [hours]
*---+----+-------------------+-------------------+---------+---------------------
    1    0 1.3384800000000D+04
*---+----+-------------------+-------------------+---------+---------------------
    2    1 1.3384800000000D+04 1.7124900000000D+01
   0.69303   0.85887    0.8866   0.92544   0.97916    1.0426    1.1166    1.2065
    1.3063   0.98482
    3    1 1.3384800000000D+04 9.3793077300000D+12
   0.69303   0.85887    0.8866   0.92544   0.97916    1.0426    1.1166    1.2065
    1.3063   0.98482
    9    0 1.3384800000000D+04 2.7330000000000D+02
   10    0 1.3384800000000D+04 1.5800000000000D+01
*---+----+-------------------+-------------------+---------+---------------------
*   1: printout of the result at time [hours]
*---+----+-------------------+-------------------+---------+---------------------
    1    0 1.3388600000000D+04
*---+----+-------------------+-------------------+---------+---------------------
    2    1 1.3388600000000D+04 1.0576200000000D+01
   0.53923   0.69533   0.75528   0.83357    0.9337    1.0517     1.188    1.3457
    1.4964    1.1612
    3    1 1.3388600000000D+04 5.7851814000000D+12
   0.53923   0.69533   0.75528   0.83357    0.9337    1.0517     1.188    1.3457
    1.4964    1.1612
    9    0 1.3388600000000D+04 2.8340000000000D+02
   10    0 1.3388600000000D+04 1.5800000000000D+01
*---+----+-------------------+-------------------+---------+---------------------
*   1: printout of the result at time [hours]
*---+----+-------------------+-------------------+---------+---------------------
    1    0 1.3390600000000D+04
*---+----+-------------------+-------------------+---------+---------------------
    2    1 1.3390600000000D+04 2.1310000000000D+01
   0.78306     1.042    1.1139    1.1465    1.1506    1.1266    1.0837     1.023
   0.92694   0.60371
    3    1 1.3390600000000D+04 1.1334789000000D+13
   0.78306     1.042    1.1139    1.1465    1.1506    1.1266    1.0837     1.023
   0.92694   0.60371
    9    0 1.3390600000000D+04 2.9170000000000D+02
   10    0 1.3390600000000D+04 1.5800000000000D+01
*---+----+-------------------+-------------------+---------+---------------------
*   1: printout of the result at time [hours]
*---+----+-------------------+-------------------+---------+---------------------
    1    0 1.3533600000000D+04
*---+----+-------------------+-------------------+---------+---------------------
    2    1 1.3533600000000D+04 2.1597700000000D+01
   0.88704    1.1231    1.1537    1.1383    1.1132    1.0765    1.0321   0.97983
   0.89889   0.59733
    3    1 1.3533600000000D+04 1.1461899390000D+13
   0.88704    1.1231    1.1537    1.1383    1.1132    1.0765    1.0321   0.97983
   0.89889   0.59733
    9    0 1.3533600000000D+04 2.9170000000000D+02
   10    0 1.3533600000000D+04 1.5800000000000D+01
*---+----+-------------------+-------------------+---------+---------------------
*   1: printout of the result at time [hours]
*---+----+-------------------+-------------------+---------+---------------------
    1    0 1.4949600000000D+04
*---+----+-------------------+-------------------+---------+---------------------
    2    1 1.4949600000000D+04 2.1366000000000D+01
    0.8902    1.0769    1.0824    1.0762    1.0672    1.0554    1.0417    1.0262
   0.99031   0.69344
    3    1 1.4949600000000D+04 1.1347482600000D+13
    0.8902    1.0769    1.0824    1.0762    1.0672    1.0554    1.0417    1.0262
   0.99031   0.69344
    9    0 1.4949600000000D+04 2.9170000000000D+02
   10    0 1.4949600000000D+04 1.5800000000000D+01
*---+----+-------------------+-------------------+---------+---------------------
*   1: printout of the result at time [hours]
*---+----+-------------------+-------------------+---------+---------------------
    1    0 1.5775200000000D+04
*---+----+-------------------+-------------------+---------+---------------------
    2    1 1.5775200000000D+04 2.1289700000000D+01
   0.90621    1.0724    1.0635    1.0536    1.0454    1.0378    1.0321    1.0302
    1.0192   0.73951
    3    1 1.5775200000000D+04 1.1281412030000D+13
   0.90621    1.0724    1.0635    1.0536    1.0454    1.0378    1.0321    1.0302
    1.0192   0.73951
    9    0 1.5775200000000D+04 2.9170000000000D+02
   10    0 1.5775200000000D+04 1.5800000000000D+01
*---+----+-------------------+-------------------+---------+---------------------
*   1: printout of the result at time [hours]
*---+----+-------------------+-------------------+---------+---------------------
    1    0 1.6412600000000D+04
*---+----+-------------------+-------------------+---------+---------------------
    2    1 1.6412600000000D+04 2.0255900000000D+01
   0.80772   0.95064    0.9649   0.98722    1.0161    1.0473    1.0807    1.1188
    1.1591   0.86735
    3    1 1.6412600000000D+04 1.0504709740000D+13
   0.80772   0.95064    0.9649   0.98722    1.0161    1.0473    1.0807    1.1188
    1.1591   0.86735
    9    0 1.6412600000000D+04 2.8320000000000D+02
   10    0 1.6412600000000D+04 1.5800000000000D+01
*---+----+-------------------+-------------------+---------+---------------------
*   1: printout of the result at time [hours]
*---+----+-------------------+-------------------+---------+---------------------
    1    0 1.6414600000000D+04
*---+----+-------------------+-------------------+---------+---------------------
    2    1 1.6414600000000D+04 1.7511800000000D+01
   0.44307   0.61581   0.73219   0.86159   0.99898    1.1351    1.2608    1.3652
    1.4319    1.1553
    3    1 1.6414600000000D+04 1.0188365240000D+13
   0.44307   0.61581   0.73219   0.86159   0.99898    1.1351    1.2608    1.3652
    1.4319    1.1553
    9    0 1.6414600000000D+04 2.9170000000000D+02
   10    0 1.6414600000000D+04 1.5800000000000D+01
*---+----+-------------------+-------------------+---------+---------------------
*   1: printout of the result at time [hours]
*---+----+-------------------+-------------------+---------+---------------------
    1    0 1.6557600000000D+04
*---+----+-------------------+-------------------+---------+---------------------
    2    1 1.6557600000000D+04 1.7733800000000D+01
   0.64639   0.83276   0.90178   0.96505    1.0272    1.0869    1.1427    1.1915
    1.2188   0.98687
    3    1 1.6557600000000D+04 1.0322844980000D+13
   0.64639   0.83276   0.90178   0.96505    1.0272    1.0869    1.1427    1.1915
    1.2188   0.98687
    9    0 1.6557600000000D+04 2.9170000000000D+02
   10    0 1.6557600000000D+04 1.5800000000000D+01
*---+----+-------------------+-------------------+---------+---------------------
*   1: printout of the result at time [hours]
*---+----+-------------------+-------------------+---------+---------------------
    1    0 2.1813600000000D+04
*---+----+-------------------+-------------------+---------+---------------------
    2    1 2.1813600000000D+04 1.7923700000000D+01
   0.89786    1.0594    1.0597    1.0487    1.0382    1.0294    1.0231    1.0189
    1.0034   0.82126
    3    1 2.1813600000000D+04 1.0503288200000D+13
   0.89786    1.0594    1.0597    1.0487    1.0382    1.0294    1.0231    1.0189
    1.0034   0.82126
    9    0 2.1813600000000D+04 2.9170000000000D+02
   10    0 2.1813600000000D+04 1.5800000000000D+01
*---+----+-------------------+-------------------+---------+---------------------
*   1: printout of the result at time [hours]
*---+----+-------------------+-------------------+---------+---------------------
    1    0 2.3695200000000D+04
*---+----+-------------------+-------------------+---------+---------------------
    2    1 2.3695200000000D+04 1.7915300000000D+01
   0.89834    1.0245    1.0116    1.0035    1.0038    1.0096    1.0215     1.043
    1.0767   0.90755
    3    1 2.3695200000000D+04 1.0491199680000D+13
   0.89834    1.0245    1.0116    1.0035    1.0038    1.0096    1.0215     1.043
    1.0767   0.90755
    9    0 2.3695200000000D+04 2.9170000000000D+02
   10    0 2.3695200000000D+04 1.5800000000000D+01
*---+----+-------------------+-------------------+---------+---------------------
*   1: printout of the result at time [hours]
*---+----+-------------------+-------------------+---------+---------------------
    1    0 2.4431000000000D+04
*---+----+-------------------+-------------------+---------+---------------------
    2    1 2.4431000000000D+04 1.6542800000000D+01
   0.79164   0.89942   0.90638   0.93043   0.96779     1.013    1.0666     1.134
    1.2127    1.0781
    3    1 2.4431000000000D+04 9.3996189600000D+12
   0.79164   0.89942   0.90638   0.93043   0.96779     1.013    1.0666     1.134
    1.2127    1.0781
    9    0 2.4431000000000D+04 2.8110000000000D+02
   10    0 2.4431000000000D+04 1.5800000000000D+01
*---+----+-------------------+-------------------+---------+---------------------
*   1: printout of the result at time [hours]
*---+----+-------------------+-------------------+---------+---------------------
    1    0 2.4433000000000D+04
*---+----+-------------------+-------------------+---------+---------------------
    2    1 2.4433000000000D+04 2.3841000000000D+00
   0.53353   0.72816   0.86448   0.98612    1.0931    1.1786    1.2332    1.2428
    1.1912   0.94879
    3    1 2.4433000000000D+04 1.4717049300000D+12
   0.53353   0.72816   0.86448   0.98612    1.0931    1.1786    1.2332    1.2428
    1.1912   0.94879
    9    0 2.4433000000000D+04 2.9170000000000D+02
   10    0 2.4433000000000D+04 1.5800000000000D+01
*---+----+-------------------+-------------------+---------+---------------------
*   1: printout of the result at time [hours]
*---+----+-------------------+-------------------+---------+---------------------
    1    0 2.4576000000000D+04
*---+----+-------------------+-------------------+---------+---------------------
    2    1 2.4576000000000D+04 2.5737000000000D+00
   0.73047   0.92008   0.99856    1.0471    1.0794    1.1007    1.1186    1.0969
    1.0526   0.85558
    3    1 2.4576000000000D+04 1.5038129100000D+12
   0.73047   0.92008   0.99856    1.0471    1.0794    1.1007    1.1186    1.0969
    1.0526   0.85558
    9    0 2.4576000000000D+04 2.9170000000000D+02
   10    0 2.4576000000000D+04 1.5800000000000D+01
*---+----+-------------------+-------------------+---------+---------------------
*   1: printout of the result at time [hours]
*---+----+-------------------+-------------------+---------+---------------------
    1    0 2.8032000000000D+04
*---+----+-------------------+-------------------+---------+---------------------
    2    1 2.8032000000000D+04 3.3376000000000D+00
   0.87128    1.0514    1.0801    1.0654    1.0526    1.0409     1.031    1.0175
   0.98274   0.80717
    3    1 2.8032000000000D+04 1.7555776000000D+12
   0.87128    1.0514    1.0801    1.0654    1.0526    1.0409     1.031    1.0175
   0.98274   0.80717
    9    0 2.8032000000000D+04 2.9170000000000D+02
   10    0 2.8032000000000D+04 1.5800000000000D+01
*---+----+-------------------+-------------------+---------+---------------------
*   1: printout of the result at time [hours]
*---+----+-------------------+-------------------+---------+---------------------
    1    0 2.9832000000000D+04
*---+----+-------------------+-------------------+---------+---------------------
    2    1 2.9832000000000D+04 3.8673000000000D+00
   0.88977    1.0878    1.1121    1.0855    1.0615    1.0385     1.017   0.99294
    0.9464   0.76849
    3    1 2.9832000000000D+04 1.9158604200000D+12
   0.88977    1.0878    1.1121    1.0855    1.0615    1.0385     1.017   0.99294
    0.9464   0.76849
    9    0 2.9832000000000D+04 2.9170000000000D+02
   10    0 2.9832000000000D+04 1.5800000000000D+01
*---+----+-------------------+-------------------+---------+---------------------
*   1: printout of the result at time [hours]
*---+----+-------------------+-------------------+---------+---------------------
    1    0 3.1586400000000D+04
*---+----+-------------------+-------------------+---------+---------------------
    2    1 3.1586400000000D+04 4.4660000000000D+00
   0.84886    1.0085    1.0116    1.0107     1.019    1.0329    1.0506     1.069
    1.0649   0.88379
    3    1 3.1586400000000D+04 2.0650784000000D+12
   0.84886    1.0085    1.0116    1.0107     1.019    1.0329    1.0506     1.069
    1.0649   0.88379
    9    0 3.1586400000000D+04 2.9170000000000D+02
   10    0 3.1586400000000D+04 1.5800000000000D+01
*---+----+-------------------+-------------------+---------+---------------------
*   1: printout of the result at time [hours]
*---+----+-------------------+-------------------+---------+---------------------
    1    0 3.2529600000000D+04
*---+----+-------------------+-------------------+---------+---------------------
    2    1 3.2529600000000D+04 3.8550000000000D+00
   0.71803   0.85084   0.87523    0.9131    0.9668    1.0304    1.1032    1.1863
     1.268    1.0882
    3    1 3.2529600000000D+04 1.7463150000000D+12
   0.71803   0.85084   0.87523    0.9131    0.9668    1.0304    1.1032    1.1863
     1.268    1.0882
    9    0 3.2529600000000D+04 2.8120000000000D+02
   10    0 3.2529600000000D+04 1.5800000000000D+01
* data point #2111 end
*  00:  last line of data set (finishing the program)
*---+----+-------------------+-------------------+---------+---------------------
00000    0 3.2529600000000D+04
*---+----+-------------------+-------------------+---------+---------------------
