* data point #2040 begin
*
*---+----+-------------------+-------------------+---------+---------------------
*   1: printout of the result at time [hours]
*---+----+-------------------+-------------------+---------+---------------------
    1    0 0.0000000000000D+00
*---+----+-------------------+-------------------+---------+---------------------
    2    1 0.0000000000000D+00 2.6020400000000D+01
    0.4651   0.77885   0.93596    1.0588    1.1607    1.2366     1.281    1.2628
    1.1378   0.68235
    3    1 0.0000000000000D+00 1.1167955680000D+13
    0.4651   0.77885   0.93596    1.0588    1.1607    1.2366     1.281    1.2628
    1.1378   0.68235
    9    0 0.0000000000000D+00 2.9170000000000D+02
   10    0 0.0000000000000D+00 1.5800000000000D+01
*---+----+-------------------+-------------------+---------+---------------------
*   1: printout of the result at time [hours]
*---+----+-------------------+-------------------+---------+---------------------
    1    0 1.4400000000000D+02
*---+----+-------------------+-------------------+---------+---------------------
    2    1 1.4400000000000D+02 2.5330100000000D+01
   0.65278   0.99814    1.0897    1.1261    1.1426    1.1462    1.1359    1.1011
   0.99415   0.61342
    3    1 1.4400000000000D+02 1.0919806110000D+13
   0.65278   0.99814    1.0897    1.1261    1.1426    1.1462    1.1359    1.1011
   0.99415   0.61342
    9    0 1.4400000000000D+02 2.9170000000000D+02
   10    0 1.4400000000000D+02 1.5800000000000D+01
*---+----+-------------------+-------------------+---------+---------------------
*   1: printout of the result at time [hours]
*---+----+-------------------+-------------------+---------+---------------------
    1    0 3.6000000000000D+03
*---+----+-------------------+-------------------+---------+---------------------
    2    1 3.6000000000000D+03 2.4344100000000D+01
   0.83564    1.1402    1.1472    1.1174    1.0866    1.0594    1.0357    1.0099
   0.94249   0.62557
    3    1 3.6000000000000D+03 1.0949976180000D+13
   0.83564    1.1402    1.1472    1.1174    1.0866    1.0594    1.0357    1.0099
   0.94249   0.62557
    9    0 3.6000000000000D+03 2.9170000000000D+02
   10    0 3.6000000000000D+03 1.5800000000000D+01
*---+----+-------------------+-------------------+---------+---------------------
*   1: printout of the result at time [hours]
*---+----+-------------------+-------------------+---------+---------------------
    1    0 5.7600000000000D+03
*---+----+-------------------+-------------------+---------+---------------------
    2    1 5.7600000000000D+03 2.4062300000000D+01
   0.87751    1.1636    1.1522    1.1155    1.0802    1.0479    1.0186   0.98918
   0.92547   0.62991
    3    1 5.7600000000000D+03 1.1063845540000D+13
   0.87751    1.1636    1.1522    1.1155    1.0802    1.0479    1.0186   0.98918
   0.92547   0.62991
    9    0 5.7600000000000D+03 2.9170000000000D+02
   10    0 5.7600000000000D+03 1.5800000000000D+01
*---+----+-------------------+-------------------+---------+---------------------
*   1: printout of the result at time [hours]
*---+----+-------------------+-------------------+---------+---------------------
    1    0 7.0632000000000D+03
*---+----+-------------------+-------------------+---------+---------------------
    2    1 7.0632000000000D+03 2.3789700000000D+01
   0.86374    1.1087    1.0905    1.0674    1.0527    1.0423    1.0349    1.0307
    1.0014   0.70766
    3    1 7.0632000000000D+03 1.1052694620000D+13
   0.86374    1.1087    1.0905    1.0674    1.0527    1.0423    1.0349    1.0307
    1.0014   0.70766
    9    0 7.0632000000000D+03 2.9170000000000D+02
   10    0 7.0632000000000D+03 1.5800000000000D+01
*---+----+-------------------+-------------------+---------+---------------------
*   1: printout of the result at time [hours]
*---+----+-------------------+-------------------+---------+---------------------
    1    0 7.4846000000000D+03
*---+----+-------------------+-------------------+---------+---------------------
    2    1 7.4846000000000D+03 2.2581900000000D+01
   0.77713   0.99752    1.0046    1.0136    1.0333    1.0573    1.0839    1.1135
    1.1139   0.80529
    3    1 7.4846000000000D+03 1.0344768390000D+13
   0.77713   0.99752    1.0046    1.0136    1.0333    1.0573    1.0839    1.1135
    1.1139   0.80529
    9    0 7.4846000000000D+03 2.8640000000000D+02
   10    0 7.4846000000000D+03 1.5800000000000D+01
*---+----+-------------------+-------------------+---------+---------------------
*   1: printout of the result at time [hours]
*---+----+-------------------+-------------------+---------+---------------------
    1    0 7.4866000000000D+03
*---+----+-------------------+-------------------+---------+---------------------
    2    1 7.4866000000000D+03 2.4978900000000D+01
   0.47244   0.72229   0.86097     0.995    1.1201    1.2239    1.2939     1.321
    1.2336   0.75672
    3    1 7.4866000000000D+03 1.2691779090000D+13
   0.47244   0.72229   0.86097     0.995    1.1201    1.2239    1.2939     1.321
    1.2336   0.75672
    9    0 7.4866000000000D+03 2.9170000000000D+02
   10    0 7.4866000000000D+03 1.5800000000000D+01
*---+----+-------------------+-------------------+---------+---------------------
*   1: printout of the result at time [hours]
*---+----+-------------------+-------------------+---------+---------------------
    1    0 7.6296000000000D+03
*---+----+-------------------+-------------------+---------+---------------------
    2    1 7.6296000000000D+03 2.4847500000000D+01
   0.66707   0.94118    1.0217    1.0765    1.1178    1.1452      1.16    1.1434
    1.0651   0.66208
    3    1 7.6296000000000D+03 1.2652347000000D+13
   0.66707   0.94118    1.0217    1.0765    1.1178    1.1452      1.16    1.1434
    1.0651   0.66208
    9    0 7.6296000000000D+03 2.9170000000000D+02
   10    0 7.6296000000000D+03 1.5800000000000D+01
*---+----+-------------------+-------------------+---------+---------------------
*   1: printout of the result at time [hours]
*---+----+-------------------+-------------------+---------+---------------------
    1    0 1.1085600000000D+04
*---+----+-------------------+-------------------+---------+---------------------
    2    1 1.1085600000000D+04 2.3264300000000D+01
   0.86394    1.0874     1.091    1.0795     1.068    1.0578     1.049    1.0388
   0.99556   0.66901
    3    1 1.1085600000000D+04 1.2083477420000D+13
   0.86394    1.0874     1.091    1.0795     1.068    1.0578     1.049    1.0388
   0.99556   0.66901
    9    0 1.1085600000000D+04 2.9170000000000D+02
   10    0 1.1085600000000D+04 1.5800000000000D+01
*---+----+-------------------+-------------------+---------+---------------------
*   1: printout of the result at time [hours]
*---+----+-------------------+-------------------+---------+---------------------
    1    0 1.2885600000000D+04
*---+----+-------------------+-------------------+---------+---------------------
    2    1 1.2885600000000D+04 2.2451800000000D+01
   0.90585    1.1061    1.0954    1.0774    1.0605    1.0451    1.0316    1.0189
   0.98099   0.67803
    3    1 1.2885600000000D+04 1.1773723920000D+13
   0.90585    1.1061    1.0954    1.0774    1.0605    1.0451    1.0316    1.0189
   0.98099   0.67803
    9    0 1.2885600000000D+04 2.9170000000000D+02
   10    0 1.2885600000000D+04 1.5800000000000D+01
*---+----+-------------------+-------------------+---------+---------------------
*   1: printout of the result at time [hours]
*---+----+-------------------+-------------------+---------+---------------------
    1    0 1.4640000000000D+04
*---+----+-------------------+-------------------+---------+---------------------
    2    1 1.4640000000000D+04 2.2019100000000D+01
   0.89154    1.0419    1.0263    1.0189    1.0214    1.0294    1.0424    1.0627
    1.0783   0.78709
    3    1 1.4640000000000D+04 1.1612873340000D+13
   0.89154    1.0419    1.0263    1.0189    1.0214    1.0294    1.0424    1.0627
    1.0783   0.78709
    9    0 1.4640000000000D+04 2.9170000000000D+02
   10    0 1.4640000000000D+04 1.5800000000000D+01
*---+----+-------------------+-------------------+---------+---------------------
*   1: printout of the result at time [hours]
*---+----+-------------------+-------------------+---------+---------------------
    1    0 1.5583200000000D+04
*---+----+-------------------+-------------------+---------+---------------------
    2    1 1.5583200000000D+04 1.9095000000000D+01
   0.75622   0.88128   0.89201    0.9248   0.97361    1.0318    1.0992    1.1811
     1.279   0.98094
    3    1 1.5583200000000D+04 9.7766400000000D+12
   0.75622   0.88128   0.89201    0.9248   0.97361    1.0318    1.0992    1.1811
     1.279   0.98094
    9    0 1.5583200000000D+04 2.8120000000000D+02
   10    0 1.5583200000000D+04 1.5800000000000D+01
* data point #2040 end
*  00:  last line of data set (finishing the program)
*---+----+-------------------+-------------------+---------+---------------------
00000    0 1.5583200000000D+04
*---+----+-------------------+-------------------+---------+---------------------
