* data point #245 begin
*
*---+----+-------------------+-------------------+---------+---------------------
*   1: printout of the result at time [hours]
*---+----+-------------------+-------------------+---------+---------------------
    1    0 0.0000000000000D+00
*---+----+-------------------+-------------------+---------+---------------------
    2    1 0.0000000000000D+00 2.6883600000000D+01
   0.51593   0.72557   0.86227   0.98499    1.0984    1.1956    1.2666    1.3011
     1.226   0.82359
    3    1 0.0000000000000D+00 1.1893304640000D+13
   0.51593   0.72557   0.86227   0.98499    1.0984    1.1956    1.2666    1.3011
     1.226   0.82359
    9    0 0.0000000000000D+00 2.9170000000000D+02
   10    0 0.0000000000000D+00 1.5800000000000D+01
*---+----+-------------------+-------------------+---------+---------------------
*   1: printout of the result at time [hours]
*---+----+-------------------+-------------------+---------+---------------------
    1    0 1.4400000000000D+02
*---+----+-------------------+-------------------+---------+---------------------
    2    1 1.4400000000000D+02 2.6581700000000D+01
   0.72768     0.942    1.0191    1.0628    1.0946    1.1176    1.1344    1.1242
    1.0573   0.72027
    3    1 1.4400000000000D+02 1.1799616630000D+13
   0.72768     0.942    1.0191    1.0628    1.0946    1.1176    1.1344    1.1242
    1.0573   0.72027
    9    0 1.4400000000000D+02 2.9170000000000D+02
   10    0 1.4400000000000D+02 1.5800000000000D+01
*---+----+-------------------+-------------------+---------+---------------------
*   1: printout of the result at time [hours]
*---+----+-------------------+-------------------+---------+---------------------
    1    0 5.4000000000000D+03
*---+----+-------------------+-------------------+---------+---------------------
    2    1 5.4000000000000D+03 2.7450100000000D+01
   0.88838    1.1534    1.1566    1.1239    1.0892    1.0565    1.0258   0.99173
   0.91592   0.59861
    3    1 5.4000000000000D+03 1.2673711170000D+13
   0.88838    1.1534    1.1566    1.1239    1.0892    1.0565    1.0258   0.99173
   0.91592   0.59861
    9    0 5.4000000000000D+03 2.9170000000000D+02
   10    0 5.4000000000000D+03 1.5800000000000D+01
*---+----+-------------------+-------------------+---------+---------------------
*   1: printout of the result at time [hours]
*---+----+-------------------+-------------------+---------+---------------------
    1    0 7.2816000000000D+03
*---+----+-------------------+-------------------+---------+---------------------
    2    1 7.2816000000000D+03 2.6930500000000D+01
   0.87644    1.1085    1.0889    1.0656    1.0505    1.0408    1.0363    1.0371
     1.014    0.6819
    3    1 7.2816000000000D+03 1.2622325350000D+13
   0.87644    1.1085    1.0889    1.0656    1.0505    1.0408    1.0363    1.0371
     1.014    0.6819
    9    0 7.2816000000000D+03 2.9170000000000D+02
   10    0 7.2816000000000D+03 1.5800000000000D+01
*---+----+-------------------+-------------------+---------+---------------------
*   1: printout of the result at time [hours]
*---+----+-------------------+-------------------+---------+---------------------
    1    0 8.0174000000000D+03
*---+----+-------------------+-------------------+---------+---------------------
    2    1 8.0174000000000D+03 2.5128200000000D+01
   0.77168   0.97066   0.97846   0.99275    1.0192     1.052    1.0908     1.138
    1.1686   0.81781
    3    1 8.0174000000000D+03 1.1488613040000D+13
   0.77168   0.97066   0.97846   0.99275    1.0192     1.052    1.0908     1.138
    1.1686   0.81781
    9    0 8.0174000000000D+03 2.8110000000000D+02
   10    0 8.0174000000000D+03 1.5800000000000D+01
*---+----+-------------------+-------------------+---------+---------------------
*   1: printout of the result at time [hours]
*---+----+-------------------+-------------------+---------+---------------------
    1    0 8.0194000000000D+03
*---+----+-------------------+-------------------+---------+---------------------
    2    1 8.0194000000000D+03 2.2876700000000D+01
   0.44613   0.70675   0.85441   0.98987     1.115    1.2203    1.2941    1.3257
    1.2354    0.8124
    3    1 8.0194000000000D+03 1.1426911650000D+13
   0.44613   0.70675   0.85441   0.98987     1.115    1.2203    1.2941    1.3257
    1.2354    0.8124
    9    0 8.0194000000000D+03 2.9170000000000D+02
   10    0 8.0194000000000D+03 1.5800000000000D+01
*---+----+-------------------+-------------------+---------+---------------------
*   1: printout of the result at time [hours]
*---+----+-------------------+-------------------+---------+---------------------
    1    0 8.1624000000000D+03
*---+----+-------------------+-------------------+---------+---------------------
    2    1 8.1624000000000D+03 2.2841400000000D+01
   0.63578   0.92713    1.0191    1.0754     1.116    1.1437    1.1605    1.1466
    1.0657   0.71003
    3    1 8.1624000000000D+03 1.1427552420000D+13
   0.63578   0.92713    1.0191    1.0754     1.116    1.1437    1.1605    1.1466
    1.0657   0.71003
    9    0 8.1624000000000D+03 2.9170000000000D+02
   10    0 8.1624000000000D+03 1.5800000000000D+01
*---+----+-------------------+-------------------+---------+---------------------
*   1: printout of the result at time [hours]
*---+----+-------------------+-------------------+---------+---------------------
    1    0 1.1618400000000D+04
*---+----+-------------------+-------------------+---------+---------------------
    2    1 1.1618400000000D+04 2.1472300000000D+01
   0.84434    1.0786    1.0837    1.0711    1.0596    1.0507    1.0449    1.0398
    1.0023   0.72517
    3    1 1.1618400000000D+04 1.0929400700000D+13
   0.84434    1.0786    1.0837    1.0711    1.0596    1.0507    1.0449    1.0398
    1.0023   0.72517
    9    0 1.1618400000000D+04 2.9170000000000D+02
   10    0 1.1618400000000D+04 1.5800000000000D+01
*---+----+-------------------+-------------------+---------+---------------------
*   1: printout of the result at time [hours]
*---+----+-------------------+-------------------+---------+---------------------
    1    0 1.3778400000000D+04
*---+----+-------------------+-------------------+---------+---------------------
    2    1 1.3778400000000D+04 2.0608400000000D+01
   0.89929    1.0939    1.0783    1.0604    1.0461    1.0343    1.0254    1.0199
   0.99421   0.74809
    3    1 1.3778400000000D+04 1.0592717600000D+13
   0.89929    1.0939    1.0783    1.0604    1.0461    1.0343    1.0254    1.0199
   0.99421   0.74809
    9    0 1.3778400000000D+04 2.9170000000000D+02
   10    0 1.3778400000000D+04 1.5800000000000D+01
*---+----+-------------------+-------------------+---------+---------------------
*   1: printout of the result at time [hours]
*---+----+-------------------+-------------------+---------+---------------------
    1    0 1.5081600000000D+04
*---+----+-------------------+-------------------+---------+---------------------
    2    1 1.5081600000000D+04 2.0431200000000D+01
   0.89417    1.0506    1.0326    1.0213    1.0188    1.0208    1.0273    1.0428
    1.0601   0.83142
    3    1 1.5081600000000D+04 1.0550671680000D+13
   0.89417    1.0506    1.0326    1.0213    1.0188    1.0208    1.0273    1.0428
    1.0601   0.83142
    9    0 1.5081600000000D+04 2.9170000000000D+02
   10    0 1.5081600000000D+04 1.5800000000000D+01
*---+----+-------------------+-------------------+---------+---------------------
*   1: printout of the result at time [hours]
*---+----+-------------------+-------------------+---------+---------------------
    1    0 1.5503000000000D+04
*---+----+-------------------+-------------------+---------+---------------------
    2    1 1.5503000000000D+04 1.9245500000000D+01
   0.80538   0.94833   0.95014   0.96703   0.99582      1.03     1.069    1.1177
    1.1743    0.9423
    3    1 1.5503000000000D+04 9.7824876500000D+12
   0.80538   0.94833   0.95014   0.96703   0.99582      1.03     1.069    1.1177
    1.1743    0.9423
    9    0 1.5503000000000D+04 2.8640000000000D+02
   10    0 1.5503000000000D+04 1.5800000000000D+01
*---+----+-------------------+-------------------+---------+---------------------
*   1: printout of the result at time [hours]
*---+----+-------------------+-------------------+---------+---------------------
    1    0 1.5505000000000D+04
*---+----+-------------------+-------------------+---------+---------------------
    2    1 1.5505000000000D+04 2.0638700000000D+01
   0.50754   0.72849   0.86406   0.99154    1.1074    1.2024    1.2661    1.2914
    1.2214   0.81963
    3    1 1.5505000000000D+04 1.1501947510000D+13
   0.50754   0.72849   0.86406   0.99154    1.1074    1.2024    1.2661    1.2914
    1.2214   0.81963
    9    0 1.5505000000000D+04 2.9170000000000D+02
   10    0 1.5505000000000D+04 1.5800000000000D+01
*---+----+-------------------+-------------------+---------+---------------------
*   1: printout of the result at time [hours]
*---+----+-------------------+-------------------+---------+---------------------
    1    0 1.5648000000000D+04
*---+----+-------------------+-------------------+---------+---------------------
    2    1 1.5648000000000D+04 2.0349800000000D+01
   0.70291   0.93308    1.0106    1.0624    1.1002    1.1258    1.1412    1.1282
    1.0687   0.72699
    3    1 1.5648000000000D+04 1.1320593740000D+13
   0.70291   0.93308    1.0106    1.0624    1.1002    1.1258    1.1412    1.1282
    1.0687   0.72699
    9    0 1.5648000000000D+04 2.9170000000000D+02
   10    0 1.5648000000000D+04 1.5800000000000D+01
*---+----+-------------------+-------------------+---------+---------------------
*   1: printout of the result at time [hours]
*---+----+-------------------+-------------------+---------+---------------------
    1    0 1.9104000000000D+04
*---+----+-------------------+-------------------+---------+---------------------
    2    1 1.9104000000000D+04 2.0384300000000D+01
   0.87484    1.0736    1.0903     1.074     1.062    1.0513    1.0423    1.0316
   0.99302   0.70697
    3    1 1.9104000000000D+04 1.1547705950000D+13
   0.87484    1.0736    1.0903     1.074     1.062    1.0513    1.0423    1.0316
   0.99302   0.70697
    9    0 1.9104000000000D+04 2.9170000000000D+02
   10    0 1.9104000000000D+04 1.5800000000000D+01
*---+----+-------------------+-------------------+---------+---------------------
*   1: printout of the result at time [hours]
*---+----+-------------------+-------------------+---------+---------------------
    1    0 2.0904000000000D+04
*---+----+-------------------+-------------------+---------+---------------------
    2    1 2.0904000000000D+04 2.0482800000000D+01
     0.907    1.1021    1.1037    1.0844    1.0636    1.0441    1.0266    1.0086
   0.96593   0.69395
    3    1 2.0904000000000D+04 1.1726403000000D+13
     0.907    1.1021    1.1037    1.0844    1.0636    1.0441    1.0266    1.0086
   0.96593   0.69395
    9    0 2.0904000000000D+04 2.9170000000000D+02
   10    0 2.0904000000000D+04 1.5800000000000D+01
*---+----+-------------------+-------------------+---------+---------------------
*   1: printout of the result at time [hours]
*---+----+-------------------+-------------------+---------+---------------------
    1    0 2.2658400000000D+04
*---+----+-------------------+-------------------+---------+---------------------
    2    1 2.2658400000000D+04 2.0296300000000D+01
   0.87908    1.0267    1.0176    1.0142    1.0209    1.0328     1.049    1.0698
    1.0808   0.80911
    3    1 2.2658400000000D+04 1.1690668800000D+13
   0.87908    1.0267    1.0176    1.0142    1.0209    1.0328     1.049    1.0698
    1.0808   0.80911
    9    0 2.2658400000000D+04 2.9170000000000D+02
   10    0 2.2658400000000D+04 1.5800000000000D+01
*---+----+-------------------+-------------------+---------+---------------------
*   1: printout of the result at time [hours]
*---+----+-------------------+-------------------+---------+---------------------
    1    0 2.3601600000000D+04
*---+----+-------------------+-------------------+---------+---------------------
    2    1 2.3601600000000D+04 1.7687700000000D+01
   0.74425   0.86631   0.88248   0.91906   0.97203    1.0347    1.1067    1.1917
    1.2724    1.0104
    3    1 2.3601600000000D+04 9.8998056900000D+12
   0.74425   0.86631   0.88248   0.91906   0.97203    1.0347    1.1067    1.1917
    1.2724    1.0104
    9    0 2.3601600000000D+04 2.8120000000000D+02
   10    0 2.3601600000000D+04 1.5800000000000D+01
* data point #245 end
*  00:  last line of data set (finishing the program)
*---+----+-------------------+-------------------+---------+---------------------
00000    0 2.3601600000000D+04
*---+----+-------------------+-------------------+---------+---------------------
