* data point #2949 begin
*
*---+----+-------------------+-------------------+---------+---------------------
*   1: printout of the result at time [hours]
*---+----+-------------------+-------------------+---------+---------------------
    1    0 0.0000000000000D+00
*---+----+-------------------+-------------------+---------+---------------------
    2    1 0.0000000000000D+00 2.5378800000000D+01
   0.56906   0.83625   0.99611    1.1134    1.1976     1.245    1.2426    1.1793
    1.0106   0.61008
    3    1 0.0000000000000D+00 1.1864589000000D+13
   0.56906   0.83625   0.99611    1.1134    1.1976     1.245    1.2426    1.1793
    1.0106   0.61008
    9    0 0.0000000000000D+00 2.9170000000000D+02
   10    0 0.0000000000000D+00 1.5800000000000D+01
*---+----+-------------------+-------------------+---------+---------------------
*   1: printout of the result at time [hours]
*---+----+-------------------+-------------------+---------+---------------------
    1    0 1.4400000000000D+02
*---+----+-------------------+-------------------+---------+---------------------
    2    1 1.4400000000000D+02 2.5726500000000D+01
   0.73026   0.99092    1.0898     1.136     1.157    1.1576    1.1355    1.0775
   0.93938   0.58593
    3    1 1.4400000000000D+02 1.2045147300000D+13
   0.73026   0.99092    1.0898     1.136     1.157    1.1576    1.1355    1.0775
   0.93938   0.58593
    9    0 1.4400000000000D+02 2.9170000000000D+02
   10    0 1.4400000000000D+02 1.5800000000000D+01
*---+----+-------------------+-------------------+---------+---------------------
*   1: printout of the result at time [hours]
*---+----+-------------------+-------------------+---------+---------------------
    1    0 3.6000000000000D+03
*---+----+-------------------+-------------------+---------+---------------------
    2    1 3.6000000000000D+03 2.5732000000000D+01
   0.85773    1.0931     1.109    1.0933    1.0776    1.0649    1.0542    1.0379
   0.97046   0.64192
    3    1 3.6000000000000D+03 1.2142930800000D+13
   0.85773    1.0931     1.109    1.0933    1.0776    1.0649    1.0542    1.0379
   0.97046   0.64192
    9    0 3.6000000000000D+03 2.9170000000000D+02
   10    0 3.6000000000000D+03 1.5800000000000D+01
*---+----+-------------------+-------------------+---------+---------------------
*   1: printout of the result at time [hours]
*---+----+-------------------+-------------------+---------+---------------------
    1    0 5.7600000000000D+03
*---+----+-------------------+-------------------+---------+---------------------
    2    1 5.7600000000000D+03 2.5777800000000D+01
     0.882    1.1404    1.1279    1.0956    1.0682    1.0465    1.0299    1.0145
   0.95881   0.63605
    3    1 5.7600000000000D+03 1.2267655020000D+13
     0.882    1.1404    1.1279    1.0956    1.0682    1.0465    1.0299    1.0145
   0.95881   0.63605
    9    0 5.7600000000000D+03 2.9170000000000D+02
   10    0 5.7600000000000D+03 1.5800000000000D+01
*---+----+-------------------+-------------------+---------+---------------------
*   1: printout of the result at time [hours]
*---+----+-------------------+-------------------+---------+---------------------
    1    0 6.9888000000000D+03
*---+----+-------------------+-------------------+---------+---------------------
    2    1 6.9888000000000D+03 2.5655900000000D+01
   0.87625    1.1171     1.088    1.0585    1.0398    1.0292    1.0277    1.0377
    1.0278   0.69797
    3    1 6.9888000000000D+03 1.2253257840000D+13
   0.87625    1.1171     1.088    1.0585    1.0398    1.0292    1.0277    1.0377
    1.0278   0.69797
    9    0 6.9888000000000D+03 2.9170000000000D+02
   10    0 6.9888000000000D+03 1.5800000000000D+01
*---+----+-------------------+-------------------+---------+---------------------
*   1: printout of the result at time [hours]
*---+----+-------------------+-------------------+---------+---------------------
    1    0 8.4830000000000D+03
*---+----+-------------------+-------------------+---------+---------------------
    2    1 8.4830000000000D+03 2.1553900000000D+01
   0.72507   0.90963   0.91677   0.94215   0.98404    1.0359    1.0996    1.1842
    1.2807   0.92192
    3    1 8.4830000000000D+03 9.8953954900000D+12
   0.72507   0.90963   0.91677   0.94215   0.98404    1.0359    1.0996    1.1842
    1.2807   0.92192
    9    0 8.4830000000000D+03 2.7520000000000D+02
   10    0 8.4830000000000D+03 1.5800000000000D+01
*---+----+-------------------+-------------------+---------+---------------------
*   1: printout of the result at time [hours]
*---+----+-------------------+-------------------+---------+---------------------
    1    0 8.4850000000000D+03
*---+----+-------------------+-------------------+---------+---------------------
    2    1 8.4850000000000D+03 2.1874700000000D+01
   0.68166   0.99174    1.0855    1.1334    1.1582    1.1591    1.1353     1.084
   0.97537   0.59576
    3    1 8.4850000000000D+03 1.3061383370000D+13
   0.68166   0.99174    1.0855    1.1334    1.1582    1.1591    1.1353     1.084
   0.97537   0.59576
    9    0 8.4850000000000D+03 2.9170000000000D+02
   10    0 8.4850000000000D+03 1.5800000000000D+01
*---+----+-------------------+-------------------+---------+---------------------
*   1: printout of the result at time [hours]
*---+----+-------------------+-------------------+---------+---------------------
    1    0 8.6280000000000D+03
*---+----+-------------------+-------------------+---------+---------------------
    2    1 8.6280000000000D+03 2.1179500000000D+01
   0.79917     1.098    1.1471    1.1386    1.1236    1.0989    1.0649    1.0185
   0.92892    0.5824
    3    1 8.6280000000000D+03 1.2639925600000D+13
   0.79917     1.098    1.1471    1.1386    1.1236    1.0989    1.0649    1.0185
   0.92892    0.5824
    9    0 8.6280000000000D+03 2.9170000000000D+02
   10    0 8.6280000000000D+03 1.5800000000000D+01
*---+----+-------------------+-------------------+---------+---------------------
*   1: printout of the result at time [hours]
*---+----+-------------------+-------------------+---------+---------------------
    1    0 9.9240000000000D+03
*---+----+-------------------+-------------------+---------+---------------------
    2    1 9.9240000000000D+03 2.1047500000000D+01
   0.83682    1.0979    1.1217    1.1038    1.0902    1.0745    1.0557    1.0296
   0.96382   0.62597
    3    1 9.9240000000000D+03 1.2502215000000D+13
   0.83682    1.0979    1.1217    1.1038    1.0902    1.0745    1.0557    1.0296
   0.96382   0.62597
    9    0 9.9240000000000D+03 2.9170000000000D+02
   10    0 9.9240000000000D+03 1.5800000000000D+01
*---+----+-------------------+-------------------+---------+---------------------
*   1: printout of the result at time [hours]
*---+----+-------------------+-------------------+---------+---------------------
    1    0 1.1529600000000D+04
*---+----+-------------------+-------------------+---------+---------------------
    2    1 1.1529600000000D+04 2.0805200000000D+01
   0.85733     1.078    1.0734    1.0584    1.0486    1.0429     1.042    1.0469
     1.034   0.71847
    3    1 1.1529600000000D+04 1.2252182280000D+13
   0.85733     1.078    1.0734    1.0584    1.0486    1.0429     1.042    1.0469
     1.034   0.71847
    9    0 1.1529600000000D+04 2.9170000000000D+02
   10    0 1.1529600000000D+04 1.5800000000000D+01
*---+----+-------------------+-------------------+---------+---------------------
*   1: printout of the result at time [hours]
*---+----+-------------------+-------------------+---------+---------------------
    1    0 1.3384800000000D+04
*---+----+-------------------+-------------------+---------+---------------------
    2    1 1.3384800000000D+04 1.6933300000000D+01
   0.69295   0.85878   0.88654    0.9254   0.97914    1.0426    1.1166    1.2066
    1.3065   0.98492
    3    1 1.3384800000000D+04 9.3996748300000D+12
   0.69295   0.85878   0.88654    0.9254   0.97914    1.0426    1.1166    1.2066
    1.3065   0.98492
    9    0 1.3384800000000D+04 2.7330000000000D+02
   10    0 1.3384800000000D+04 1.5800000000000D+01
*---+----+-------------------+-------------------+---------+---------------------
*   1: printout of the result at time [hours]
*---+----+-------------------+-------------------+---------+---------------------
    1    0 1.3388600000000D+04
*---+----+-------------------+-------------------+---------+---------------------
    2    1 1.3388600000000D+04 1.0458300000000D+01
   0.53919   0.69524   0.75519    0.8335   0.93371    1.0517     1.188    1.3457
    1.4965    1.1613
    3    1 1.3388600000000D+04 5.7949440300000D+12
   0.53919   0.69524   0.75519    0.8335   0.93371    1.0517     1.188    1.3457
    1.4965    1.1613
    9    0 1.3388600000000D+04 2.8340000000000D+02
   10    0 1.3388600000000D+04 1.5800000000000D+01
*---+----+-------------------+-------------------+---------+---------------------
*   1: printout of the result at time [hours]
*---+----+-------------------+-------------------+---------+---------------------
    1    0 1.3390600000000D+04
*---+----+-------------------+-------------------+---------+---------------------
    2    1 1.3390600000000D+04 2.1650700000000D+01
   0.78307     1.042     1.114    1.1465    1.1506    1.1266    1.0837     1.023
   0.92694   0.60368
    3    1 1.3390600000000D+04 1.1535492960000D+13
   0.78307     1.042     1.114    1.1465    1.1506    1.1266    1.0837     1.023
   0.92694   0.60368
    9    0 1.3390600000000D+04 2.9170000000000D+02
   10    0 1.3390600000000D+04 1.5800000000000D+01
*---+----+-------------------+-------------------+---------+---------------------
*   1: printout of the result at time [hours]
*---+----+-------------------+-------------------+---------+---------------------
    1    0 1.3533600000000D+04
*---+----+-------------------+-------------------+---------+---------------------
    2    1 1.3533600000000D+04 2.1920200000000D+01
   0.88704    1.1231    1.1537    1.1383    1.1131    1.0765    1.0321   0.97983
    0.8989   0.59735
    3    1 1.3533600000000D+04 1.1654970340000D+13
   0.88704    1.1231    1.1537    1.1383    1.1131    1.0765    1.0321   0.97983
    0.8989   0.59735
    9    0 1.3533600000000D+04 2.9170000000000D+02
   10    0 1.3533600000000D+04 1.5800000000000D+01
*---+----+-------------------+-------------------+---------+---------------------
*   1: printout of the result at time [hours]
*---+----+-------------------+-------------------+---------+---------------------
    1    0 1.4949600000000D+04
*---+----+-------------------+-------------------+---------+---------------------
    2    1 1.4949600000000D+04 2.1663600000000D+01
   0.89016    1.0768    1.0824    1.0762    1.0672    1.0554    1.0417    1.0262
   0.99037   0.69347
    3    1 1.4949600000000D+04 1.1518536120000D+13
   0.89016    1.0768    1.0824    1.0762    1.0672    1.0554    1.0417    1.0262
   0.99037   0.69347
    9    0 1.4949600000000D+04 2.9170000000000D+02
   10    0 1.4949600000000D+04 1.5800000000000D+01
*---+----+-------------------+-------------------+---------+---------------------
*   1: printout of the result at time [hours]
*---+----+-------------------+-------------------+---------+---------------------
    1    0 1.5775200000000D+04
*---+----+-------------------+-------------------+---------+---------------------
    2    1 1.5775200000000D+04 2.1566100000000D+01
   0.90619    1.0724    1.0635    1.0536    1.0454    1.0378    1.0321    1.0302
    1.0192   0.73954
    3    1 1.5775200000000D+04 1.1453755710000D+13
   0.90619    1.0724    1.0635    1.0536    1.0454    1.0378    1.0321    1.0302
    1.0192   0.73954
    9    0 1.5775200000000D+04 2.9170000000000D+02
   10    0 1.5775200000000D+04 1.5800000000000D+01
*---+----+-------------------+-------------------+---------+---------------------
*   1: printout of the result at time [hours]
*---+----+-------------------+-------------------+---------+---------------------
    1    0 1.6412600000000D+04
*---+----+-------------------+-------------------+---------+---------------------
    2    1 1.6412600000000D+04 2.0511100000000D+01
   0.80771   0.95061   0.96489   0.98717    1.0161    1.0473    1.0807    1.1189
    1.1592   0.86738
    3    1 1.6412600000000D+04 1.0647312010000D+13
   0.80771   0.95061   0.96489   0.98717    1.0161    1.0473    1.0807    1.1189
    1.1592   0.86738
    9    0 1.6412600000000D+04 2.8320000000000D+02
   10    0 1.6412600000000D+04 1.5800000000000D+01
*---+----+-------------------+-------------------+---------+---------------------
*   1: printout of the result at time [hours]
*---+----+-------------------+-------------------+---------+---------------------
    1    0 1.6414600000000D+04
*---+----+-------------------+-------------------+---------+---------------------
    2    1 1.6414600000000D+04 1.7461300000000D+01
   0.44309   0.61576   0.73213   0.86156   0.99895    1.1351    1.2608    1.3652
    1.4319    1.1554
    3    1 1.6414600000000D+04 1.0167714990000D+13
   0.44309   0.61576   0.73213   0.86156   0.99895    1.1351    1.2608    1.3652
    1.4319    1.1554
    9    0 1.6414600000000D+04 2.9170000000000D+02
   10    0 1.6414600000000D+04 1.5800000000000D+01
*---+----+-------------------+-------------------+---------+---------------------
*   1: printout of the result at time [hours]
*---+----+-------------------+-------------------+---------+---------------------
    1    0 1.6557600000000D+04
*---+----+-------------------+-------------------+---------+---------------------
    2    1 1.6557600000000D+04 1.7699700000000D+01
    0.6464   0.83273   0.90171   0.96504    1.0272    1.0869    1.1427    1.1914
    1.2188   0.98697
    3    1 1.6557600000000D+04 1.0301225400000D+13
    0.6464   0.83273   0.90171   0.96504    1.0272    1.0869    1.1427    1.1914
    1.2188   0.98697
    9    0 1.6557600000000D+04 2.9170000000000D+02
   10    0 1.6557600000000D+04 1.5800000000000D+01
*---+----+-------------------+-------------------+---------+---------------------
*   1: printout of the result at time [hours]
*---+----+-------------------+-------------------+---------+---------------------
    1    0 2.1813600000000D+04
*---+----+-------------------+-------------------+---------+---------------------
    2    1 2.1813600000000D+04 1.7852200000000D+01
   0.89782    1.0594    1.0596    1.0487    1.0382    1.0295    1.0231    1.0189
    1.0035    0.8213
    3    1 2.1813600000000D+04 1.0452463100000D+13
   0.89782    1.0594    1.0596    1.0487    1.0382    1.0295    1.0231    1.0189
    1.0035    0.8213
    9    0 2.1813600000000D+04 2.9170000000000D+02
   10    0 2.1813600000000D+04 1.5800000000000D+01
*---+----+-------------------+-------------------+---------+---------------------
*   1: printout of the result at time [hours]
*---+----+-------------------+-------------------+---------+---------------------
    1    0 2.3695200000000D+04
*---+----+-------------------+-------------------+---------+---------------------
    2    1 2.3695200000000D+04 1.7841400000000D+01
   0.89836    1.0245    1.0116    1.0035    1.0038    1.0096    1.0214     1.043
    1.0768   0.90755
    3    1 2.3695200000000D+04 1.0430082440000D+13
   0.89836    1.0245    1.0116    1.0035    1.0038    1.0096    1.0214     1.043
    1.0768   0.90755
    9    0 2.3695200000000D+04 2.9170000000000D+02
   10    0 2.3695200000000D+04 1.5800000000000D+01
*---+----+-------------------+-------------------+---------+---------------------
*   1: printout of the result at time [hours]
*---+----+-------------------+-------------------+---------+---------------------
    1    0 2.4431000000000D+04
*---+----+-------------------+-------------------+---------+---------------------
    2    1 2.4431000000000D+04 1.6463600000000D+01
   0.79163   0.89944   0.90636   0.93042   0.96777     1.013    1.0665     1.134
    1.2127    1.0781
    3    1 2.4431000000000D+04 9.3480320800000D+12
   0.79163   0.89944   0.90636   0.93042   0.96777     1.013    1.0665     1.134
    1.2127    1.0781
    9    0 2.4431000000000D+04 2.8110000000000D+02
   10    0 2.4431000000000D+04 1.5800000000000D+01
*---+----+-------------------+-------------------+---------+---------------------
*   1: printout of the result at time [hours]
*---+----+-------------------+-------------------+---------+---------------------
    1    0 2.4433000000000D+04
*---+----+-------------------+-------------------+---------+---------------------
    2    1 2.4433000000000D+04 2.4085000000000D+00
   0.53394   0.72784   0.86444   0.98609    1.0932    1.1787    1.2331    1.2427
    1.1912   0.94872
    3    1 2.4433000000000D+04 1.4819500500000D+12
   0.53394   0.72784   0.86444   0.98609    1.0932    1.1787    1.2331    1.2427
    1.1912   0.94872
    9    0 2.4433000000000D+04 2.9170000000000D+02
   10    0 2.4433000000000D+04 1.5800000000000D+01
*---+----+-------------------+-------------------+---------+---------------------
*   1: printout of the result at time [hours]
*---+----+-------------------+-------------------+---------+---------------------
    1    0 2.4576000000000D+04
*---+----+-------------------+-------------------+---------+---------------------
    2    1 2.4576000000000D+04 2.6003000000000D+00
    0.7303   0.92028   0.99873    1.0468    1.0795    1.1006    1.1187    1.0968
    1.0526   0.85567
    3    1 2.4576000000000D+04 1.5141546900000D+12
    0.7303   0.92028   0.99873    1.0468    1.0795    1.1006    1.1187    1.0968
    1.0526   0.85567
    9    0 2.4576000000000D+04 2.9170000000000D+02
   10    0 2.4576000000000D+04 1.5800000000000D+01
*---+----+-------------------+-------------------+---------+---------------------
*   1: printout of the result at time [hours]
*---+----+-------------------+-------------------+---------+---------------------
    1    0 2.8032000000000D+04
*---+----+-------------------+-------------------+---------+---------------------
    2    1 2.8032000000000D+04 3.3681000000000D+00
   0.87111    1.0513    1.0801    1.0656    1.0525    1.0409    1.0308    1.0175
   0.98275   0.80728
    3    1 2.8032000000000D+04 1.7652212100000D+12
   0.87111    1.0513    1.0801    1.0656    1.0525    1.0409    1.0308    1.0175
   0.98275   0.80728
    9    0 2.8032000000000D+04 2.9170000000000D+02
   10    0 2.8032000000000D+04 1.5800000000000D+01
*---+----+-------------------+-------------------+---------+---------------------
*   1: printout of the result at time [hours]
*---+----+-------------------+-------------------+---------+---------------------
    1    0 2.9832000000000D+04
*---+----+-------------------+-------------------+---------+---------------------
    2    1 2.9832000000000D+04 3.9006000000000D+00
   0.88986     1.088    1.1121    1.0855    1.0614    1.0383     1.017   0.99292
   0.94626    0.7686
    3    1 2.9832000000000D+04 1.9257262200000D+12
   0.88986     1.088    1.1121    1.0855    1.0614    1.0383     1.017   0.99292
   0.94626    0.7686
    9    0 2.9832000000000D+04 2.9170000000000D+02
   10    0 2.9832000000000D+04 1.5800000000000D+01
*---+----+-------------------+-------------------+---------+---------------------
*   1: printout of the result at time [hours]
*---+----+-------------------+-------------------+---------+---------------------
    1    0 3.1586400000000D+04
*---+----+-------------------+-------------------+---------+---------------------
    2    1 3.1586400000000D+04 4.5054000000000D+00
   0.84876    1.0086    1.0117    1.0108     1.019     1.033    1.0505    1.0689
    1.0649   0.88383
    3    1 3.1586400000000D+04 2.0648248200000D+12
   0.84876    1.0086    1.0117    1.0108     1.019     1.033    1.0505    1.0689
    1.0649   0.88383
    9    0 3.1586400000000D+04 2.9170000000000D+02
   10    0 3.1586400000000D+04 1.5800000000000D+01
*---+----+-------------------+-------------------+---------+---------------------
*   1: printout of the result at time [hours]
*---+----+-------------------+-------------------+---------+---------------------
    1    0 3.2529600000000D+04
*---+----+-------------------+-------------------+---------+---------------------
    2    1 3.2529600000000D+04 3.8865000000000D+00
   0.71787   0.85089   0.87534   0.91316   0.96668    1.0302    1.1033    1.1864
     1.268    1.0881
    3    1 3.2529600000000D+04 1.7465931000000D+12
   0.71787   0.85089   0.87534   0.91316   0.96668    1.0302    1.1033    1.1864
     1.268    1.0881
    9    0 3.2529600000000D+04 2.8120000000000D+02
   10    0 3.2529600000000D+04 1.5800000000000D+01
* data point #2949 end
*  00:  last line of data set (finishing the program)
*---+----+-------------------+-------------------+---------+---------------------
00000    0 3.2529600000000D+04
*---+----+-------------------+-------------------+---------+---------------------
