* data point #260 begin
*
*---+----+-------------------+-------------------+---------+---------------------
*   1: printout of the result at time [hours]
*---+----+-------------------+-------------------+---------+---------------------
    1    0 0.0000000000000D+00
*---+----+-------------------+-------------------+---------+---------------------
    2    1 0.0000000000000D+00 2.3931600000000D+01
   0.51459    0.7239    0.8607   0.98359    1.0974    1.1953    1.2672    1.3028
    1.2283   0.82615
    3    1 0.0000000000000D+00 1.0864946400000D+13
   0.51459    0.7239    0.8607   0.98359    1.0974    1.1953    1.2672    1.3028
    1.2283   0.82615
    9    0 0.0000000000000D+00 2.9170000000000D+02
   10    0 0.0000000000000D+00 1.5800000000000D+01
*---+----+-------------------+-------------------+---------+---------------------
*   1: printout of the result at time [hours]
*---+----+-------------------+-------------------+---------+---------------------
    1    0 1.4400000000000D+02
*---+----+-------------------+-------------------+---------+---------------------
    2    1 1.4400000000000D+02 2.3850300000000D+01
   0.72615   0.94028    1.0177    1.0618     1.094    1.1177    1.1352    1.1257
    1.0591   0.72226
    3    1 1.4400000000000D+02 1.0830421230000D+13
   0.72615   0.94028    1.0177    1.0618     1.094    1.1177    1.1352    1.1257
    1.0591   0.72226
    9    0 1.4400000000000D+02 2.9170000000000D+02
   10    0 1.4400000000000D+02 1.5800000000000D+01
*---+----+-------------------+-------------------+---------+---------------------
*   1: printout of the result at time [hours]
*---+----+-------------------+-------------------+---------+---------------------
    1    0 5.4000000000000D+03
*---+----+-------------------+-------------------+---------+---------------------
    2    1 5.4000000000000D+03 2.4520100000000D+01
   0.88792    1.1521     1.156    1.1236    1.0891    1.0566    1.0261   0.99233
   0.91655   0.59959
    3    1 5.4000000000000D+03 1.1426366600000D+13
   0.88792    1.1521     1.156    1.1236    1.0891    1.0566    1.0261   0.99233
   0.91655   0.59959
    9    0 5.4000000000000D+03 2.9170000000000D+02
   10    0 5.4000000000000D+03 1.5800000000000D+01
*---+----+-------------------+-------------------+---------+---------------------
*   1: printout of the result at time [hours]
*---+----+-------------------+-------------------+---------+---------------------
    1    0 7.2816000000000D+03
*---+----+-------------------+-------------------+---------+---------------------
    2    1 7.2816000000000D+03 2.4341400000000D+01
   0.87575    1.1089    1.0896    1.0662    1.0509    1.0411    1.0363     1.037
    1.0132   0.68106
    3    1 7.2816000000000D+03 1.1435589720000D+13
   0.87575    1.1089    1.0896    1.0662    1.0509    1.0411    1.0363     1.037
    1.0132   0.68106
    9    0 7.2816000000000D+03 2.9170000000000D+02
   10    0 7.2816000000000D+03 1.5800000000000D+01
*---+----+-------------------+-------------------+---------+---------------------
*   1: printout of the result at time [hours]
*---+----+-------------------+-------------------+---------+---------------------
    1    0 8.0174000000000D+03
*---+----+-------------------+-------------------+---------+---------------------
    2    1 8.0174000000000D+03 2.2710700000000D+01
   0.77127    0.9713   0.97927   0.99336    1.0196    1.0523    1.0909    1.1378
    1.1677   0.81644
    3    1 8.0174000000000D+03 1.0401500600000D+13
   0.77127    0.9713   0.97927   0.99336    1.0196    1.0523    1.0909    1.1378
    1.1677   0.81644
    9    0 8.0174000000000D+03 2.8110000000000D+02
   10    0 8.0174000000000D+03 1.5800000000000D+01
*---+----+-------------------+-------------------+---------+---------------------
*   1: printout of the result at time [hours]
*---+----+-------------------+-------------------+---------+---------------------
    1    0 8.0194000000000D+03
*---+----+-------------------+-------------------+---------+---------------------
    2    1 8.0194000000000D+03 2.3967900000000D+01
   0.44847   0.71133   0.85932   0.99395    1.1173    1.2202     1.291    1.3197
    1.2293   0.80937
    3    1 8.0194000000000D+03 1.2726954900000D+13
   0.44847   0.71133   0.85932   0.99395    1.1173    1.2202     1.291    1.3197
    1.2293   0.80937
    9    0 8.0194000000000D+03 2.9170000000000D+02
   10    0 8.0194000000000D+03 1.5800000000000D+01
*---+----+-------------------+-------------------+---------+---------------------
*   1: printout of the result at time [hours]
*---+----+-------------------+-------------------+---------+---------------------
    1    0 8.1624000000000D+03
*---+----+-------------------+-------------------+---------+---------------------
    2    1 8.1624000000000D+03 2.3932000000000D+01
   0.63789   0.93139    1.0233    1.0784    1.1174    1.1431    1.1579     1.142
     1.061   0.70763
    3    1 8.1624000000000D+03 1.2715071600000D+13
   0.63789   0.93139    1.0233    1.0784    1.1174    1.1431    1.1579     1.142
     1.061   0.70763
    9    0 8.1624000000000D+03 2.9170000000000D+02
   10    0 8.1624000000000D+03 1.5800000000000D+01
*---+----+-------------------+-------------------+---------+---------------------
*   1: printout of the result at time [hours]
*---+----+-------------------+-------------------+---------+---------------------
    1    0 1.1618400000000D+04
*---+----+-------------------+-------------------+---------+---------------------
    2    1 1.1618400000000D+04 2.2267000000000D+01
    0.8452    1.0802    1.0851     1.072    1.0599    1.0504    1.0439    1.0381
    1.0007   0.72457
    3    1 1.1618400000000D+04 1.2017499900000D+13
    0.8452    1.0802    1.0851     1.072    1.0599    1.0504    1.0439    1.0381
    1.0007   0.72457
    9    0 1.1618400000000D+04 2.9170000000000D+02
   10    0 1.1618400000000D+04 1.5800000000000D+01
*---+----+-------------------+-------------------+---------+---------------------
*   1: printout of the result at time [hours]
*---+----+-------------------+-------------------+---------+---------------------
    1    0 1.3778400000000D+04
*---+----+-------------------+-------------------+---------+---------------------
    2    1 1.3778400000000D+04 2.1238300000000D+01
   0.89965    1.0947    1.0789    1.0608    1.0463    1.0342    1.0249     1.019
   0.99344   0.74799
    3    1 1.3778400000000D+04 1.1549387540000D+13
   0.89965    1.0947    1.0789    1.0608    1.0463    1.0342    1.0249     1.019
   0.99344   0.74799
    9    0 1.3778400000000D+04 2.9170000000000D+02
   10    0 1.3778400000000D+04 1.5800000000000D+01
*---+----+-------------------+-------------------+---------+---------------------
*   1: printout of the result at time [hours]
*---+----+-------------------+-------------------+---------+---------------------
    1    0 1.5081600000000D+04
*---+----+-------------------+-------------------+---------+---------------------
    2    1 1.5081600000000D+04 2.0972500000000D+01
   0.89431     1.051     1.033    1.0215     1.019    1.0209    1.0271    1.0422
    1.0596   0.83137
    3    1 1.5081600000000D+04 1.1446790500000D+13
   0.89431     1.051     1.033    1.0215     1.019    1.0209    1.0271    1.0422
    1.0596   0.83137
    9    0 1.5081600000000D+04 2.9170000000000D+02
   10    0 1.5081600000000D+04 1.5800000000000D+01
*---+----+-------------------+-------------------+---------+---------------------
*   1: printout of the result at time [hours]
*---+----+-------------------+-------------------+---------+---------------------
    1    0 1.5503000000000D+04
*---+----+-------------------+-------------------+---------+---------------------
    2    1 1.5503000000000D+04 1.9726700000000D+01
   0.80551   0.94871   0.95044   0.96727   0.99606    1.0301    1.0688    1.1172
    1.1737   0.94223
    3    1 1.5503000000000D+04 1.0599155910000D+13
   0.80551   0.94871   0.95044   0.96727   0.99606    1.0301    1.0688    1.1172
    1.1737   0.94223
    9    0 1.5503000000000D+04 2.8640000000000D+02
   10    0 1.5503000000000D+04 1.5800000000000D+01
*---+----+-------------------+-------------------+---------+---------------------
*   1: printout of the result at time [hours]
*---+----+-------------------+-------------------+---------+---------------------
    1    0 1.5505000000000D+04
*---+----+-------------------+-------------------+---------+---------------------
    2    1 1.5505000000000D+04 1.5466600000000D+01
   0.50347   0.72143   0.85604   0.98399    1.1015    1.1992    1.2666    1.2972
    1.2345   0.83599
    3    1 1.5505000000000D+04 8.9025749600000D+12
   0.50347   0.72143   0.85604   0.98399    1.1015    1.1992    1.2666    1.2972
    1.2345   0.83599
    9    0 1.5505000000000D+04 2.9170000000000D+02
   10    0 1.5505000000000D+04 1.5800000000000D+01
*---+----+-------------------+-------------------+---------+---------------------
*   1: printout of the result at time [hours]
*---+----+-------------------+-------------------+---------+---------------------
    1    0 1.5648000000000D+04
*---+----+-------------------+-------------------+---------+---------------------
    2    1 1.5648000000000D+04 1.5586000000000D+01
   0.69909   0.92634    1.0035    1.0563     1.096     1.124    1.1423    1.1329
    1.0793   0.74028
    3    1 1.5648000000000D+04 8.9323366000000D+12
   0.69909   0.92634    1.0035    1.0563     1.096     1.124    1.1423    1.1329
    1.0793   0.74028
    9    0 1.5648000000000D+04 2.9170000000000D+02
   10    0 1.5648000000000D+04 1.5800000000000D+01
*---+----+-------------------+-------------------+---------+---------------------
*   1: printout of the result at time [hours]
*---+----+-------------------+-------------------+---------+---------------------
    1    0 1.9104000000000D+04
*---+----+-------------------+-------------------+---------+---------------------
    2    1 1.9104000000000D+04 1.6043100000000D+01
   0.87327    1.0705    1.0871    1.0714    1.0601    1.0504    1.0424    1.0332
   0.99763   0.71408
    3    1 1.9104000000000D+04 9.2295954300000D+12
   0.87327    1.0705    1.0871    1.0714    1.0601    1.0504    1.0424    1.0332
   0.99763   0.71408
    9    0 1.9104000000000D+04 2.9170000000000D+02
   10    0 1.9104000000000D+04 1.5800000000000D+01
*---+----+-------------------+-------------------+---------+---------------------
*   1: printout of the result at time [hours]
*---+----+-------------------+-------------------+---------+---------------------
    1    0 2.0904000000000D+04
*---+----+-------------------+-------------------+---------+---------------------
    2    1 2.0904000000000D+04 1.6156000000000D+01
   0.90616    1.1005    1.1019    1.0829    1.0624    1.0433    1.0262    1.0092
   0.96862   0.69881
    3    1 2.0904000000000D+04 9.3300900000000D+12
   0.90616    1.1005    1.1019    1.0829    1.0624    1.0433    1.0262    1.0092
   0.96862   0.69881
    9    0 2.0904000000000D+04 2.9170000000000D+02
   10    0 2.0904000000000D+04 1.5800000000000D+01
*---+----+-------------------+-------------------+---------+---------------------
*   1: printout of the result at time [hours]
*---+----+-------------------+-------------------+---------+---------------------
    1    0 2.2658400000000D+04
*---+----+-------------------+-------------------+---------+---------------------
    2    1 2.2658400000000D+04 1.6273900000000D+01
   0.87883    1.0262    1.0169    1.0135      1.02    1.0321    1.0483    1.0694
     1.082   0.81277
    3    1 2.2658400000000D+04 9.4063142000000D+12
   0.87883    1.0262    1.0169    1.0135      1.02    1.0321    1.0483    1.0694
     1.082   0.81277
    9    0 2.2658400000000D+04 2.9170000000000D+02
   10    0 2.2658400000000D+04 1.5800000000000D+01
*---+----+-------------------+-------------------+---------+---------------------
*   1: printout of the result at time [hours]
*---+----+-------------------+-------------------+---------+---------------------
    1    0 2.3601600000000D+04
*---+----+-------------------+-------------------+---------+---------------------
    2    1 2.3601600000000D+04 1.4029000000000D+01
    0.7441   0.86592   0.88196   0.91845   0.97135    1.0339    1.1059     1.191
    1.2732    1.0142
    3    1 2.3601600000000D+04 7.8772835000000D+12
    0.7441   0.86592   0.88196   0.91845   0.97135    1.0339    1.1059     1.191
    1.2732    1.0142
    9    0 2.3601600000000D+04 2.8120000000000D+02
   10    0 2.3601600000000D+04 1.5800000000000D+01
* data point #260 end
*  00:  last line of data set (finishing the program)
*---+----+-------------------+-------------------+---------+---------------------
00000    0 2.3601600000000D+04
*---+----+-------------------+-------------------+---------+---------------------
