* data point #2431 begin
*
*---+----+-------------------+-------------------+---------+---------------------
*   1: printout of the result at time [hours]
*---+----+-------------------+-------------------+---------+---------------------
    1    0 0.0000000000000D+00
*---+----+-------------------+-------------------+---------+---------------------
    2    1 0.0000000000000D+00 2.1374200000000D+01
   0.46509   0.77884   0.93599    1.0588    1.1607    1.2366    1.2809    1.2628
    1.1378   0.68236
    3    1 0.0000000000000D+00 9.2550286000000D+12
   0.46509   0.77884   0.93599    1.0588    1.1607    1.2366    1.2809    1.2628
    1.1378   0.68236
    9    0 0.0000000000000D+00 2.9170000000000D+02
   10    0 0.0000000000000D+00 1.5800000000000D+01
*---+----+-------------------+-------------------+---------+---------------------
*   1: printout of the result at time [hours]
*---+----+-------------------+-------------------+---------+---------------------
    1    0 1.4400000000000D+02
*---+----+-------------------+-------------------+---------+---------------------
    2    1 1.4400000000000D+02 2.0936300000000D+01
   0.65279   0.99817    1.0897     1.126    1.1426    1.1462    1.1359    1.1011
   0.99416   0.61338
    3    1 1.4400000000000D+02 9.0863542000000D+12
   0.65279   0.99817    1.0897     1.126    1.1426    1.1462    1.1359    1.1011
   0.99416   0.61338
    9    0 1.4400000000000D+02 2.9170000000000D+02
   10    0 1.4400000000000D+02 1.5800000000000D+01
*---+----+-------------------+-------------------+---------+---------------------
*   1: printout of the result at time [hours]
*---+----+-------------------+-------------------+---------+---------------------
    1    0 3.6000000000000D+03
*---+----+-------------------+-------------------+---------+---------------------
    2    1 3.6000000000000D+03 2.0220800000000D+01
   0.83567    1.1402    1.1472    1.1174    1.0866    1.0594    1.0357    1.0099
   0.94249   0.62554
    3    1 3.6000000000000D+03 9.0245430400000D+12
   0.83567    1.1402    1.1472    1.1174    1.0866    1.0594    1.0357    1.0099
   0.94249   0.62554
    9    0 3.6000000000000D+03 2.9170000000000D+02
   10    0 3.6000000000000D+03 1.5800000000000D+01
*---+----+-------------------+-------------------+---------+---------------------
*   1: printout of the result at time [hours]
*---+----+-------------------+-------------------+---------+---------------------
    1    0 5.7600000000000D+03
*---+----+-------------------+-------------------+---------+---------------------
    2    1 5.7600000000000D+03 1.9849500000000D+01
    0.8775    1.1636    1.1522    1.1155    1.0801    1.0478    1.0186   0.98919
   0.92546   0.62994
    3    1 5.7600000000000D+03 8.9977783500000D+12
    0.8775    1.1636    1.1522    1.1155    1.0801    1.0478    1.0186   0.98919
   0.92546   0.62994
    9    0 5.7600000000000D+03 2.9170000000000D+02
   10    0 5.7600000000000D+03 1.5800000000000D+01
*---+----+-------------------+-------------------+---------+---------------------
*   1: printout of the result at time [hours]
*---+----+-------------------+-------------------+---------+---------------------
    1    0 7.0632000000000D+03
*---+----+-------------------+-------------------+---------+---------------------
    2    1 7.0632000000000D+03 1.9702600000000D+01
   0.86374    1.1087    1.0905    1.0674    1.0528    1.0422    1.0348    1.0307
    1.0014   0.70767
    3    1 7.0632000000000D+03 9.0080287200000D+12
   0.86374    1.1087    1.0905    1.0674    1.0528    1.0422    1.0348    1.0307
    1.0014   0.70767
    9    0 7.0632000000000D+03 2.9170000000000D+02
   10    0 7.0632000000000D+03 1.5800000000000D+01
*---+----+-------------------+-------------------+---------+---------------------
*   1: printout of the result at time [hours]
*---+----+-------------------+-------------------+---------+---------------------
    1    0 7.4846000000000D+03
*---+----+-------------------+-------------------+---------+---------------------
    2    1 7.4846000000000D+03 1.8706500000000D+01
   0.77716   0.99751    1.0046    1.0136    1.0333    1.0573    1.0838    1.1135
    1.1139   0.80528
    3    1 7.4846000000000D+03 8.4310195500000D+12
   0.77716   0.99751    1.0046    1.0136    1.0333    1.0573    1.0838    1.1135
    1.1139   0.80528
    9    0 7.4846000000000D+03 2.8640000000000D+02
   10    0 7.4846000000000D+03 1.5800000000000D+01
*---+----+-------------------+-------------------+---------+---------------------
*   1: printout of the result at time [hours]
*---+----+-------------------+-------------------+---------+---------------------
    1    0 7.4866000000000D+03
*---+----+-------------------+-------------------+---------+---------------------
    2    1 7.4866000000000D+03 2.4957500000000D+01
   0.47244   0.72231   0.86098   0.99497    1.1201    1.2239    1.2939     1.321
    1.2336   0.75673
    3    1 7.4866000000000D+03 1.2391398750000D+13
   0.47244   0.72231   0.86098   0.99497    1.1201    1.2239    1.2939     1.321
    1.2336   0.75673
    9    0 7.4866000000000D+03 2.9170000000000D+02
   10    0 7.4866000000000D+03 1.5800000000000D+01
*---+----+-------------------+-------------------+---------+---------------------
*   1: printout of the result at time [hours]
*---+----+-------------------+-------------------+---------+---------------------
    1    0 7.6296000000000D+03
*---+----+-------------------+-------------------+---------+---------------------
    2    1 7.6296000000000D+03 2.4964100000000D+01
   0.66704   0.94119    1.0217    1.0765    1.1178    1.1452      1.16    1.1434
    1.0652   0.66211
    3    1 7.6296000000000D+03 1.2422136160000D+13
   0.66704   0.94119    1.0217    1.0765    1.1178    1.1452      1.16    1.1434
    1.0652   0.66211
    9    0 7.6296000000000D+03 2.9170000000000D+02
   10    0 7.6296000000000D+03 1.5800000000000D+01
*---+----+-------------------+-------------------+---------+---------------------
*   1: printout of the result at time [hours]
*---+----+-------------------+-------------------+---------+---------------------
    1    0 1.1085600000000D+04
*---+----+-------------------+-------------------+---------+---------------------
    2    1 1.1085600000000D+04 2.3288700000000D+01
   0.86394    1.0874     1.091    1.0795     1.068    1.0578     1.049    1.0388
   0.99559   0.66899
    3    1 1.1085600000000D+04 1.1902854570000D+13
   0.86394    1.0874     1.091    1.0795     1.068    1.0578     1.049    1.0388
   0.99559   0.66899
    9    0 1.1085600000000D+04 2.9170000000000D+02
   10    0 1.1085600000000D+04 1.5800000000000D+01
*---+----+-------------------+-------------------+---------+---------------------
*   1: printout of the result at time [hours]
*---+----+-------------------+-------------------+---------+---------------------
    1    0 1.2885600000000D+04
*---+----+-------------------+-------------------+---------+---------------------
    2    1 1.2885600000000D+04 2.2419700000000D+01
   0.90586    1.1061    1.0954    1.0774    1.0605    1.0451    1.0316     1.019
   0.98101   0.67802
    3    1 1.2885600000000D+04 1.1582017020000D+13
   0.90586    1.1061    1.0954    1.0774    1.0605    1.0451    1.0316     1.019
   0.98101   0.67802
    9    0 1.2885600000000D+04 2.9170000000000D+02
   10    0 1.2885600000000D+04 1.5800000000000D+01
*---+----+-------------------+-------------------+---------+---------------------
*   1: printout of the result at time [hours]
*---+----+-------------------+-------------------+---------+---------------------
    1    0 1.4640000000000D+04
*---+----+-------------------+-------------------+---------+---------------------
    2    1 1.4640000000000D+04 2.1949200000000D+01
   0.89151    1.0419    1.0263    1.0189    1.0214    1.0294    1.0424    1.0627
    1.0784   0.78709
    3    1 1.4640000000000D+04 1.1433338280000D+13
   0.89151    1.0419    1.0263    1.0189    1.0214    1.0294    1.0424    1.0627
    1.0784   0.78709
    9    0 1.4640000000000D+04 2.9170000000000D+02
   10    0 1.4640000000000D+04 1.5800000000000D+01
*---+----+-------------------+-------------------+---------+---------------------
*   1: printout of the result at time [hours]
*---+----+-------------------+-------------------+---------+---------------------
    1    0 1.5583200000000D+04
*---+----+-------------------+-------------------+---------+---------------------
    2    1 1.5583200000000D+04 1.8920100000000D+01
   0.75623   0.88128   0.89201   0.92484   0.97362    1.0318    1.0993    1.1811
     1.279   0.98091
    3    1 1.5583200000000D+04 9.5754626100000D+12
   0.75623   0.88128   0.89201   0.92484   0.97362    1.0318    1.0993    1.1811
     1.279   0.98091
    9    0 1.5583200000000D+04 2.8120000000000D+02
   10    0 1.5583200000000D+04 1.5800000000000D+01
* data point #2431 end
*  00:  last line of data set (finishing the program)
*---+----+-------------------+-------------------+---------+---------------------
00000    0 1.5583200000000D+04
*---+----+-------------------+-------------------+---------+---------------------
