* data point #2133 begin
*
*---+----+-------------------+-------------------+---------+---------------------
*   1: printout of the result at time [hours]
*---+----+-------------------+-------------------+---------+---------------------
    1    0 0.0000000000000D+00
*---+----+-------------------+-------------------+---------+---------------------
    2    1 0.0000000000000D+00 2.3665700000000D+01
   0.51463   0.72392   0.86074   0.98362    1.0974    1.1953    1.2672    1.3027
    1.2283   0.82613
    3    1 0.0000000000000D+00 1.1106313010000D+13
   0.51463   0.72392   0.86074   0.98362    1.0974    1.1953    1.2672    1.3027
    1.2283   0.82613
    9    0 0.0000000000000D+00 2.9170000000000D+02
   10    0 0.0000000000000D+00 1.5800000000000D+01
*---+----+-------------------+-------------------+---------+---------------------
*   1: printout of the result at time [hours]
*---+----+-------------------+-------------------+---------+---------------------
    1    0 1.4400000000000D+02
*---+----+-------------------+-------------------+---------+---------------------
    2    1 1.4400000000000D+02 2.3574200000000D+01
   0.72618   0.94031    1.0177    1.0618     1.094    1.1177    1.1351    1.1257
    1.0591   0.72227
    3    1 1.4400000000000D+02 1.1063372060000D+13
   0.72618   0.94031    1.0177    1.0618     1.094    1.1177    1.1351    1.1257
    1.0591   0.72227
    9    0 1.4400000000000D+02 2.9170000000000D+02
   10    0 1.4400000000000D+02 1.5800000000000D+01
*---+----+-------------------+-------------------+---------+---------------------
*   1: printout of the result at time [hours]
*---+----+-------------------+-------------------+---------+---------------------
    1    0 5.4000000000000D+03
*---+----+-------------------+-------------------+---------+---------------------
    2    1 5.4000000000000D+03 2.4815800000000D+01
   0.88794    1.1521     1.156    1.1236    1.0891    1.0566    1.0261   0.99235
   0.91659   0.59958
    3    1 5.4000000000000D+03 1.1797431320000D+13
   0.88794    1.1521     1.156    1.1236    1.0891    1.0566    1.0261   0.99235
   0.91659   0.59958
    9    0 5.4000000000000D+03 2.9170000000000D+02
   10    0 5.4000000000000D+03 1.5800000000000D+01
*---+----+-------------------+-------------------+---------+---------------------
*   1: printout of the result at time [hours]
*---+----+-------------------+-------------------+---------+---------------------
    1    0 7.2816000000000D+03
*---+----+-------------------+-------------------+---------+---------------------
    2    1 7.2816000000000D+03 2.4652300000000D+01
   0.87578    1.1089    1.0896    1.0661    1.0509    1.0411    1.0364    1.0369
    1.0132   0.68107
    3    1 7.2816000000000D+03 1.1798590780000D+13
   0.87578    1.1089    1.0896    1.0661    1.0509    1.0411    1.0364    1.0369
    1.0132   0.68107
    9    0 7.2816000000000D+03 2.9170000000000D+02
   10    0 7.2816000000000D+03 1.5800000000000D+01
*---+----+-------------------+-------------------+---------+---------------------
*   1: printout of the result at time [hours]
*---+----+-------------------+-------------------+---------+---------------------
    1    0 8.0174000000000D+03
*---+----+-------------------+-------------------+---------+---------------------
    2    1 8.0174000000000D+03 2.2973400000000D+01
   0.77128    0.9713   0.97926   0.99337    1.0196    1.0523    1.0909    1.1378
    1.1677   0.81647
    3    1 8.0174000000000D+03 1.0714793760000D+13
   0.77128    0.9713   0.97926   0.99337    1.0196    1.0523    1.0909    1.1378
    1.1677   0.81647
    9    0 8.0174000000000D+03 2.8110000000000D+02
   10    0 8.0174000000000D+03 1.5800000000000D+01
*---+----+-------------------+-------------------+---------+---------------------
*   1: printout of the result at time [hours]
*---+----+-------------------+-------------------+---------+---------------------
    1    0 8.0194000000000D+03
*---+----+-------------------+-------------------+---------+---------------------
    2    1 8.0194000000000D+03 2.1293400000000D+01
   0.44798    0.7106   0.85858   0.99331    1.1169      1.22    1.2913    1.3205
    1.2305   0.81039
    3    1 8.0194000000000D+03 1.1174776320000D+13
   0.44798    0.7106   0.85858   0.99331    1.1169      1.22    1.2913    1.3205
    1.2305   0.81039
    9    0 8.0194000000000D+03 2.9170000000000D+02
   10    0 8.0194000000000D+03 1.5800000000000D+01
*---+----+-------------------+-------------------+---------+---------------------
*   1: printout of the result at time [hours]
*---+----+-------------------+-------------------+---------+---------------------
    1    0 8.1624000000000D+03
*---+----+-------------------+-------------------+---------+---------------------
    2    1 8.1624000000000D+03 2.1249700000000D+01
   0.63751   0.93084    1.0227     1.078    1.1171    1.1431    1.1581    1.1425
    1.0618   0.70829
    3    1 8.1624000000000D+03 1.1145467650000D+13
   0.63751   0.93084    1.0227     1.078    1.1171    1.1431    1.1581    1.1425
    1.0618   0.70829
    9    0 8.1624000000000D+03 2.9170000000000D+02
   10    0 8.1624000000000D+03 1.5800000000000D+01
*---+----+-------------------+-------------------+---------+---------------------
*   1: printout of the result at time [hours]
*---+----+-------------------+-------------------+---------+---------------------
    1    0 1.1618400000000D+04
*---+----+-------------------+-------------------+---------+---------------------
    2    1 1.1618400000000D+04 2.0158800000000D+01
   0.84519    1.0803    1.0851     1.072    1.0599    1.0504    1.0439     1.038
    1.0007   0.72455
    3    1 1.1618400000000D+04 1.0678116360000D+13
   0.84519    1.0803    1.0851     1.072    1.0599    1.0504    1.0439     1.038
    1.0007   0.72455
    9    0 1.1618400000000D+04 2.9170000000000D+02
   10    0 1.1618400000000D+04 1.5800000000000D+01
*---+----+-------------------+-------------------+---------+---------------------
*   1: printout of the result at time [hours]
*---+----+-------------------+-------------------+---------+---------------------
    1    0 1.3778400000000D+04
*---+----+-------------------+-------------------+---------+---------------------
    2    1 1.3778400000000D+04 1.9446300000000D+01
   0.89976    1.0948    1.0791    1.0609    1.0464    1.0342    1.0249    1.0189
   0.99325   0.74785
    3    1 1.3778400000000D+04 1.0370711790000D+13
   0.89976    1.0948    1.0791    1.0609    1.0464    1.0342    1.0249    1.0189
   0.99325   0.74785
    9    0 1.3778400000000D+04 2.9170000000000D+02
   10    0 1.3778400000000D+04 1.5800000000000D+01
*---+----+-------------------+-------------------+---------+---------------------
*   1: printout of the result at time [hours]
*---+----+-------------------+-------------------+---------+---------------------
    1    0 1.5081600000000D+04
*---+----+-------------------+-------------------+---------+---------------------
    2    1 1.5081600000000D+04 1.9343100000000D+01
   0.89443    1.0513    1.0331    1.0217    1.0191    1.0208     1.027    1.0421
    1.0593   0.83115
    3    1 1.5081600000000D+04 1.0348558500000D+13
   0.89443    1.0513    1.0331    1.0217    1.0191    1.0208     1.027    1.0421
    1.0593   0.83115
    9    0 1.5081600000000D+04 2.9170000000000D+02
   10    0 1.5081600000000D+04 1.5800000000000D+01
*---+----+-------------------+-------------------+---------+---------------------
*   1: printout of the result at time [hours]
*---+----+-------------------+-------------------+---------+---------------------
    1    0 1.5503000000000D+04
*---+----+-------------------+-------------------+---------+---------------------
    2    1 1.5503000000000D+04 1.8231300000000D+01
   0.80565   0.94892   0.95062    0.9674   0.99614    1.0301    1.0688     1.117
    1.1735   0.94195
    3    1 1.5503000000000D+04 9.6115413600000D+12
   0.80565   0.94892   0.95062    0.9674   0.99614    1.0301    1.0688     1.117
    1.1735   0.94195
    9    0 1.5503000000000D+04 2.8640000000000D+02
   10    0 1.5503000000000D+04 1.5800000000000D+01
*---+----+-------------------+-------------------+---------+---------------------
*   1: printout of the result at time [hours]
*---+----+-------------------+-------------------+---------+---------------------
    1    0 1.5505000000000D+04
*---+----+-------------------+-------------------+---------+---------------------
    2    1 1.5505000000000D+04 2.1025600000000D+01
   0.50315   0.72103   0.85577    0.9838    1.1014    1.1993    1.2668    1.2976
    1.2349   0.83627
    3    1 1.5505000000000D+04 1.2239001760000D+13
   0.50315   0.72103   0.85577    0.9838    1.1014    1.1993    1.2668    1.2976
    1.2349   0.83627
    9    0 1.5505000000000D+04 2.9170000000000D+02
   10    0 1.5505000000000D+04 1.5800000000000D+01
*---+----+-------------------+-------------------+---------+---------------------
*   1: printout of the result at time [hours]
*---+----+-------------------+-------------------+---------+---------------------
    1    0 1.5648000000000D+04
*---+----+-------------------+-------------------+---------+---------------------
    2    1 1.5648000000000D+04 2.0597300000000D+01
   0.69888   0.92614    1.0033    1.0563     1.096     1.124    1.1424    1.1331
    1.0795   0.74039
    3    1 1.5648000000000D+04 1.2008225900000D+13
   0.69888   0.92614    1.0033    1.0563     1.096     1.124    1.1424    1.1331
    1.0795   0.74039
    9    0 1.5648000000000D+04 2.9170000000000D+02
   10    0 1.5648000000000D+04 1.5800000000000D+01
*---+----+-------------------+-------------------+---------+---------------------
*   1: printout of the result at time [hours]
*---+----+-------------------+-------------------+---------+---------------------
    1    0 1.9104000000000D+04
*---+----+-------------------+-------------------+---------+---------------------
    2    1 1.9104000000000D+04 2.0263800000000D+01
   0.87333    1.0705    1.0872    1.0714    1.0602    1.0503    1.0424    1.0332
   0.99754   0.71398
    3    1 1.9104000000000D+04 1.2364970760000D+13
   0.87333    1.0705    1.0872    1.0714    1.0602    1.0503    1.0424    1.0332
   0.99754   0.71398
    9    0 1.9104000000000D+04 2.9170000000000D+02
   10    0 1.9104000000000D+04 1.5800000000000D+01
*---+----+-------------------+-------------------+---------+---------------------
*   1: printout of the result at time [hours]
*---+----+-------------------+-------------------+---------+---------------------
    1    0 2.0904000000000D+04
*---+----+-------------------+-------------------+---------+---------------------
    2    1 2.0904000000000D+04 2.0392100000000D+01
   0.90628    1.1006     1.102     1.083    1.0624    1.0433    1.0262    1.0091
   0.96851    0.6987
    3    1 2.0904000000000D+04 1.2655337260000D+13
   0.90628    1.1006     1.102     1.083    1.0624    1.0433    1.0262    1.0091
   0.96851    0.6987
    9    0 2.0904000000000D+04 2.9170000000000D+02
   10    0 2.0904000000000D+04 1.5800000000000D+01
*---+----+-------------------+-------------------+---------+---------------------
*   1: printout of the result at time [hours]
*---+----+-------------------+-------------------+---------+---------------------
    1    0 2.2658400000000D+04
*---+----+-------------------+-------------------+---------+---------------------
    2    1 2.2658400000000D+04 2.0189600000000D+01
   0.87902    1.0264    1.0172    1.0136    1.0202    1.0321    1.0482    1.0692
    1.0816   0.81245
    3    1 2.2658400000000D+04 1.2614462080000D+13
   0.87902    1.0264    1.0172    1.0136    1.0202    1.0321    1.0482    1.0692
    1.0816   0.81245
    9    0 2.2658400000000D+04 2.9170000000000D+02
   10    0 2.2658400000000D+04 1.5800000000000D+01
*---+----+-------------------+-------------------+---------+---------------------
*   1: printout of the result at time [hours]
*---+----+-------------------+-------------------+---------+---------------------
    1    0 2.3601600000000D+04
*---+----+-------------------+-------------------+---------+---------------------
    2    1 2.3601600000000D+04 1.7680000000000D+01
   0.74423   0.86612   0.88213   0.91855   0.97144     1.034    1.1058    1.1909
    1.2729    1.0139
    3    1 2.3601600000000D+04 1.0735296000000D+13
   0.74423   0.86612   0.88213   0.91855   0.97144     1.034    1.1058    1.1909
    1.2729    1.0139
    9    0 2.3601600000000D+04 2.8120000000000D+02
   10    0 2.3601600000000D+04 1.5800000000000D+01
* data point #2133 end
*  00:  last line of data set (finishing the program)
*---+----+-------------------+-------------------+---------+---------------------
00000    0 2.3601600000000D+04
*---+----+-------------------+-------------------+---------+---------------------
