* data point #2031 begin
*
*---+----+-------------------+-------------------+---------+---------------------
*   1: printout of the result at time [hours]
*---+----+-------------------+-------------------+---------+---------------------
    1    0 0.0000000000000D+00
*---+----+-------------------+-------------------+---------+---------------------
    2    1 0.0000000000000D+00 2.4817300000000D+01
   0.59366   0.86774    1.0156    1.1145    1.1803    1.2148    1.2103    1.1602
    1.0187   0.62412
    3    1 0.0000000000000D+00 1.1584715640000D+13
   0.59366   0.86774    1.0156    1.1145    1.1803    1.2148    1.2103    1.1602
    1.0187   0.62412
    9    0 0.0000000000000D+00 2.9170000000000D+02
   10    0 0.0000000000000D+00 1.5800000000000D+01
*---+----+-------------------+-------------------+---------+---------------------
*   1: printout of the result at time [hours]
*---+----+-------------------+-------------------+---------+---------------------
    1    0 1.4400000000000D+02
*---+----+-------------------+-------------------+---------+---------------------
    2    1 1.4400000000000D+02 2.5256000000000D+01
   0.75463    1.0184    1.1034    1.1336    1.1412    1.1333    1.1102    1.0624
    0.9458   0.59705
    3    1 1.4400000000000D+02 1.1865268800000D+13
   0.75463    1.0184    1.1034    1.1336    1.1412    1.1333    1.1102    1.0624
    0.9458   0.59705
    9    0 1.4400000000000D+02 2.9170000000000D+02
   10    0 1.4400000000000D+02 1.5800000000000D+01
*---+----+-------------------+-------------------+---------+---------------------
*   1: printout of the result at time [hours]
*---+----+-------------------+-------------------+---------+---------------------
    1    0 3.2400000000000D+03
*---+----+-------------------+-------------------+---------+---------------------
    2    1 3.2400000000000D+03 2.5192400000000D+01
   0.86093    1.1057    1.1209     1.101    1.0798    1.0615    1.0458    1.0269
   0.96235   0.63507
    3    1 3.2400000000000D+03 1.2283814240000D+13
   0.86093    1.1057    1.1209     1.101    1.0798    1.0615    1.0458    1.0269
   0.96235   0.63507
    9    0 3.2400000000000D+03 2.9170000000000D+02
   10    0 3.2400000000000D+03 1.5800000000000D+01
*---+----+-------------------+-------------------+---------+---------------------
*   1: printout of the result at time [hours]
*---+----+-------------------+-------------------+---------+---------------------
    1    0 5.8800000000000D+03
*---+----+-------------------+-------------------+---------+---------------------
    2    1 5.8800000000000D+03 2.5284300000000D+01
   0.87635     1.148    1.1322    1.0977    1.0676    1.0426    1.0233    1.0091
   0.96459   0.63854
    3    1 5.8800000000000D+03 1.2589052970000D+13
   0.87635     1.148    1.1322    1.0977    1.0676    1.0426    1.0233    1.0091
   0.96459   0.63854
    9    0 5.8800000000000D+03 2.9170000000000D+02
   10    0 5.8800000000000D+03 1.5800000000000D+01
*---+----+-------------------+-------------------+---------+---------------------
*   1: printout of the result at time [hours]
*---+----+-------------------+-------------------+---------+---------------------
    1    0 6.7656000000000D+03
*---+----+-------------------+-------------------+---------+---------------------
    2    1 6.7656000000000D+03 2.5059700000000D+01
   0.88413    1.1353    1.1068    1.0747    1.0513    1.0341    1.0232    1.0209
   0.99925   0.67044
    3    1 6.7656000000000D+03 1.2532355970000D+13
   0.88413    1.1353    1.1068    1.0747    1.0513    1.0341    1.0232    1.0209
   0.99925   0.67044
    9    0 6.7656000000000D+03 2.9170000000000D+02
   10    0 6.7656000000000D+03 1.5800000000000D+01
*---+----+-------------------+-------------------+---------+---------------------
*   1: printout of the result at time [hours]
*---+----+-------------------+-------------------+---------+---------------------
    1    0 7.8446000000000D+03
*---+----+-------------------+-------------------+---------+---------------------
    2    1 7.8446000000000D+03 2.2215400000000D+01
   0.74156   0.94507   0.95353   0.97365    1.0078    1.0495    1.0984    1.1601
    1.2193   0.85103
    3    1 7.8446000000000D+03 1.0774469000000D+13
   0.74156   0.94507   0.95353   0.97365    1.0078    1.0495    1.0984    1.1601
    1.2193   0.85103
    9    0 7.8446000000000D+03 2.7920000000000D+02
   10    0 7.8446000000000D+03 1.5800000000000D+01
*---+----+-------------------+-------------------+---------+---------------------
*   1: printout of the result at time [hours]
*---+----+-------------------+-------------------+---------+---------------------
    1    0 7.8466000000000D+03
*---+----+-------------------+-------------------+---------+---------------------
    2    1 7.8466000000000D+03 1.4115600000000D+01
   0.51787   0.82944   0.98919    1.1103    1.1989    1.2498    1.2542     1.196
    1.0318   0.62257
    3    1 7.8466000000000D+03 7.9005013200000D+12
   0.51787   0.82944   0.98919    1.1103    1.1989    1.2498    1.2542     1.196
    1.0318   0.62257
    9    0 7.8466000000000D+03 2.9170000000000D+02
   10    0 7.8466000000000D+03 1.5800000000000D+01
*---+----+-------------------+-------------------+---------+---------------------
*   1: printout of the result at time [hours]
*---+----+-------------------+-------------------+---------+---------------------
    1    0 7.9896000000000D+03
*---+----+-------------------+-------------------+---------+---------------------
    2    1 7.9896000000000D+03 1.4535800000000D+01
   0.66532   0.98385    1.0837    1.1344    1.1602    1.1659    1.1485    1.0954
   0.96197   0.60072
    3    1 7.9896000000000D+03 8.1255122000000D+12
   0.66532   0.98385    1.0837    1.1344    1.1602    1.1659    1.1485    1.0954
   0.96197   0.60072
    9    0 7.9896000000000D+03 2.9170000000000D+02
   10    0 7.9896000000000D+03 1.5800000000000D+01
*---+----+-------------------+-------------------+---------+---------------------
*   1: printout of the result at time [hours]
*---+----+-------------------+-------------------+---------+---------------------
    1    0 1.1445600000000D+04
*---+----+-------------------+-------------------+---------+---------------------
    2    1 1.1445600000000D+04 1.5001400000000D+01
   0.81866    1.0756    1.0891    1.0788    1.0692    1.0631    1.0598    1.0526
   0.99951   0.69374
    3    1 1.1445600000000D+04 8.3347778400000D+12
   0.81866    1.0756    1.0891    1.0788    1.0692    1.0631    1.0598    1.0526
   0.99951   0.69374
    9    0 1.1445600000000D+04 2.9170000000000D+02
   10    0 1.1445600000000D+04 1.5800000000000D+01
*---+----+-------------------+-------------------+---------+---------------------
*   1: printout of the result at time [hours]
*---+----+-------------------+-------------------+---------+---------------------
    1    0 1.3605600000000D+04
*---+----+-------------------+-------------------+---------+---------------------
    2    1 1.3605600000000D+04 1.5280600000000D+01
   0.87287    1.1038    1.0912    1.0683    1.0508    1.0388    1.0322    1.0287
   0.99453   0.71875
    3    1 1.3605600000000D+04 8.4883733000000D+12
   0.87287    1.1038    1.0912    1.0683    1.0508    1.0388    1.0322    1.0287
   0.99453   0.71875
    9    0 1.3605600000000D+04 2.9170000000000D+02
   10    0 1.3605600000000D+04 1.5800000000000D+01
*---+----+-------------------+-------------------+---------+---------------------
*   1: printout of the result at time [hours]
*---+----+-------------------+-------------------+---------+---------------------
    1    0 1.4834400000000D+04
*---+----+-------------------+-------------------+---------+---------------------
    2    1 1.4834400000000D+04 1.5456600000000D+01
   0.87548    1.0751    1.0514    1.0309     1.021    1.0191    1.0265    1.0467
    1.0572   0.79662
    3    1 1.4834400000000D+04 8.5675933800000D+12
   0.87548    1.0751    1.0514    1.0309     1.021    1.0191    1.0265    1.0467
    1.0572   0.79662
    9    0 1.4834400000000D+04 2.9170000000000D+02
   10    0 1.4834400000000D+04 1.5800000000000D+01
*---+----+-------------------+-------------------+---------+---------------------
*   1: printout of the result at time [hours]
*---+----+-------------------+-------------------+---------+---------------------
    1    0 1.6328600000000D+04
*---+----+-------------------+-------------------+---------+---------------------
    2    1 1.6328600000000D+04 1.3203800000000D+01
   0.72638    0.8771   0.88664   0.91663   0.96351     1.021     1.091     1.183
    1.2958     1.039
    3    1 1.6328600000000D+04 7.0032955200000D+12
   0.72638    0.8771   0.88664   0.91663   0.96351     1.021     1.091     1.183
    1.2958     1.039
    9    0 1.6328600000000D+04 2.7520000000000D+02
   10    0 1.6328600000000D+04 1.5800000000000D+01
*---+----+-------------------+-------------------+---------+---------------------
*   1: printout of the result at time [hours]
*---+----+-------------------+-------------------+---------+---------------------
    1    0 1.6330600000000D+04
*---+----+-------------------+-------------------+---------+---------------------
    2    1 1.6330600000000D+04 2.3278700000000D+01
   0.68934   0.96509    1.0583    1.1123    1.1437    1.1517    1.1349    1.0898
    0.9885    0.6664
    3    1 1.6330600000000D+04 1.3147809760000D+13
   0.68934   0.96509    1.0583    1.1123    1.1437    1.1517    1.1349    1.0898
    0.9885    0.6664
    9    0 1.6330600000000D+04 2.9170000000000D+02
   10    0 1.6330600000000D+04 1.5800000000000D+01
*---+----+-------------------+-------------------+---------+---------------------
*   1: printout of the result at time [hours]
*---+----+-------------------+-------------------+---------+---------------------
    1    0 1.6473600000000D+04
*---+----+-------------------+-------------------+---------+---------------------
    2    1 1.6473600000000D+04 2.2672500000000D+01
   0.80825    1.0694    1.1134    1.1187    1.1109    1.0931    1.0657     1.025
   0.94251   0.65308
    3    1 1.6473600000000D+04 1.2757815750000D+13
   0.80825    1.0694    1.1134    1.1187    1.1109    1.0931    1.0657     1.025
   0.94251   0.65308
    9    0 1.6473600000000D+04 2.9170000000000D+02
   10    0 1.6473600000000D+04 1.5800000000000D+01
*---+----+-------------------+-------------------+---------+---------------------
*   1: printout of the result at time [hours]
*---+----+-------------------+-------------------+---------+---------------------
    1    0 1.7769600000000D+04
*---+----+-------------------+-------------------+---------+---------------------
    2    1 1.7769600000000D+04 2.2327000000000D+01
   0.84396    1.0695     1.089    1.0847    1.0777    1.0683    1.0556    1.0351
   0.97649   0.69969
    3    1 1.7769600000000D+04 1.2621453100000D+13
   0.84396    1.0695     1.089    1.0847    1.0777    1.0683    1.0556    1.0351
   0.97649   0.69969
    9    0 1.7769600000000D+04 2.9170000000000D+02
   10    0 1.7769600000000D+04 1.5800000000000D+01
*---+----+-------------------+-------------------+---------+---------------------
*   1: printout of the result at time [hours]
*---+----+-------------------+-------------------+---------+---------------------
    1    0 1.9375200000000D+04
*---+----+-------------------+-------------------+---------+---------------------
    2    1 1.9375200000000D+04 2.1828500000000D+01
   0.86185    1.0465     1.048    1.0396    1.0356    1.0356    1.0404    1.0508
    1.0449   0.79671
    3    1 1.9375200000000D+04 1.2370210950000D+13
   0.86185    1.0465     1.048    1.0396    1.0356    1.0356    1.0404    1.0508
    1.0449   0.79671
    9    0 1.9375200000000D+04 2.9170000000000D+02
   10    0 1.9375200000000D+04 1.5800000000000D+01
*---+----+-------------------+-------------------+---------+---------------------
*   1: printout of the result at time [hours]
*---+----+-------------------+-------------------+---------+---------------------
    1    0 2.1230400000000D+04
*---+----+-------------------+-------------------+---------+---------------------
    2    1 2.1230400000000D+04 1.7395500000000D+01
   0.69443    0.8347   0.86327   0.90581   0.96318    1.0306    1.1091    1.2042
    1.3132    1.0815
    3    1 2.1230400000000D+04 9.4127050500000D+12
   0.69443    0.8347   0.86327   0.90581   0.96318    1.0306    1.1091    1.2042
    1.3132    1.0815
    9    0 2.1230400000000D+04 2.7330000000000D+02
   10    0 2.1230400000000D+04 1.5800000000000D+01
*---+----+-------------------+-------------------+---------+---------------------
*   1: printout of the result at time [hours]
*---+----+-------------------+-------------------+---------+---------------------
    1    0 2.1234200000000D+04
*---+----+-------------------+-------------------+---------+---------------------
    2    1 2.1234200000000D+04 1.0751400000000D+01
   0.53956    0.6747   0.73404   0.81422   0.91644     1.037    1.1768    1.3391
    1.4973    1.2709
    3    1 2.1234200000000D+04 5.8089814200000D+12
   0.53956    0.6747   0.73404   0.81422   0.91644     1.037    1.1768    1.3391
    1.4973    1.2709
    9    0 2.1234200000000D+04 2.8340000000000D+02
   10    0 2.1234200000000D+04 1.5800000000000D+01
*---+----+-------------------+-------------------+---------+---------------------
*   1: printout of the result at time [hours]
*---+----+-------------------+-------------------+---------+---------------------
    1    0 2.1236200000000D+04
*---+----+-------------------+-------------------+---------+---------------------
    2    1 2.1236200000000D+04 1.5102700000000D+01
   0.74675    1.0073     1.097    1.1394    1.1628    1.1375    1.1036    1.0486
   0.94804   0.60883
    3    1 2.1236200000000D+04 8.8547130100000D+12
   0.74675    1.0073     1.097    1.1394    1.1628    1.1375    1.1036    1.0486
   0.94804   0.60883
    9    0 2.1236200000000D+04 2.9170000000000D+02
   10    0 2.1236200000000D+04 1.5800000000000D+01
*---+----+-------------------+-------------------+---------+---------------------
*   1: printout of the result at time [hours]
*---+----+-------------------+-------------------+---------+---------------------
    1    0 2.1379200000000D+04
*---+----+-------------------+-------------------+---------+---------------------
    2    1 2.1379200000000D+04 1.5594600000000D+01
   0.84933    1.0862    1.1293    1.1316    1.1157    1.0887    1.0537    1.0084
   0.92635   0.61072
    3    1 2.1379200000000D+04 9.0963301800000D+12
   0.84933    1.0862    1.1293    1.1316    1.1157    1.0887    1.0537    1.0084
   0.92635   0.61072
    9    0 2.1379200000000D+04 2.9170000000000D+02
   10    0 2.1379200000000D+04 1.5800000000000D+01
*---+----+-------------------+-------------------+---------+---------------------
*   1: printout of the result at time [hours]
*---+----+-------------------+-------------------+---------+---------------------
    1    0 2.2795200000000D+04
*---+----+-------------------+-------------------+---------+---------------------
    2    1 2.2795200000000D+04 1.5957300000000D+01
   0.85854     1.051    1.0714     1.072    1.0686    1.0631    1.0561    1.0464
    1.0108     0.702
    3    1 2.2795200000000D+04 9.2919357900000D+12
   0.85854     1.051    1.0714     1.072    1.0686    1.0631    1.0561    1.0464
    1.0108     0.702
    9    0 2.2795200000000D+04 2.9170000000000D+02
   10    0 2.2795200000000D+04 1.5800000000000D+01
*---+----+-------------------+-------------------+---------+---------------------
*   1: printout of the result at time [hours]
*---+----+-------------------+-------------------+---------+---------------------
    1    0 2.3620800000000D+04
*---+----+-------------------+-------------------+---------+---------------------
    2    1 2.3620800000000D+04 1.6118900000000D+01
   0.87698    1.0473    1.0544    1.0501    1.0464    1.0441    1.0442    1.0481
    1.0393   0.74912
    3    1 2.3620800000000D+04 9.3554095600000D+12
   0.87698    1.0473    1.0544    1.0501    1.0464    1.0441    1.0442    1.0481
    1.0393   0.74912
    9    0 2.3620800000000D+04 2.9170000000000D+02
   10    0 2.3620800000000D+04 1.5800000000000D+01
*---+----+-------------------+-------------------+---------+---------------------
*   1: printout of the result at time [hours]
*---+----+-------------------+-------------------+---------+---------------------
    1    0 2.4258200000000D+04
*---+----+-------------------+-------------------+---------+---------------------
    2    1 2.4258200000000D+04 1.5354400000000D+01
   0.78824    0.9383   0.96122    0.9863    1.0174    1.0516    1.0887    1.1306
    1.1708   0.86679
    3    1 2.4258200000000D+04 8.7320472800000D+12
   0.78824    0.9383   0.96122    0.9863    1.0174    1.0516    1.0887    1.1306
    1.1708   0.86679
    9    0 2.4258200000000D+04 2.8320000000000D+02
   10    0 2.4258200000000D+04 1.5800000000000D+01
*---+----+-------------------+-------------------+---------+---------------------
*   1: printout of the result at time [hours]
*---+----+-------------------+-------------------+---------+---------------------
    1    0 2.4260200000000D+04
*---+----+-------------------+-------------------+---------+---------------------
    2    1 2.4260200000000D+04 1.1841900000000D+01
   0.45423   0.69668   0.84944   0.98151    1.1013    1.2049    1.2816    1.3172
    1.2354   0.87782
    3    1 2.4260200000000D+04 7.4059242600000D+12
   0.45423   0.69668   0.84944   0.98151    1.1013    1.2049    1.2816    1.3172
    1.2354   0.87782
    9    0 2.4260200000000D+04 2.9170000000000D+02
   10    0 2.4260200000000D+04 1.5800000000000D+01
*---+----+-------------------+-------------------+---------+---------------------
*   1: printout of the result at time [hours]
*---+----+-------------------+-------------------+---------+---------------------
    1    0 2.4403200000000D+04
*---+----+-------------------+-------------------+---------+---------------------
    2    1 2.4403200000000D+04 1.1929600000000D+01
   0.63791   0.89726   0.99676    1.0548    1.0969      1.13    1.1526    1.1526
    1.0881   0.79307
    3    1 2.4403200000000D+04 7.4035097600000D+12
   0.63791   0.89726   0.99676    1.0548    1.0969      1.13    1.1526    1.1526
    1.0881   0.79307
    9    0 2.4403200000000D+04 2.9170000000000D+02
   10    0 2.4403200000000D+04 1.5800000000000D+01
*---+----+-------------------+-------------------+---------+---------------------
*   1: printout of the result at time [hours]
*---+----+-------------------+-------------------+---------+---------------------
    1    0 2.9659200000000D+04
*---+----+-------------------+-------------------+---------+---------------------
    2    1 2.9659200000000D+04 1.1547100000000D+01
   0.85658    1.0374    1.0484    1.0441    1.0403    1.0387      1.04    1.0425
    1.0257   0.82635
    3    1 2.9659200000000D+04 7.1372625100000D+12
   0.85658    1.0374    1.0484    1.0441    1.0403    1.0387      1.04    1.0425
    1.0257   0.82635
    9    0 2.9659200000000D+04 2.9170000000000D+02
   10    0 2.9659200000000D+04 1.5800000000000D+01
*---+----+-------------------+-------------------+---------+---------------------
*   1: printout of the result at time [hours]
*---+----+-------------------+-------------------+---------+---------------------
    1    0 3.1540800000000D+04
*---+----+-------------------+-------------------+---------+---------------------
    2    1 3.1540800000000D+04 1.1763400000000D+01
   0.85826   0.99793   0.99427   0.99274    1.0001    1.0141    1.0353    1.0672
    1.1072   0.93289
    3    1 3.1540800000000D+04 7.2344910000000D+12
   0.85826   0.99793   0.99427   0.99274    1.0001    1.0141    1.0353    1.0672
    1.1072   0.93289
    9    0 3.1540800000000D+04 2.9170000000000D+02
   10    0 3.1540800000000D+04 1.5800000000000D+01
*---+----+-------------------+-------------------+---------+---------------------
*   1: printout of the result at time [hours]
*---+----+-------------------+-------------------+---------+---------------------
    1    0 3.2276600000000D+04
*---+----+-------------------+-------------------+---------+---------------------
    2    1 3.2276600000000D+04 1.1170200000000D+01
   0.76838   0.88879   0.90052   0.92684   0.96722    1.0164    1.0749    1.1481
    1.2273    1.0816
    3    1 3.2276600000000D+04 6.6976519200000D+12
   0.76838   0.88879   0.90052   0.92684   0.96722    1.0164    1.0749    1.1481
    1.2273    1.0816
    9    0 3.2276600000000D+04 2.8110000000000D+02
   10    0 3.2276600000000D+04 1.5800000000000D+01
*---+----+-------------------+-------------------+---------+---------------------
*   1: printout of the result at time [hours]
*---+----+-------------------+-------------------+---------+---------------------
    1    0 3.2278600000000D+04
*---+----+-------------------+-------------------+---------+---------------------
    2    1 3.2278600000000D+04 1.0019600000000D+01
   0.46239   0.68985   0.84245   0.98028    1.1062    1.2126    1.2874    1.3194
    1.2439   0.85552
    3    1 3.2278600000000D+04 6.6940947600000D+12
   0.46239   0.68985   0.84245   0.98028    1.1062    1.2126    1.2874    1.3194
    1.2439   0.85552
    9    0 3.2278600000000D+04 2.9170000000000D+02
   10    0 3.2278600000000D+04 1.5800000000000D+01
*---+----+-------------------+-------------------+---------+---------------------
*   1: printout of the result at time [hours]
*---+----+-------------------+-------------------+---------+---------------------
    1    0 3.2421600000000D+04
*---+----+-------------------+-------------------+---------+---------------------
    2    1 3.2421600000000D+04 1.0252700000000D+01
    0.6528   0.89411   0.99418    1.0574    1.1035    1.1371    1.1603    1.1501
    1.0879   0.76263
    3    1 3.2421600000000D+04 6.7944642900000D+12
    0.6528   0.89411   0.99418    1.0574    1.1035    1.1371    1.1603    1.1501
    1.0879   0.76263
    9    0 3.2421600000000D+04 2.9170000000000D+02
   10    0 3.2421600000000D+04 1.5800000000000D+01
*---+----+-------------------+-------------------+---------+---------------------
*   1: printout of the result at time [hours]
*---+----+-------------------+-------------------+---------+---------------------
    1    0 3.5877600000000D+04
*---+----+-------------------+-------------------+---------+---------------------
    2    1 3.5877600000000D+04 1.0368100000000D+01
   0.84345    1.0302    1.0503    1.0499     1.048    1.0484    1.0514    1.0609
    1.0361   0.78144
    3    1 3.5877600000000D+04 6.8108048900000D+12
   0.84345    1.0302    1.0503    1.0499     1.048    1.0484    1.0514    1.0609
    1.0361   0.78144
    9    0 3.5877600000000D+04 2.9170000000000D+02
   10    0 3.5877600000000D+04 1.5800000000000D+01
*---+----+-------------------+-------------------+---------+---------------------
*   1: printout of the result at time [hours]
*---+----+-------------------+-------------------+---------+---------------------
    1    0 3.7677600000000D+04
*---+----+-------------------+-------------------+---------+---------------------
    2    1 3.7677600000000D+04 1.0322600000000D+01
   0.89076    1.0471    1.0511     1.044     1.038    1.0343    1.0338    1.0363
    1.0276   0.79709
    3    1 3.7677600000000D+04 6.7458191000000D+12
   0.89076    1.0471    1.0511     1.044     1.038    1.0343    1.0338    1.0363
    1.0276   0.79709
    9    0 3.7677600000000D+04 2.9170000000000D+02
   10    0 3.7677600000000D+04 1.5800000000000D+01
*---+----+-------------------+-------------------+---------+---------------------
*   1: printout of the result at time [hours]
*---+----+-------------------+-------------------+---------+---------------------
    1    0 3.9432000000000D+04
*---+----+-------------------+-------------------+---------+---------------------
    2    1 3.9432000000000D+04 1.0672500000000D+01
   0.88039    0.9977   0.99068   0.98993   0.99911    1.0149    1.0372      1.07
    1.1117   0.90841
    3    1 3.9432000000000D+04 6.9040402500000D+12
   0.88039    0.9977   0.99068   0.98993   0.99911    1.0149    1.0372      1.07
    1.1117   0.90841
    9    0 3.9432000000000D+04 2.9170000000000D+02
   10    0 3.9432000000000D+04 1.5800000000000D+01
*---+----+-------------------+-------------------+---------+---------------------
*   1: printout of the result at time [hours]
*---+----+-------------------+-------------------+---------+---------------------
    1    0 4.0375200000000D+04
*---+----+-------------------+-------------------+---------+---------------------
    2    1 4.0375200000000D+04 9.3454000000000D+00
   0.76027    0.8585   0.87155   0.90494   0.95448    1.0144     1.085     1.173
    1.2801    1.0978
    3    1 4.0375200000000D+04 5.8801256800000D+12
   0.76027    0.8585   0.87155   0.90494   0.95448    1.0144     1.085     1.173
    1.2801    1.0978
    9    0 4.0375200000000D+04 2.8120000000000D+02
   10    0 4.0375200000000D+04 1.5800000000000D+01
* data point #2031 end
*  00:  last line of data set (finishing the program)
*---+----+-------------------+-------------------+---------+---------------------
00000    0 4.0375200000000D+04
*---+----+-------------------+-------------------+---------+---------------------
