* data point #2025 begin
*
*---+----+-------------------+-------------------+---------+---------------------
*   1: printout of the result at time [hours]
*---+----+-------------------+-------------------+---------+---------------------
    1    0 0.0000000000000D+00
*---+----+-------------------+-------------------+---------+---------------------
    2    1 0.0000000000000D+00 1.4696000000000D+01
   0.48047    0.7928   0.94903    1.0699    1.1673     1.236    1.2702    1.2412
    1.1142   0.67889
    3    1 0.0000000000000D+00 6.3986384000000D+12
   0.48047    0.7928   0.94903    1.0699    1.1673     1.236    1.2702    1.2412
    1.1142   0.67889
    9    0 0.0000000000000D+00 2.9170000000000D+02
   10    0 0.0000000000000D+00 1.5800000000000D+01
*---+----+-------------------+-------------------+---------+---------------------
*   1: printout of the result at time [hours]
*---+----+-------------------+-------------------+---------+---------------------
    1    0 1.4400000000000D+02
*---+----+-------------------+-------------------+---------+---------------------
    2    1 1.4400000000000D+02 1.4645500000000D+01
   0.66607    1.0061    1.0966     1.132     1.146    1.1455    1.1291     1.087
   0.97866   0.61302
    3    1 1.4400000000000D+02 6.3605406500000D+12
   0.66607    1.0061    1.0966     1.132     1.146    1.1455    1.1291     1.087
   0.97866   0.61302
    9    0 1.4400000000000D+02 2.9170000000000D+02
   10    0 1.4400000000000D+02 1.5800000000000D+01
*---+----+-------------------+-------------------+---------+---------------------
*   1: printout of the result at time [hours]
*---+----+-------------------+-------------------+---------+---------------------
    1    0 3.6000000000000D+03
*---+----+-------------------+-------------------+---------+---------------------
    2    1 3.6000000000000D+03 1.5219800000000D+01
   0.83654    1.1371    1.1477      1.12    1.0895    1.0614    1.0357    1.0064
   0.93727   0.62833
    3    1 3.6000000000000D+03 6.5977833000000D+12
   0.83654    1.1371    1.1477      1.12    1.0895    1.0614    1.0357    1.0064
   0.93727   0.62833
    9    0 3.6000000000000D+03 2.9170000000000D+02
   10    0 3.6000000000000D+03 1.5800000000000D+01
*---+----+-------------------+-------------------+---------+---------------------
*   1: printout of the result at time [hours]
*---+----+-------------------+-------------------+---------+---------------------
    1    0 5.4000000000000D+03
*---+----+-------------------+-------------------+---------+---------------------
    2    1 5.4000000000000D+03 1.5516700000000D+01
   0.87113    1.1566    1.1558    1.1207    1.0845    1.0509    1.0201   0.98784
   0.92172   0.63068
    3    1 5.4000000000000D+03 6.7295927900000D+12
   0.87113    1.1566    1.1558    1.1207    1.0845    1.0509    1.0201   0.98784
   0.92172   0.63068
    9    0 5.4000000000000D+03 2.9170000000000D+02
   10    0 5.4000000000000D+03 1.5800000000000D+01
*---+----+-------------------+-------------------+---------+---------------------
*   1: printout of the result at time [hours]
*---+----+-------------------+-------------------+---------+---------------------
    1    0 7.1544000000000D+03
*---+----+-------------------+-------------------+---------+---------------------
    2    1 7.1544000000000D+03 1.5824000000000D+01
   0.85048    1.0848    1.0695    1.0521    1.0447    1.0428    1.0448    1.0494
    1.0267   0.73483
    3    1 7.1544000000000D+03 6.8723632000000D+12
   0.85048    1.0848    1.0695    1.0521    1.0447    1.0428    1.0448    1.0494
    1.0267   0.73483
    9    0 7.1544000000000D+03 2.9170000000000D+02
   10    0 7.1544000000000D+03 1.5800000000000D+01
*---+----+-------------------+-------------------+---------+---------------------
*   1: printout of the result at time [hours]
*---+----+-------------------+-------------------+---------+---------------------
    1    0 8.0976000000000D+03
*---+----+-------------------+-------------------+---------+---------------------
    2    1 8.0976000000000D+03 1.3956600000000D+01
   0.72331    0.9177   0.93332   0.95969    1.0012    1.0509    1.1077    1.1731
    1.2191    0.9139
    3    1 8.0976000000000D+03 5.8980591600000D+12
   0.72331    0.9177   0.93332   0.95969    1.0012    1.0509    1.1077    1.1731
    1.2191    0.9139
    9    0 8.0976000000000D+03 2.8120000000000D+02
   10    0 8.0976000000000D+03 1.5800000000000D+01
* data point #2025 end
*  00:  last line of data set (finishing the program)
*---+----+-------------------+-------------------+---------+---------------------
00000    0 8.0976000000000D+03
*---+----+-------------------+-------------------+---------+---------------------
