* data point #2262 begin
*
*---+----+-------------------+-------------------+---------+---------------------
*   1: printout of the result at time [hours]
*---+----+-------------------+-------------------+---------+---------------------
    1    0 0.0000000000000D+00
*---+----+-------------------+-------------------+---------+---------------------
    2    1 0.0000000000000D+00 2.7219500000000D+01
   0.64358   0.98999    1.0895    1.1405      1.17    1.1762    1.1573    1.1076
   0.97959   0.54564
    3    1 0.0000000000000D+00 1.1647224050000D+13
   0.64358   0.98999    1.0895    1.1405      1.17    1.1762    1.1573    1.1076
   0.97959   0.54564
    9    0 0.0000000000000D+00 2.9170000000000D+02
   10    0 0.0000000000000D+00 1.5800000000000D+01
*---+----+-------------------+-------------------+---------+---------------------
*   1: printout of the result at time [hours]
*---+----+-------------------+-------------------+---------+---------------------
    1    0 1.4400000000000D+02
*---+----+-------------------+-------------------+---------+---------------------
    2    1 1.4400000000000D+02 2.7392700000000D+01
   0.77743    1.1189    1.1664    1.1532    1.1349    1.1083    1.0733    1.0244
   0.91641   0.52675
    3    1 1.4400000000000D+02 1.1811732240000D+13
   0.77743    1.1189    1.1664    1.1532    1.1349    1.1083    1.0733    1.0244
   0.91641   0.52675
    9    0 1.4400000000000D+02 2.9170000000000D+02
   10    0 1.4400000000000D+02 1.5800000000000D+01
*---+----+-------------------+-------------------+---------+---------------------
*   1: printout of the result at time [hours]
*---+----+-------------------+-------------------+---------+---------------------
    1    0 1.4400000000000D+03
*---+----+-------------------+-------------------+---------+---------------------
    2    1 1.4400000000000D+03 2.6820800000000D+01
   0.82697    1.1268    1.1369    1.1176    1.0987    1.0798    1.0591    1.0313
   0.95105   0.57191
    3    1 1.4400000000000D+03 1.1750192480000D+13
   0.82697    1.1268    1.1369    1.1176    1.0987    1.0798    1.0591    1.0313
   0.95105   0.57191
    9    0 1.4400000000000D+03 2.9170000000000D+02
   10    0 1.4400000000000D+03 1.5800000000000D+01
*---+----+-------------------+-------------------+---------+---------------------
*   1: printout of the result at time [hours]
*---+----+-------------------+-------------------+---------+---------------------
    1    0 3.0456000000000D+03
*---+----+-------------------+-------------------+---------+---------------------
    2    1 3.0456000000000D+03 2.6214800000000D+01
   0.85726    1.1041    1.0872    1.0633    1.0475    1.0378    1.0356    1.0438
    1.0369   0.68648
    3    1 3.0456000000000D+03 1.1652478600000D+13
   0.85726    1.1041    1.0872    1.0633    1.0475    1.0378    1.0356    1.0438
    1.0369   0.68648
    9    0 3.0456000000000D+03 2.9170000000000D+02
   10    0 3.0456000000000D+03 1.5800000000000D+01
*---+----+-------------------+-------------------+---------+---------------------
*   1: printout of the result at time [hours]
*---+----+-------------------+-------------------+---------+---------------------
    1    0 4.9008000000000D+03
*---+----+-------------------+-------------------+---------+---------------------
    2    1 4.9008000000000D+03 1.9870200000000D+01
   0.69758   0.87976   0.89878    0.9322   0.98162     1.041    1.1118    1.2027
    1.3068   0.94785
    3    1 4.9008000000000D+03 8.4945105000000D+12
   0.69758   0.87976   0.89878    0.9322   0.98162     1.041    1.1118    1.2027
    1.3068   0.94785
    9    0 4.9008000000000D+03 2.7330000000000D+02
   10    0 4.9008000000000D+03 1.5800000000000D+01
*---+----+-------------------+-------------------+---------+---------------------
*   1: printout of the result at time [hours]
*---+----+-------------------+-------------------+---------+---------------------
    1    0 4.9046000000000D+03
*---+----+-------------------+-------------------+---------+---------------------
    2    1 4.9046000000000D+03 1.2016600000000D+01
   0.54475   0.71376   0.76702     0.841    0.9372    1.0508    1.1829    1.3401
    1.5106    1.1119
    3    1 4.9046000000000D+03 5.1310882000000D+12
   0.54475   0.71376   0.76702     0.841    0.9372    1.0508    1.1829    1.3401
    1.5106    1.1119
    9    0 4.9046000000000D+03 2.8340000000000D+02
   10    0 4.9046000000000D+03 1.5800000000000D+01
*---+----+-------------------+-------------------+---------+---------------------
*   1: printout of the result at time [hours]
*---+----+-------------------+-------------------+---------+---------------------
    1    0 4.9066000000000D+03
*---+----+-------------------+-------------------+---------+---------------------
    2    1 4.9066000000000D+03 2.7763500000000D+01
   0.72538    1.1003    1.1914    1.2131    1.1911     1.148    1.0855    1.0018
   0.86189   0.48157
    3    1 4.9066000000000D+03 1.3465297500000D+13
   0.72538    1.1003    1.1914    1.2131    1.1911     1.148    1.0855    1.0018
   0.86189   0.48157
    9    0 4.9066000000000D+03 2.9170000000000D+02
   10    0 4.9066000000000D+03 1.5800000000000D+01
*---+----+-------------------+-------------------+---------+---------------------
*   1: printout of the result at time [hours]
*---+----+-------------------+-------------------+---------+---------------------
    1    0 5.0496000000000D+03
*---+----+-------------------+-------------------+---------+---------------------
    2    1 5.0496000000000D+03 2.6887200000000D+01
   0.81544    1.1692    1.2185    1.1913    1.1502    1.0989    1.0406   0.97098
   0.85256   0.49239
    3    1 5.0496000000000D+03 1.3048358160000D+13
   0.81544    1.1692    1.2185    1.1913    1.1502    1.0989    1.0406   0.97098
   0.85256   0.49239
    9    0 5.0496000000000D+03 2.9170000000000D+02
   10    0 5.0496000000000D+03 1.5800000000000D+01
*---+----+-------------------+-------------------+---------+---------------------
*   1: printout of the result at time [hours]
*---+----+-------------------+-------------------+---------+---------------------
    1    0 6.4656000000000D+03
*---+----+-------------------+-------------------+---------+---------------------
    2    1 6.4656000000000D+03 2.6325700000000D+01
   0.82566    1.1294    1.1569     1.132    1.1071    1.0799    1.0507    1.0151
   0.93502    0.5683
    3    1 6.4656000000000D+03 1.2952244400000D+13
   0.82566    1.1294    1.1569     1.132    1.1071    1.0799    1.0507    1.0151
   0.93502    0.5683
    9    0 6.4656000000000D+03 2.9170000000000D+02
   10    0 6.4656000000000D+03 1.5800000000000D+01
*---+----+-------------------+-------------------+---------+---------------------
*   1: printout of the result at time [hours]
*---+----+-------------------+-------------------+---------+---------------------
    1    0 7.2912000000000D+03
*---+----+-------------------+-------------------+---------+---------------------
    2    1 7.2912000000000D+03 2.5868600000000D+01
   0.84276    1.1233     1.132    1.1103     1.087    1.0647    1.0441    1.0223
   0.96538   0.60819
    3    1 7.2912000000000D+03 1.2804957000000D+13
   0.84276    1.1233     1.132    1.1103     1.087    1.0647    1.0441    1.0223
   0.96538   0.60819
    9    0 7.2912000000000D+03 2.9170000000000D+02
   10    0 7.2912000000000D+03 1.5800000000000D+01
*---+----+-------------------+-------------------+---------+---------------------
*   1: printout of the result at time [hours]
*---+----+-------------------+-------------------+---------+---------------------
    1    0 7.9286000000000D+03
*---+----+-------------------+-------------------+---------+---------------------
    2    1 7.9286000000000D+03 2.5072800000000D+01
   0.75779    1.0097    1.0372    1.0489    1.0635    1.0794    1.0958    1.1163
    1.0852   0.70614
    3    1 7.9286000000000D+03 1.2180366240000D+13
   0.75779    1.0097    1.0372    1.0489    1.0635    1.0794    1.0958    1.1163
    1.0852   0.70614
    9    0 7.9286000000000D+03 2.8320000000000D+02
   10    0 7.9286000000000D+03 1.5800000000000D+01
*---+----+-------------------+-------------------+---------+---------------------
*   1: printout of the result at time [hours]
*---+----+-------------------+-------------------+---------+---------------------
    1    0 7.9306000000000D+03
*---+----+-------------------+-------------------+---------+---------------------
    2    1 7.9306000000000D+03 2.2452800000000D+01
    0.4432   0.66762   0.79464   0.92483    1.0572    1.1826    1.2909    1.3671
    1.3621   0.90978
    3    1 7.9306000000000D+03 1.1706889920000D+13
    0.4432   0.66762   0.79464   0.92483    1.0572    1.1826    1.2909    1.3671
    1.3621   0.90978
    9    0 7.9306000000000D+03 2.9170000000000D+02
   10    0 7.9306000000000D+03 1.5800000000000D+01
*---+----+-------------------+-------------------+---------+---------------------
*   1: printout of the result at time [hours]
*---+----+-------------------+-------------------+---------+---------------------
    1    0 8.0736000000000D+03
*---+----+-------------------+-------------------+---------+---------------------
    2    1 8.0736000000000D+03 2.2428800000000D+01
   0.63913   0.88837   0.96247    1.0199    1.0724      1.12    1.1608    1.1882
    1.1653    0.7835
    3    1 8.0736000000000D+03 1.1698862080000D+13
   0.63913   0.88837   0.96247    1.0199    1.0724      1.12    1.1608    1.1882
    1.1653    0.7835
    9    0 8.0736000000000D+03 2.9170000000000D+02
   10    0 8.0736000000000D+03 1.5800000000000D+01
*---+----+-------------------+-------------------+---------+---------------------
*   1: printout of the result at time [hours]
*---+----+-------------------+-------------------+---------+---------------------
    1    0 1.3329600000000D+04
*---+----+-------------------+-------------------+---------+---------------------
    2    1 1.3329600000000D+04 2.1938000000000D+01
    0.8854    1.1076    1.1095    1.0899    1.0691    1.0498    1.0323    1.0139
    0.9685   0.67399
    3    1 1.3329600000000D+04 1.1837744800000D+13
    0.8854    1.1076    1.1095    1.0899    1.0691    1.0498    1.0323    1.0139
    0.9685   0.67399
    9    0 1.3329600000000D+04 2.9170000000000D+02
   10    0 1.3329600000000D+04 1.5800000000000D+01
*---+----+-------------------+-------------------+---------+---------------------
*   1: printout of the result at time [hours]
*---+----+-------------------+-------------------+---------+---------------------
    1    0 1.5211200000000D+04
*---+----+-------------------+-------------------+---------+---------------------
    2    1 1.5211200000000D+04 2.1493000000000D+01
   0.88722    1.0706    1.0555     1.041    1.0337    1.0317    1.0351    1.0447
     1.041   0.75946
    3    1 1.5211200000000D+04 1.1681445500000D+13
   0.88722    1.0706    1.0555     1.041    1.0337    1.0317    1.0351    1.0447
     1.041   0.75946
    9    0 1.5211200000000D+04 2.9170000000000D+02
   10    0 1.5211200000000D+04 1.5800000000000D+01
*---+----+-------------------+-------------------+---------+---------------------
*   1: printout of the result at time [hours]
*---+----+-------------------+-------------------+---------+---------------------
    1    0 1.5947000000000D+04
*---+----+-------------------+-------------------+---------+---------------------
    2    1 1.5947000000000D+04 2.0017000000000D+01
   0.78119   0.93795   0.94784   0.96803    1.0001    1.0392     1.085    1.1404
    1.1971   0.90323
    3    1 1.5947000000000D+04 1.0584989600000D+13
   0.78119   0.93795   0.94784   0.96803    1.0001    1.0392     1.085    1.1404
    1.1971   0.90323
    9    0 1.5947000000000D+04 2.8110000000000D+02
   10    0 1.5947000000000D+04 1.5800000000000D+01
*---+----+-------------------+-------------------+---------+---------------------
*   1: printout of the result at time [hours]
*---+----+-------------------+-------------------+---------+---------------------
    1    0 1.5949000000000D+04
*---+----+-------------------+-------------------+---------+---------------------
    2    1 1.5949000000000D+04 1.5886200000000D+01
   0.46248   0.62822   0.74071   0.87239    1.0111    1.1432    1.2569    1.3439
    1.4032    1.1379
    3    1 1.5949000000000D+04 9.1615715400000D+12
   0.46248   0.62822   0.74071   0.87239    1.0111    1.1432    1.2569    1.3439
    1.4032    1.1379
    9    0 1.5949000000000D+04 2.9170000000000D+02
   10    0 1.5949000000000D+04 1.5800000000000D+01
*---+----+-------------------+-------------------+---------+---------------------
*   1: printout of the result at time [hours]
*---+----+-------------------+-------------------+---------+---------------------
    1    0 1.6092000000000D+04
*---+----+-------------------+-------------------+---------+---------------------
    2    1 1.6092000000000D+04 1.6223200000000D+01
   0.67576   0.85322   0.91573   0.97829    1.0382    1.0909     1.134    1.1664
    1.1828   0.96479
    3    1 1.6092000000000D+04 9.3526748000000D+12
   0.67576   0.85322   0.91573   0.97829    1.0382    1.0909     1.134    1.1664
    1.1828   0.96479
    9    0 1.6092000000000D+04 2.9170000000000D+02
   10    0 1.6092000000000D+04 1.5800000000000D+01
*---+----+-------------------+-------------------+---------+---------------------
*   1: printout of the result at time [hours]
*---+----+-------------------+-------------------+---------+---------------------
    1    0 1.9548000000000D+04
*---+----+-------------------+-------------------+---------+---------------------
    2    1 1.9548000000000D+04 1.6850600000000D+01
   0.88116    1.0409    1.0438    1.0398    1.0361    1.0334    1.0322     1.032
    1.0213   0.83944
    3    1 1.9548000000000D+04 9.7817733000000D+12
   0.88116    1.0409    1.0438    1.0398    1.0361    1.0334    1.0322     1.032
    1.0213   0.83944
    9    0 1.9548000000000D+04 2.9170000000000D+02
   10    0 1.9548000000000D+04 1.5800000000000D+01
*---+----+-------------------+-------------------+---------+---------------------
*   1: printout of the result at time [hours]
*---+----+-------------------+-------------------+---------+---------------------
    1    0 2.1348000000000D+04
*---+----+-------------------+-------------------+---------+---------------------
    2    1 2.1348000000000D+04 1.6959500000000D+01
   0.91689    1.0786    1.0711    1.0566    1.0416    1.0277    1.0156    1.0046
    0.9821   0.80521
    3    1 2.1348000000000D+04 9.8806047000000D+12
   0.91689    1.0786    1.0711    1.0566    1.0416    1.0277    1.0156    1.0046
    0.9821   0.80521
    9    0 2.1348000000000D+04 2.9170000000000D+02
   10    0 2.1348000000000D+04 1.5800000000000D+01
*---+----+-------------------+-------------------+---------+---------------------
*   1: printout of the result at time [hours]
*---+----+-------------------+-------------------+---------+---------------------
    1    0 2.3102400000000D+04
*---+----+-------------------+-------------------+---------+---------------------
    2    1 2.3102400000000D+04 1.6906600000000D+01
   0.90361    1.0281    1.0159    1.0081    1.0076    1.0121     1.022    1.0394
    1.0677   0.89545
    3    1 2.3102400000000D+04 9.8565478000000D+12
   0.90361    1.0281    1.0159    1.0081    1.0076    1.0121     1.022    1.0394
    1.0677   0.89545
    9    0 2.3102400000000D+04 2.9170000000000D+02
   10    0 2.3102400000000D+04 1.5800000000000D+01
*---+----+-------------------+-------------------+---------+---------------------
*   1: printout of the result at time [hours]
*---+----+-------------------+-------------------+---------+---------------------
    1    0 2.4045600000000D+04
*---+----+-------------------+-------------------+---------+---------------------
    2    1 2.4045600000000D+04 1.4349400000000D+01
    0.7654   0.86958   0.88282   0.91481   0.96032    1.0147    1.0782    1.1559
    1.2428    1.1155
    3    1 2.4045600000000D+04 8.1074110000000D+12
    0.7654   0.86958   0.88282   0.91481   0.96032    1.0147    1.0782    1.1559
    1.2428    1.1155
    9    0 2.4045600000000D+04 2.8120000000000D+02
   10    0 2.4045600000000D+04 1.5800000000000D+01
* data point #2262 end
*  00:  last line of data set (finishing the program)
*---+----+-------------------+-------------------+---------+---------------------
00000    0 2.4045600000000D+04
*---+----+-------------------+-------------------+---------+---------------------
