* data point #2310 begin
*
*---+----+-------------------+-------------------+---------+---------------------
*   1: printout of the result at time [hours]
*---+----+-------------------+-------------------+---------+---------------------
    1    0 0.0000000000000D+00
*---+----+-------------------+-------------------+---------+---------------------
    2    1 0.0000000000000D+00 1.6549700000000D+01
   0.63264   0.99796     1.103    1.1527    1.1792    1.1823    1.1602    1.1059
   0.96618   0.51995
    3    1 0.0000000000000D+00 7.3778562600000D+12
   0.63264   0.99796     1.103    1.1527    1.1792    1.1823    1.1602    1.1059
   0.96618   0.51995
    9    0 0.0000000000000D+00 2.9170000000000D+02
   10    0 0.0000000000000D+00 1.5800000000000D+01
*---+----+-------------------+-------------------+---------+---------------------
*   1: printout of the result at time [hours]
*---+----+-------------------+-------------------+---------+---------------------
    1    0 1.4400000000000D+02
*---+----+-------------------+-------------------+---------+---------------------
    2    1 1.4400000000000D+02 1.7004100000000D+01
   0.76282    1.1234    1.1765    1.1625    1.1424     1.114    1.0773    1.0255
   0.90866     0.507
    3    1 1.4400000000000D+02 7.5974318800000D+12
   0.76282    1.1234    1.1765    1.1625    1.1424     1.114    1.0773    1.0255
   0.90866     0.507
    9    0 1.4400000000000D+02 2.9170000000000D+02
   10    0 1.4400000000000D+02 1.5800000000000D+01
*---+----+-------------------+-------------------+---------+---------------------
*   1: printout of the result at time [hours]
*---+----+-------------------+-------------------+---------+---------------------
    1    0 1.4400000000000D+03
*---+----+-------------------+-------------------+---------+---------------------
    2    1 1.4400000000000D+03 1.7189100000000D+01
   0.81162    1.1328     1.148    1.1278    1.1069    1.0859    1.0631     1.032
   0.94234   0.54959
    3    1 1.4400000000000D+03 7.7058735300000D+12
   0.81162    1.1328     1.148    1.1278    1.1069    1.0859    1.0631     1.032
   0.94234   0.54959
    9    0 1.4400000000000D+03 2.9170000000000D+02
   10    0 1.4400000000000D+03 1.5800000000000D+01
*---+----+-------------------+-------------------+---------+---------------------
*   1: printout of the result at time [hours]
*---+----+-------------------+-------------------+---------+---------------------
    1    0 3.0456000000000D+03
*---+----+-------------------+-------------------+---------+---------------------
    2    1 3.0456000000000D+03 1.7441300000000D+01
   0.84277    1.1118     1.099    1.0738    1.0559    1.0443      1.04    1.0449
    1.0276   0.65993
    3    1 3.0456000000000D+03 7.8171906600000D+12
   0.84277    1.1118     1.099    1.0738    1.0559    1.0443      1.04    1.0449
    1.0276   0.65993
    9    0 3.0456000000000D+03 2.9170000000000D+02
   10    0 3.0456000000000D+03 1.5800000000000D+01
*---+----+-------------------+-------------------+---------+---------------------
*   1: printout of the result at time [hours]
*---+----+-------------------+-------------------+---------+---------------------
    1    0 4.9008000000000D+03
*---+----+-------------------+-------------------+---------+---------------------
    2    1 4.9008000000000D+03 1.3473600000000D+01
   0.68942    0.8913   0.91312   0.94533    0.9929    1.0501    1.1182    1.2042
    1.2917   0.90369
    3    1 4.9008000000000D+03 5.7720902400000D+12
   0.68942    0.8913   0.91312   0.94533    0.9929    1.0501    1.1182    1.2042
    1.2917   0.90369
    9    0 4.9008000000000D+03 2.7330000000000D+02
   10    0 4.9008000000000D+03 1.5800000000000D+01
*---+----+-------------------+-------------------+---------+---------------------
*   1: printout of the result at time [hours]
*---+----+-------------------+-------------------+---------+---------------------
    1    0 4.9046000000000D+03
*---+----+-------------------+-------------------+---------+---------------------
    2    1 4.9046000000000D+03 8.0607000000000D+00
   0.53817   0.72326   0.77983    0.8539   0.94967    1.0623    1.1927    1.3454
     1.494    1.0607
    3    1 4.9046000000000D+03 3.4652949300000D+12
   0.53817   0.72326   0.77983    0.8539   0.94967    1.0623    1.1927    1.3454
     1.494    1.0607
    9    0 4.9046000000000D+03 2.8340000000000D+02
   10    0 4.9046000000000D+03 1.5800000000000D+01
*---+----+-------------------+-------------------+---------+---------------------
*   1: printout of the result at time [hours]
*---+----+-------------------+-------------------+---------+---------------------
    1    0 4.9066000000000D+03
*---+----+-------------------+-------------------+---------+---------------------
    2    1 4.9066000000000D+03 2.2991600000000D+01
   0.75928    1.1141    1.1947     1.211    1.1845    1.1369    1.0709    0.9861
   0.85266   0.48983
    3    1 4.9066000000000D+03 1.0996882280000D+13
   0.75928    1.1141    1.1947     1.211    1.1845    1.1369    1.0709    0.9861
   0.85266   0.48983
    9    0 4.9066000000000D+03 2.9170000000000D+02
   10    0 4.9066000000000D+03 1.5800000000000D+01
*---+----+-------------------+-------------------+---------+---------------------
*   1: printout of the result at time [hours]
*---+----+-------------------+-------------------+---------+---------------------
    1    0 5.0496000000000D+03
*---+----+-------------------+-------------------+---------+---------------------
    2    1 5.0496000000000D+03 2.3405900000000D+01
   0.86235    1.1938    1.2279    1.1914    1.1427    1.0847    1.0209   0.94822
   0.83441   0.49372
    3    1 5.0496000000000D+03 1.1213766690000D+13
   0.86235    1.1938    1.2279    1.1914    1.1427    1.0847    1.0209   0.94822
   0.83441   0.49372
    9    0 5.0496000000000D+03 2.9170000000000D+02
   10    0 5.0496000000000D+03 1.5800000000000D+01
*---+----+-------------------+-------------------+---------+---------------------
*   1: printout of the result at time [hours]
*---+----+-------------------+-------------------+---------+---------------------
    1    0 6.4656000000000D+03
*---+----+-------------------+-------------------+---------+---------------------
    2    1 6.4656000000000D+03 2.3112800000000D+01
   0.86705    1.1396    1.1468    1.1237    1.0962    1.0672     1.037    1.0027
   0.93347   0.58634
    3    1 6.4656000000000D+03 1.1151926000000D+13
   0.86705    1.1396    1.1468    1.1237    1.0962    1.0672     1.037    1.0027
   0.93347   0.58634
    9    0 6.4656000000000D+03 2.9170000000000D+02
   10    0 6.4656000000000D+03 1.5800000000000D+01
*---+----+-------------------+-------------------+---------+---------------------
*   1: printout of the result at time [hours]
*---+----+-------------------+-------------------+---------+---------------------
    1    0 7.2912000000000D+03
*---+----+-------------------+-------------------+---------+---------------------
    2    1 7.2912000000000D+03 2.3035800000000D+01
    0.8838    1.1332    1.1243    1.0985    1.0734      1.05     1.029    1.0096
   0.96645   0.63193
    3    1 7.2912000000000D+03 1.1140112880000D+13
    0.8838    1.1332    1.1243    1.0985    1.0734      1.05     1.029    1.0096
   0.96645   0.63193
    9    0 7.2912000000000D+03 2.9170000000000D+02
   10    0 7.2912000000000D+03 1.5800000000000D+01
*---+----+-------------------+-------------------+---------+---------------------
*   1: printout of the result at time [hours]
*---+----+-------------------+-------------------+---------+---------------------
    1    0 7.9286000000000D+03
*---+----+-------------------+-------------------+---------+---------------------
    2    1 7.9286000000000D+03 2.1943500000000D+01
   0.79112    1.0094    1.0257    1.0356    1.0501    1.0664    1.0838     1.102
    1.0941   0.74168
    3    1 7.9286000000000D+03 1.0392441600000D+13
   0.79112    1.0094    1.0257    1.0356    1.0501    1.0664    1.0838     1.102
    1.0941   0.74168
    9    0 7.9286000000000D+03 2.8320000000000D+02
   10    0 7.9286000000000D+03 1.5800000000000D+01
*---+----+-------------------+-------------------+---------+---------------------
*   1: printout of the result at time [hours]
*---+----+-------------------+-------------------+---------+---------------------
    1    0 7.9306000000000D+03
*---+----+-------------------+-------------------+---------+---------------------
    2    1 7.9306000000000D+03 2.1088500000000D+01
   0.53304   0.80162   0.94592    1.0627    1.1557    1.2202    1.2522    1.2255
    1.1158   0.68734
    3    1 7.9306000000000D+03 1.1955070650000D+13
   0.53304   0.80162   0.94592    1.0627    1.1557    1.2202    1.2522    1.2255
    1.1158   0.68734
    9    0 7.9306000000000D+03 2.9170000000000D+02
   10    0 7.9306000000000D+03 1.5800000000000D+01
*---+----+-------------------+-------------------+---------+---------------------
*   1: printout of the result at time [hours]
*---+----+-------------------+-------------------+---------+---------------------
    1    0 8.0736000000000D+03
*---+----+-------------------+-------------------+---------+---------------------
    2    1 8.0736000000000D+03 2.0926900000000D+01
   0.70698   0.98452    1.0684    1.1107    1.1322    1.1492    1.1281    1.0926
   0.99867   0.62862
    3    1 8.0736000000000D+03 1.1838347330000D+13
   0.70698   0.98452    1.0684    1.1107    1.1322    1.1492    1.1281    1.0926
   0.99867   0.62862
    9    0 8.0736000000000D+03 2.9170000000000D+02
   10    0 8.0736000000000D+03 1.5800000000000D+01
*---+----+-------------------+-------------------+---------+---------------------
*   1: printout of the result at time [hours]
*---+----+-------------------+-------------------+---------+---------------------
    1    0 1.2969600000000D+04
*---+----+-------------------+-------------------+---------+---------------------
    2    1 1.2969600000000D+04 2.0946600000000D+01
   0.86644    1.1127    1.1361    1.1121    1.0888    1.0659    1.0427    1.0125
   0.94068   0.62211
    3    1 1.2969600000000D+04 1.1945845980000D+13
   0.86644    1.1127    1.1361    1.1121    1.0888    1.0659    1.0427    1.0125
   0.94068   0.62211
    9    0 1.2969600000000D+04 2.9170000000000D+02
   10    0 1.2969600000000D+04 1.5800000000000D+01
*---+----+-------------------+-------------------+---------+---------------------
*   1: printout of the result at time [hours]
*---+----+-------------------+-------------------+---------+---------------------
    1    0 1.5621600000000D+04
*---+----+-------------------+-------------------+---------+---------------------
    2    1 1.5621600000000D+04 2.0720000000000D+01
   0.87944    1.0614     1.048    1.0331    1.0294    1.0345    1.0471    1.0651
    1.0575   0.74455
    3    1 1.5621600000000D+04 1.1839408000000D+13
   0.87944    1.0614     1.048    1.0331    1.0294    1.0345    1.0471    1.0651
    1.0575   0.74455
    9    0 1.5621600000000D+04 2.9170000000000D+02
   10    0 1.5621600000000D+04 1.5800000000000D+01
*---+----+-------------------+-------------------+---------+---------------------
*   1: printout of the result at time [hours]
*---+----+-------------------+-------------------+---------+---------------------
    1    0 1.6407800000000D+04
*---+----+-------------------+-------------------+---------+---------------------
    2    1 1.6407800000000D+04 1.9435400000000D+01
   0.77282   0.92897   0.93803   0.95887   0.99489    1.0409    1.0963    1.1617
    1.2177   0.88987
    3    1 1.6407800000000D+04 1.0786647000000D+13
   0.77282   0.92897   0.93803   0.95887   0.99489    1.0409    1.0963    1.1617
    1.2177   0.88987
    9    0 1.6407800000000D+04 2.8120000000000D+02
   10    0 1.6407800000000D+04 1.5800000000000D+01
*---+----+-------------------+-------------------+---------+---------------------
*   1: printout of the result at time [hours]
*---+----+-------------------+-------------------+---------+---------------------
    1    0 1.6409800000000D+04
*---+----+-------------------+-------------------+---------+---------------------
    2    1 1.6409800000000D+04 1.9246900000000D+01
   0.43565   0.60649   0.72069   0.85105   0.99138    1.1323    1.2647     1.378
    1.4546    1.1651
    3    1 1.6409800000000D+04 1.1088139090000D+13
   0.43565   0.60649   0.72069   0.85105   0.99138    1.1323    1.2647     1.378
    1.4546    1.1651
    9    0 1.6409800000000D+04 2.9170000000000D+02
   10    0 1.6409800000000D+04 1.5800000000000D+01
*---+----+-------------------+-------------------+---------+---------------------
*   1: printout of the result at time [hours]
*---+----+-------------------+-------------------+---------+---------------------
    1    0 1.6552800000000D+04
*---+----+-------------------+-------------------+---------+---------------------
    2    1 1.6552800000000D+04 1.9440000000000D+01
   0.64012   0.82536   0.89254   0.95741    1.0227    1.0863    1.1468    1.2015
    1.2343   0.99295
    3    1 1.6552800000000D+04 1.1199384000000D+13
   0.64012   0.82536   0.89254   0.95741    1.0227    1.0863    1.1468    1.2015
    1.2343   0.99295
    9    0 1.6552800000000D+04 2.9170000000000D+02
   10    0 1.6552800000000D+04 1.5800000000000D+01
*---+----+-------------------+-------------------+---------+---------------------
*   1: printout of the result at time [hours]
*---+----+-------------------+-------------------+---------+---------------------
    1    0 2.1808800000000D+04
*---+----+-------------------+-------------------+---------+---------------------
    2    1 2.1808800000000D+04 1.9705700000000D+01
   0.90106    1.0667    1.0614    1.0501    1.0391    1.0295    1.0223    1.0173
   0.99996   0.81246
    3    1 2.1808800000000D+04 1.1655921550000D+13
   0.90106    1.0667    1.0614    1.0501    1.0391    1.0295    1.0223    1.0173
   0.99996   0.81246
    9    0 2.1808800000000D+04 2.9170000000000D+02
   10    0 2.1808800000000D+04 1.5800000000000D+01
*---+----+-------------------+-------------------+---------+---------------------
*   1: printout of the result at time [hours]
*---+----+-------------------+-------------------+---------+---------------------
    1    0 2.3690400000000D+04
*---+----+-------------------+-------------------+---------+---------------------
    2    1 2.3690400000000D+04 1.9480100000000D+01
   0.90261    1.0293    1.0151    1.0065    1.0058    1.0104    1.0209    1.0406
    1.0733   0.89558
    3    1 2.3690400000000D+04 1.1573127410000D+13
   0.90261    1.0293    1.0151    1.0065    1.0058    1.0104    1.0209    1.0406
    1.0733   0.89558
    9    0 2.3690400000000D+04 2.9170000000000D+02
   10    0 2.3690400000000D+04 1.5800000000000D+01
*---+----+-------------------+-------------------+---------+---------------------
*   1: printout of the result at time [hours]
*---+----+-------------------+-------------------+---------+---------------------
    1    0 2.4426200000000D+04
*---+----+-------------------+-------------------+---------+---------------------
    2    1 2.4426200000000D+04 1.7948100000000D+01
   0.79474   0.90355   0.90979   0.93375   0.97058     1.015    1.0672     1.133
    1.2073    1.0651
    3    1 2.4426200000000D+04 1.0356053700000D+13
   0.79474   0.90355   0.90979   0.93375   0.97058     1.015    1.0672     1.133
    1.2073    1.0651
    9    0 2.4426200000000D+04 2.8110000000000D+02
   10    0 2.4426200000000D+04 1.5800000000000D+01
*---+----+-------------------+-------------------+---------+---------------------
*   1: printout of the result at time [hours]
*---+----+-------------------+-------------------+---------+---------------------
    1    0 2.4428200000000D+04
*---+----+-------------------+-------------------+---------+---------------------
    2    1 2.4428200000000D+04 1.6574900000000D+01
   0.45509   0.68761   0.83844    0.9766    1.1049    1.2153    1.2964    1.3369
    1.2552   0.83367
    3    1 2.4428200000000D+04 1.0684180540000D+13
   0.45509   0.68761   0.83844    0.9766    1.1049    1.2153    1.2964    1.3369
    1.2552   0.83367
    9    0 2.4428200000000D+04 2.9170000000000D+02
   10    0 2.4428200000000D+04 1.5800000000000D+01
*---+----+-------------------+-------------------+---------+---------------------
*   1: printout of the result at time [hours]
*---+----+-------------------+-------------------+---------+---------------------
    1    0 2.4571200000000D+04
*---+----+-------------------+-------------------+---------+---------------------
    2    1 2.4571200000000D+04 1.6603800000000D+01
   0.64708   0.89979   0.99796    1.0602    1.1068    1.1415    1.1629    1.1606
    1.0898   0.73333
    3    1 2.4571200000000D+04 1.0677903780000D+13
   0.64708   0.89979   0.99796    1.0602    1.1068    1.1415    1.1629    1.1606
    1.0898   0.73333
    9    0 2.4571200000000D+04 2.9170000000000D+02
   10    0 2.4571200000000D+04 1.5800000000000D+01
*---+----+-------------------+-------------------+---------+---------------------
*   1: printout of the result at time [hours]
*---+----+-------------------+-------------------+---------+---------------------
    1    0 2.8027200000000D+04
*---+----+-------------------+-------------------+---------+---------------------
    2    1 2.8027200000000D+04 1.5961500000000D+01
    0.8508     1.046    1.0663    1.0548    1.0505    1.0492    1.0513    1.0542
    1.0268   0.74999
    3    1 2.8027200000000D+04 1.0268032950000D+13
    0.8508     1.046    1.0663    1.0548    1.0505    1.0492    1.0513    1.0542
    1.0268   0.74999
    9    0 2.8027200000000D+04 2.9170000000000D+02
   10    0 2.8027200000000D+04 1.5800000000000D+01
*---+----+-------------------+-------------------+---------+---------------------
*   1: printout of the result at time [hours]
*---+----+-------------------+-------------------+---------+---------------------
    1    0 3.0187200000000D+04
*---+----+-------------------+-------------------+---------+---------------------
    2    1 3.0187200000000D+04 1.5494800000000D+01
   0.90495    1.0656    1.0571     1.046    1.0383    1.0334    1.0318    1.0338
    1.0176   0.77148
    3    1 3.0187200000000D+04 9.9724532800000D+12
   0.90495    1.0656    1.0571     1.046    1.0383    1.0334    1.0318    1.0338
    1.0176   0.77148
    9    0 3.0187200000000D+04 2.9170000000000D+02
   10    0 3.0187200000000D+04 1.5800000000000D+01
*---+----+-------------------+-------------------+---------+---------------------
*   1: printout of the result at time [hours]
*---+----+-------------------+-------------------+---------+---------------------
    1    0 3.1490400000000D+04
*---+----+-------------------+-------------------+---------+---------------------
    2    1 3.1490400000000D+04 1.5544000000000D+01
   0.89617    1.0237    1.0124    1.0063    1.0092     1.017      1.03    1.0526
    1.0991   0.85351
    3    1 3.1490400000000D+04 9.9823568000000D+12
   0.89617    1.0237    1.0124    1.0063    1.0092     1.017      1.03    1.0526
    1.0991   0.85351
    9    0 3.1490400000000D+04 2.9170000000000D+02
   10    0 3.1490400000000D+04 1.5800000000000D+01
*---+----+-------------------+-------------------+---------+---------------------
*   1: printout of the result at time [hours]
*---+----+-------------------+-------------------+---------+---------------------
    1    0 3.1911800000000D+04
*---+----+-------------------+-------------------+---------+---------------------
    2    1 3.1911800000000D+04 1.4606700000000D+01
   0.81134    0.9293   0.93587   0.95634   0.98907     1.028    1.0726    1.1279
    1.1851   0.96449
    3    1 3.1911800000000D+04 9.2372770800000D+12
   0.81134    0.9293   0.93587   0.95634   0.98907     1.028    1.0726    1.1279
    1.1851   0.96449
    9    0 3.1911800000000D+04 2.8640000000000D+02
   10    0 3.1911800000000D+04 1.5800000000000D+01
*---+----+-------------------+-------------------+---------+---------------------
*   1: printout of the result at time [hours]
*---+----+-------------------+-------------------+---------+---------------------
    1    0 3.1913800000000D+04
*---+----+-------------------+-------------------+---------+---------------------
    2    1 3.1913800000000D+04 2.3150000000000D+00
   0.45443   0.66393   0.81425   0.95248    1.0808    1.1927    1.2747    1.3175
     1.254   0.99525
    3    1 3.1913800000000D+04 1.5211865000000D+12
   0.45443   0.66393   0.81425   0.95248    1.0808    1.1927    1.2747    1.3175
     1.254   0.99525
    9    0 3.1913800000000D+04 2.9170000000000D+02
   10    0 3.1913800000000D+04 1.5800000000000D+01
*---+----+-------------------+-------------------+---------+---------------------
*   1: printout of the result at time [hours]
*---+----+-------------------+-------------------+---------+---------------------
    1    0 3.2056800000000D+04
*---+----+-------------------+-------------------+---------+---------------------
    2    1 3.2056800000000D+04 2.5003000000000D+00
   0.63952    0.8603   0.96228    1.0303    1.0827    1.1235    1.1507    1.1539
    1.1035   0.89349
    3    1 3.2056800000000D+04 1.6004420300000D+12
   0.63952    0.8603   0.96228    1.0303    1.0827    1.1235    1.1507    1.1539
    1.1035   0.89349
    9    0 3.2056800000000D+04 2.9170000000000D+02
   10    0 3.2056800000000D+04 1.5800000000000D+01
*---+----+-------------------+-------------------+---------+---------------------
*   1: printout of the result at time [hours]
*---+----+-------------------+-------------------+---------+---------------------
    1    0 3.5512800000000D+04
*---+----+-------------------+-------------------+---------+---------------------
    2    1 3.5512800000000D+04 2.8707000000000D+00
   0.81618   0.99035    1.0189    1.0266    1.0325    1.0405    1.0513    1.0621
    1.0537   0.90779
    3    1 3.5512800000000D+04 1.7720831100000D+12
   0.81618   0.99035    1.0189    1.0266    1.0325    1.0405    1.0513    1.0621
    1.0537   0.90779
    9    0 3.5512800000000D+04 2.9170000000000D+02
   10    0 3.5512800000000D+04 1.5800000000000D+01
*---+----+-------------------+-------------------+---------+---------------------
*   1: printout of the result at time [hours]
*---+----+-------------------+-------------------+---------+---------------------
    1    0 3.7312800000000D+04
*---+----+-------------------+-------------------+---------+---------------------
    2    1 3.7312800000000D+04 3.0383000000000D+00
   0.85936    1.0078    1.0206     1.021     1.022    1.0256    1.0325     1.042
    1.0493   0.91992
    3    1 3.7312800000000D+04 1.8436404400000D+12
   0.85936    1.0078    1.0206     1.021     1.022    1.0256    1.0325     1.042
    1.0493   0.91992
    9    0 3.7312800000000D+04 2.9170000000000D+02
   10    0 3.7312800000000D+04 1.5800000000000D+01
*---+----+-------------------+-------------------+---------+---------------------
*   1: printout of the result at time [hours]
*---+----+-------------------+-------------------+---------+---------------------
    1    0 3.9067200000000D+04
*---+----+-------------------+-------------------+---------+---------------------
    2    1 3.9067200000000D+04 3.3486000000000D+00
   0.84692   0.95861    0.9598   0.96578    0.9819    1.0052    1.0354    1.0769
    1.1276    1.0419
    3    1 3.9067200000000D+04 1.9833757800000D+12
   0.84692   0.95861    0.9598   0.96578    0.9819    1.0052    1.0354    1.0769
    1.1276    1.0419
    9    0 3.9067200000000D+04 2.9170000000000D+02
   10    0 3.9067200000000D+04 1.5800000000000D+01
*---+----+-------------------+-------------------+---------+---------------------
*   1: printout of the result at time [hours]
*---+----+-------------------+-------------------+---------+---------------------
    1    0 4.0010400000000D+04
*---+----+-------------------+-------------------+---------+---------------------
    2    1 4.0010400000000D+04 2.9112000000000D+00
   0.73269   0.82475   0.84226   0.87971   0.93329   0.99856    1.0758     1.172
    1.2892    1.2517
    3    1 4.0010400000000D+04 1.6835469600000D+12
   0.73269   0.82475   0.84226   0.87971   0.93329   0.99856    1.0758     1.172
    1.2892    1.2517
    9    0 4.0010400000000D+04 2.8120000000000D+02
   10    0 4.0010400000000D+04 1.5800000000000D+01
* data point #2310 end
*  00:  last line of data set (finishing the program)
*---+----+-------------------+-------------------+---------+---------------------
00000    0 4.0010400000000D+04
*---+----+-------------------+-------------------+---------+---------------------
