* data point #2709 begin
*
*---+----+-------------------+-------------------+---------+---------------------
*   1: printout of the result at time [hours]
*---+----+-------------------+-------------------+---------+---------------------
    1    0 0.0000000000000D+00
*---+----+-------------------+-------------------+---------+---------------------
    2    1 0.0000000000000D+00 2.7029700000000D+01
   0.64359   0.98999    1.0895    1.1406      1.17    1.1762    1.1573    1.1076
   0.97959   0.54566
    3    1 0.0000000000000D+00 1.1325444300000D+13
   0.64359   0.98999    1.0895    1.1406      1.17    1.1762    1.1573    1.1076
   0.97959   0.54566
    9    0 0.0000000000000D+00 2.9170000000000D+02
   10    0 0.0000000000000D+00 1.5800000000000D+01
*---+----+-------------------+-------------------+---------+---------------------
*   1: printout of the result at time [hours]
*---+----+-------------------+-------------------+---------+---------------------
    1    0 1.4400000000000D+02
*---+----+-------------------+-------------------+---------+---------------------
    2    1 1.4400000000000D+02 2.7237400000000D+01
   0.77742    1.1189    1.1664    1.1532    1.1349    1.1083    1.0733    1.0244
   0.91642   0.52674
    3    1 1.4400000000000D+02 1.1488735320000D+13
   0.77742    1.1189    1.1664    1.1532    1.1349    1.1083    1.0733    1.0244
   0.91642   0.52674
    9    0 1.4400000000000D+02 2.9170000000000D+02
   10    0 1.4400000000000D+02 1.5800000000000D+01
*---+----+-------------------+-------------------+---------+---------------------
*   1: printout of the result at time [hours]
*---+----+-------------------+-------------------+---------+---------------------
    1    0 1.4400000000000D+03
*---+----+-------------------+-------------------+---------+---------------------
    2    1 1.4400000000000D+03 2.6692600000000D+01
   0.82697    1.1268    1.1369    1.1176    1.0987    1.0797    1.0591    1.0313
   0.95105   0.57192
    3    1 1.4400000000000D+03 1.1456463920000D+13
   0.82697    1.1268    1.1369    1.1176    1.0987    1.0797    1.0591    1.0313
   0.95105   0.57192
    9    0 1.4400000000000D+03 2.9170000000000D+02
   10    0 1.4400000000000D+03 1.5800000000000D+01
*---+----+-------------------+-------------------+---------+---------------------
*   1: printout of the result at time [hours]
*---+----+-------------------+-------------------+---------+---------------------
    1    0 3.0456000000000D+03
*---+----+-------------------+-------------------+---------+---------------------
    2    1 3.0456000000000D+03 2.6112000000000D+01
   0.85727    1.1041    1.0872    1.0633    1.0475    1.0378    1.0356    1.0438
     1.037   0.68647
    3    1 3.0456000000000D+03 1.1382220800000D+13
   0.85727    1.1041    1.0872    1.0633    1.0475    1.0378    1.0356    1.0438
     1.037   0.68647
    9    0 3.0456000000000D+03 2.9170000000000D+02
   10    0 3.0456000000000D+03 1.5800000000000D+01
*---+----+-------------------+-------------------+---------+---------------------
*   1: printout of the result at time [hours]
*---+----+-------------------+-------------------+---------+---------------------
    1    0 4.9008000000000D+03
*---+----+-------------------+-------------------+---------+---------------------
    2    1 4.9008000000000D+03 1.9779200000000D+01
   0.69755   0.87976   0.89877   0.93219   0.98164    1.0409    1.1118    1.2027
    1.3068   0.94786
    3    1 4.9008000000000D+03 8.3033081600000D+12
   0.69755   0.87976   0.89877   0.93219   0.98164    1.0409    1.1118    1.2027
    1.3068   0.94786
    9    0 4.9008000000000D+03 2.7330000000000D+02
   10    0 4.9008000000000D+03 1.5800000000000D+01
*---+----+-------------------+-------------------+---------+---------------------
*   1: printout of the result at time [hours]
*---+----+-------------------+-------------------+---------+---------------------
    1    0 4.9046000000000D+03
*---+----+-------------------+-------------------+---------+---------------------
    2    1 4.9046000000000D+03 1.1955900000000D+01
   0.54475   0.71371   0.76699   0.84101   0.93719    1.0508    1.1828    1.3402
    1.5106    1.1119
    3    1 4.9046000000000D+03 5.0095221000000D+12
   0.54475   0.71371   0.76699   0.84101   0.93719    1.0508    1.1828    1.3402
    1.5106    1.1119
    9    0 4.9046000000000D+03 2.8340000000000D+02
   10    0 4.9046000000000D+03 1.5800000000000D+01
*---+----+-------------------+-------------------+---------+---------------------
*   1: printout of the result at time [hours]
*---+----+-------------------+-------------------+---------+---------------------
    1    0 4.9066000000000D+03
*---+----+-------------------+-------------------+---------+---------------------
    2    1 4.9066000000000D+03 2.7669100000000D+01
   0.72536    1.1003    1.1914    1.2131    1.1911     1.148    1.0855    1.0018
   0.86186   0.48158
    3    1 4.9066000000000D+03 1.3214762160000D+13
   0.72536    1.1003    1.1914    1.2131    1.1911     1.148    1.0855    1.0018
   0.86186   0.48158
    9    0 4.9066000000000D+03 2.9170000000000D+02
   10    0 4.9066000000000D+03 1.5800000000000D+01
*---+----+-------------------+-------------------+---------+---------------------
*   1: printout of the result at time [hours]
*---+----+-------------------+-------------------+---------+---------------------
    1    0 5.0496000000000D+03
*---+----+-------------------+-------------------+---------+---------------------
    2    1 5.0496000000000D+03 2.6831400000000D+01
   0.81546    1.1692    1.2185    1.1913    1.1502    1.0989    1.0406   0.97099
   0.85255   0.49237
    3    1 5.0496000000000D+03 1.2828092340000D+13
   0.81546    1.1692    1.2185    1.1913    1.1502    1.0989    1.0406   0.97099
   0.85255   0.49237
    9    0 5.0496000000000D+03 2.9170000000000D+02
   10    0 5.0496000000000D+03 1.5800000000000D+01
*---+----+-------------------+-------------------+---------+---------------------
*   1: printout of the result at time [hours]
*---+----+-------------------+-------------------+---------+---------------------
    1    0 6.4656000000000D+03
*---+----+-------------------+-------------------+---------+---------------------
    2    1 6.4656000000000D+03 2.6273900000000D+01
   0.82565    1.1294    1.1569    1.1321    1.1071    1.0799    1.0507    1.0151
     0.935   0.56832
    3    1 6.4656000000000D+03 1.2750723670000D+13
   0.82565    1.1294    1.1569    1.1321    1.1071    1.0799    1.0507    1.0151
     0.935   0.56832
    9    0 6.4656000000000D+03 2.9170000000000D+02
   10    0 6.4656000000000D+03 1.5800000000000D+01
*---+----+-------------------+-------------------+---------+---------------------
*   1: printout of the result at time [hours]
*---+----+-------------------+-------------------+---------+---------------------
    1    0 7.2912000000000D+03
*---+----+-------------------+-------------------+---------+---------------------
    2    1 7.2912000000000D+03 2.5818000000000D+01
   0.84275    1.1233     1.132    1.1103     1.087    1.0647    1.0441    1.0223
   0.96537   0.60822
    3    1 7.2912000000000D+03 1.2604347600000D+13
   0.84275    1.1233     1.132    1.1103     1.087    1.0647    1.0441    1.0223
   0.96537   0.60822
    9    0 7.2912000000000D+03 2.9170000000000D+02
   10    0 7.2912000000000D+03 1.5800000000000D+01
*---+----+-------------------+-------------------+---------+---------------------
*   1: printout of the result at time [hours]
*---+----+-------------------+-------------------+---------+---------------------
    1    0 7.9286000000000D+03
*---+----+-------------------+-------------------+---------+---------------------
    2    1 7.9286000000000D+03 2.4998400000000D+01
   0.75781    1.0097    1.0372    1.0489    1.0635    1.0794    1.0958    1.1163
    1.0851   0.70613
    3    1 7.9286000000000D+03 1.1989232640000D+13
   0.75781    1.0097    1.0372    1.0489    1.0635    1.0794    1.0958    1.1163
    1.0851   0.70613
    9    0 7.9286000000000D+03 2.8320000000000D+02
   10    0 7.9286000000000D+03 1.5800000000000D+01
*---+----+-------------------+-------------------+---------+---------------------
*   1: printout of the result at time [hours]
*---+----+-------------------+-------------------+---------+---------------------
    1    0 7.9306000000000D+03
*---+----+-------------------+-------------------+---------+---------------------
    2    1 7.9306000000000D+03 2.2702800000000D+01
   0.44316   0.66763   0.79466   0.92482    1.0571    1.1826    1.2909    1.3671
    1.3621   0.90976
    3    1 7.9306000000000D+03 1.1807726280000D+13
   0.44316   0.66763   0.79466   0.92482    1.0571    1.1826    1.2909    1.3671
    1.3621   0.90976
    9    0 7.9306000000000D+03 2.9170000000000D+02
   10    0 7.9306000000000D+03 1.5800000000000D+01
*---+----+-------------------+-------------------+---------+---------------------
*   1: printout of the result at time [hours]
*---+----+-------------------+-------------------+---------+---------------------
    1    0 8.0736000000000D+03
*---+----+-------------------+-------------------+---------+---------------------
    2    1 8.0736000000000D+03 2.2609100000000D+01
   0.63912    0.8884   0.96249    1.0199    1.0724      1.12    1.1608    1.1881
    1.1653   0.78349
    3    1 8.0736000000000D+03 1.1768036550000D+13
   0.63912    0.8884   0.96249    1.0199    1.0724      1.12    1.1608    1.1881
    1.1653   0.78349
    9    0 8.0736000000000D+03 2.9170000000000D+02
   10    0 8.0736000000000D+03 1.5800000000000D+01
*---+----+-------------------+-------------------+---------+---------------------
*   1: printout of the result at time [hours]
*---+----+-------------------+-------------------+---------+---------------------
    1    0 1.3329600000000D+04
*---+----+-------------------+-------------------+---------+---------------------
    2    1 1.3329600000000D+04 2.2051000000000D+01
    0.8854    1.1077    1.1095    1.0899    1.0691    1.0498    1.0323    1.0138
   0.96848   0.67398
    3    1 1.3329600000000D+04 1.1949436900000D+13
    0.8854    1.1077    1.1095    1.0899    1.0691    1.0498    1.0323    1.0138
   0.96848   0.67398
    9    0 1.3329600000000D+04 2.9170000000000D+02
   10    0 1.3329600000000D+04 1.5800000000000D+01
*---+----+-------------------+-------------------+---------+---------------------
*   1: printout of the result at time [hours]
*---+----+-------------------+-------------------+---------+---------------------
    1    0 1.5211200000000D+04
*---+----+-------------------+-------------------+---------+---------------------
    2    1 1.5211200000000D+04 2.1568300000000D+01
   0.88723    1.0706    1.0555     1.041    1.0337    1.0317    1.0351    1.0446
     1.041   0.75945
    3    1 1.5211200000000D+04 1.1802173760000D+13
   0.88723    1.0706    1.0555     1.041    1.0337    1.0317    1.0351    1.0446
     1.041   0.75945
    9    0 1.5211200000000D+04 2.9170000000000D+02
   10    0 1.5211200000000D+04 1.5800000000000D+01
*---+----+-------------------+-------------------+---------+---------------------
*   1: printout of the result at time [hours]
*---+----+-------------------+-------------------+---------+---------------------
    1    0 1.5947000000000D+04
*---+----+-------------------+-------------------+---------+---------------------
    2    1 1.5947000000000D+04 2.0121300000000D+01
   0.78121   0.93791   0.94785   0.96803    1.0001    1.0391     1.085    1.1404
    1.1971   0.90327
    3    1 1.5947000000000D+04 1.0716604380000D+13
   0.78121   0.93791   0.94785   0.96803    1.0001    1.0391     1.085    1.1404
    1.1971   0.90327
    9    0 1.5947000000000D+04 2.8110000000000D+02
   10    0 1.5947000000000D+04 1.5800000000000D+01
*---+----+-------------------+-------------------+---------+---------------------
*   1: printout of the result at time [hours]
*---+----+-------------------+-------------------+---------+---------------------
    1    0 1.5949000000000D+04
*---+----+-------------------+-------------------+---------+---------------------
    2    1 1.5949000000000D+04 1.6550000000000D+01
   0.46248   0.62822   0.74073   0.87239    1.0112    1.1432    1.2569    1.3439
    1.4031    1.1379
    3    1 1.5949000000000D+04 9.4947350000000D+12
   0.46248   0.62822   0.74073   0.87239    1.0112    1.1432    1.2569    1.3439
    1.4031    1.1379
    9    0 1.5949000000000D+04 2.9170000000000D+02
   10    0 1.5949000000000D+04 1.5800000000000D+01
*---+----+-------------------+-------------------+---------+---------------------
*   1: printout of the result at time [hours]
*---+----+-------------------+-------------------+---------+---------------------
    1    0 1.6092000000000D+04
*---+----+-------------------+-------------------+---------+---------------------
    2    1 1.6092000000000D+04 1.6868800000000D+01
    0.6758   0.85323   0.91571   0.97831    1.0382    1.0909     1.134    1.1664
    1.1828   0.96474
    3    1 1.6092000000000D+04 9.6860649600000D+12
    0.6758   0.85323   0.91571   0.97831    1.0382    1.0909     1.134    1.1664
    1.1828   0.96474
    9    0 1.6092000000000D+04 2.9170000000000D+02
   10    0 1.6092000000000D+04 1.5800000000000D+01
*---+----+-------------------+-------------------+---------+---------------------
*   1: printout of the result at time [hours]
*---+----+-------------------+-------------------+---------+---------------------
    1    0 1.9548000000000D+04
*---+----+-------------------+-------------------+---------+---------------------
    2    1 1.9548000000000D+04 1.7379500000000D+01
   0.88115    1.0409    1.0438    1.0398    1.0361    1.0334    1.0321     1.032
    1.0213   0.83944
    3    1 1.9548000000000D+04 1.0083585900000D+13
   0.88115    1.0409    1.0438    1.0398    1.0361    1.0334    1.0321     1.032
    1.0213   0.83944
    9    0 1.9548000000000D+04 2.9170000000000D+02
   10    0 1.9548000000000D+04 1.5800000000000D+01
*---+----+-------------------+-------------------+---------+---------------------
*   1: printout of the result at time [hours]
*---+----+-------------------+-------------------+---------+---------------------
    1    0 2.1348000000000D+04
*---+----+-------------------+-------------------+---------+---------------------
    2    1 2.1348000000000D+04 1.7433900000000D+01
   0.91689    1.0785    1.0711    1.0566    1.0416    1.0278    1.0156    1.0045
   0.98211   0.80521
    3    1 2.1348000000000D+04 1.0184884380000D+13
   0.91689    1.0785    1.0711    1.0566    1.0416    1.0278    1.0156    1.0045
   0.98211   0.80521
    9    0 2.1348000000000D+04 2.9170000000000D+02
   10    0 2.1348000000000D+04 1.5800000000000D+01
*---+----+-------------------+-------------------+---------+---------------------
*   1: printout of the result at time [hours]
*---+----+-------------------+-------------------+---------+---------------------
    1    0 2.3102400000000D+04
*---+----+-------------------+-------------------+---------+---------------------
    2    1 2.3102400000000D+04 1.7318500000000D+01
    0.9036    1.0281    1.0159    1.0082    1.0076    1.0121     1.022    1.0394
    1.0678   0.89546
    3    1 2.3102400000000D+04 1.0138249900000D+13
    0.9036    1.0281    1.0159    1.0082    1.0076    1.0121     1.022    1.0394
    1.0678   0.89546
    9    0 2.3102400000000D+04 2.9170000000000D+02
   10    0 2.3102400000000D+04 1.5800000000000D+01
*---+----+-------------------+-------------------+---------+---------------------
*   1: printout of the result at time [hours]
*---+----+-------------------+-------------------+---------+---------------------
    1    0 2.4045600000000D+04
*---+----+-------------------+-------------------+---------+---------------------
    2    1 2.4045600000000D+04 1.4703500000000D+01
    0.7654   0.86959   0.88285   0.91482   0.96032    1.0147    1.0782    1.1558
    1.2428    1.1155
    3    1 2.4045600000000D+04 8.3398252000000D+12
    0.7654   0.86959   0.88285   0.91482   0.96032    1.0147    1.0782    1.1558
    1.2428    1.1155
    9    0 2.4045600000000D+04 2.8120000000000D+02
   10    0 2.4045600000000D+04 1.5800000000000D+01
* data point #2709 end
*  00:  last line of data set (finishing the program)
*---+----+-------------------+-------------------+---------+---------------------
00000    0 2.4045600000000D+04
*---+----+-------------------+-------------------+---------+---------------------
