* data point #2069 begin
*
*---+----+-------------------+-------------------+---------+---------------------
*   1: printout of the result at time [hours]
*---+----+-------------------+-------------------+---------+---------------------
    1    0 0.0000000000000D+00
*---+----+-------------------+-------------------+---------+---------------------
    2    1 0.0000000000000D+00 2.6706100000000D+01
   0.51464   0.72392   0.86074    0.9836    1.0974    1.1953    1.2672    1.3027
    1.2283   0.82614
    3    1 0.0000000000000D+00 1.1691930580000D+13
   0.51464   0.72392   0.86074    0.9836    1.0974    1.1953    1.2672    1.3027
    1.2283   0.82614
    9    0 0.0000000000000D+00 2.9170000000000D+02
   10    0 0.0000000000000D+00 1.5800000000000D+01
*---+----+-------------------+-------------------+---------+---------------------
*   1: printout of the result at time [hours]
*---+----+-------------------+-------------------+---------+---------------------
    1    0 1.4400000000000D+02
*---+----+-------------------+-------------------+---------+---------------------
    2    1 1.4400000000000D+02 2.6423400000000D+01
   0.72617    0.9403    1.0177    1.0618     1.094    1.1177    1.1351    1.1257
    1.0591   0.72228
    3    1 1.4400000000000D+02 1.1607799620000D+13
   0.72617    0.9403    1.0177    1.0618     1.094    1.1177    1.1351    1.1257
    1.0591   0.72228
    9    0 1.4400000000000D+02 2.9170000000000D+02
   10    0 1.4400000000000D+02 1.5800000000000D+01
*---+----+-------------------+-------------------+---------+---------------------
*   1: printout of the result at time [hours]
*---+----+-------------------+-------------------+---------+---------------------
    1    0 5.4000000000000D+03
*---+----+-------------------+-------------------+---------+---------------------
    2    1 5.4000000000000D+03 2.6974000000000D+01
   0.88793    1.1521     1.156    1.1236    1.0892    1.0566    1.0261   0.99233
   0.91659   0.59958
    3    1 5.4000000000000D+03 1.2483567200000D+13
   0.88793    1.1521     1.156    1.1236    1.0892    1.0566    1.0261   0.99233
   0.91659   0.59958
    9    0 5.4000000000000D+03 2.9170000000000D+02
   10    0 5.4000000000000D+03 1.5800000000000D+01
*---+----+-------------------+-------------------+---------+---------------------
*   1: printout of the result at time [hours]
*---+----+-------------------+-------------------+---------+---------------------
    1    0 7.2816000000000D+03
*---+----+-------------------+-------------------+---------+---------------------
    2    1 7.2816000000000D+03 2.6521300000000D+01
   0.87575    1.1089    1.0896    1.0662    1.0509    1.0411    1.0364    1.0369
    1.0132   0.68108
    3    1 7.2816000000000D+03 1.2472967390000D+13
   0.87575    1.1089    1.0896    1.0662    1.0509    1.0411    1.0364    1.0369
    1.0132   0.68108
    9    0 7.2816000000000D+03 2.9170000000000D+02
   10    0 7.2816000000000D+03 1.5800000000000D+01
*---+----+-------------------+-------------------+---------+---------------------
*   1: printout of the result at time [hours]
*---+----+-------------------+-------------------+---------+---------------------
    1    0 8.0174000000000D+03
*---+----+-------------------+-------------------+---------+---------------------
    2    1 8.0174000000000D+03 2.4748100000000D+01
   0.77129   0.97131   0.97927   0.99337    1.0196    1.0523    1.0909    1.1378
    1.1677   0.81647
    3    1 8.0174000000000D+03 1.1349478660000D+13
   0.77129   0.97131   0.97927   0.99337    1.0196    1.0523    1.0909    1.1378
    1.1677   0.81647
    9    0 8.0174000000000D+03 2.8110000000000D+02
   10    0 8.0174000000000D+03 1.5800000000000D+01
*---+----+-------------------+-------------------+---------+---------------------
*   1: printout of the result at time [hours]
*---+----+-------------------+-------------------+---------+---------------------
    1    0 8.0194000000000D+03
*---+----+-------------------+-------------------+---------+---------------------
    2    1 8.0194000000000D+03 2.3222300000000D+01
   0.44797   0.71057   0.85857   0.99331    1.1169      1.22    1.2913    1.3205
    1.2305   0.81038
    3    1 8.0194000000000D+03 1.1669205750000D+13
   0.44797   0.71057   0.85857   0.99331    1.1169      1.22    1.2913    1.3205
    1.2305   0.81038
    9    0 8.0194000000000D+03 2.9170000000000D+02
   10    0 8.0194000000000D+03 1.5800000000000D+01
*---+----+-------------------+-------------------+---------+---------------------
*   1: printout of the result at time [hours]
*---+----+-------------------+-------------------+---------+---------------------
    1    0 8.1624000000000D+03
*---+----+-------------------+-------------------+---------+---------------------
    2    1 8.1624000000000D+03 2.3151600000000D+01
   0.63749   0.93082    1.0228     1.078    1.1172    1.1431    1.1581    1.1425
    1.0618   0.70829
    3    1 8.1624000000000D+03 1.1647569960000D+13
   0.63749   0.93082    1.0228     1.078    1.1172    1.1431    1.1581    1.1425
    1.0618   0.70829
    9    0 8.1624000000000D+03 2.9170000000000D+02
   10    0 8.1624000000000D+03 1.5800000000000D+01
*---+----+-------------------+-------------------+---------+---------------------
*   1: printout of the result at time [hours]
*---+----+-------------------+-------------------+---------+---------------------
    1    0 1.1618400000000D+04
*---+----+-------------------+-------------------+---------+---------------------
    2    1 1.1618400000000D+04 2.1690700000000D+01
    0.8452    1.0803    1.0851     1.072    1.0599    1.0504    1.0439     1.038
    1.0007   0.72455
    3    1 1.1618400000000D+04 1.1090454910000D+13
    0.8452    1.0803    1.0851     1.072    1.0599    1.0504    1.0439     1.038
    1.0007   0.72455
    9    0 1.1618400000000D+04 2.9170000000000D+02
   10    0 1.1618400000000D+04 1.5800000000000D+01
*---+----+-------------------+-------------------+---------+---------------------
*   1: printout of the result at time [hours]
*---+----+-------------------+-------------------+---------+---------------------
    1    0 1.3778400000000D+04
*---+----+-------------------+-------------------+---------+---------------------
    2    1 1.3778400000000D+04 2.0798000000000D+01
   0.89975    1.0948    1.0791    1.0609    1.0464    1.0342    1.0249    1.0189
   0.99327   0.74786
    3    1 1.3778400000000D+04 1.0723448800000D+13
   0.89975    1.0948    1.0791    1.0609    1.0464    1.0342    1.0249    1.0189
   0.99327   0.74786
    9    0 1.3778400000000D+04 2.9170000000000D+02
   10    0 1.3778400000000D+04 1.5800000000000D+01
*---+----+-------------------+-------------------+---------+---------------------
*   1: printout of the result at time [hours]
*---+----+-------------------+-------------------+---------+---------------------
    1    0 1.5081600000000D+04
*---+----+-------------------+-------------------+---------+---------------------
    2    1 1.5081600000000D+04 2.0607500000000D+01
   0.89443    1.0513    1.0332    1.0217    1.0191    1.0208     1.027     1.042
    1.0593   0.83115
    3    1 1.5081600000000D+04 1.0670563500000D+13
   0.89443    1.0513    1.0332    1.0217    1.0191    1.0208     1.027     1.042
    1.0593   0.83115
    9    0 1.5081600000000D+04 2.9170000000000D+02
   10    0 1.5081600000000D+04 1.5800000000000D+01
*---+----+-------------------+-------------------+---------+---------------------
*   1: printout of the result at time [hours]
*---+----+-------------------+-------------------+---------+---------------------
    1    0 1.5503000000000D+04
*---+----+-------------------+-------------------+---------+---------------------
    2    1 1.5503000000000D+04 1.9414600000000D+01
   0.80563   0.94893   0.95062   0.96742   0.99611    1.0301    1.0688     1.117
    1.1734   0.94197
    3    1 1.5503000000000D+04 9.9033874600000D+12
   0.80563   0.94893   0.95062   0.96742   0.99611    1.0301    1.0688     1.117
    1.1734   0.94197
    9    0 1.5503000000000D+04 2.8640000000000D+02
   10    0 1.5503000000000D+04 1.5800000000000D+01
*---+----+-------------------+-------------------+---------+---------------------
*   1: printout of the result at time [hours]
*---+----+-------------------+-------------------+---------+---------------------
    1    0 1.5505000000000D+04
*---+----+-------------------+-------------------+---------+---------------------
    2    1 1.5505000000000D+04 2.0180700000000D+01
   0.50315   0.72104   0.85572   0.98381    1.1014    1.1993    1.2668    1.2976
    1.2349   0.83629
    3    1 1.5505000000000D+04 1.1262848670000D+13
   0.50315   0.72104   0.85572   0.98381    1.1014    1.1993    1.2668    1.2976
    1.2349   0.83629
    9    0 1.5505000000000D+04 2.9170000000000D+02
   10    0 1.5505000000000D+04 1.5800000000000D+01
*---+----+-------------------+-------------------+---------+---------------------
*   1: printout of the result at time [hours]
*---+----+-------------------+-------------------+---------+---------------------
    1    0 1.5648000000000D+04
*---+----+-------------------+-------------------+---------+---------------------
    2    1 1.5648000000000D+04 1.9932000000000D+01
   0.69888   0.92615    1.0033    1.0562     1.096     1.124    1.1424    1.1331
    1.0795   0.74042
    3    1 1.5648000000000D+04 1.1100130800000D+13
   0.69888   0.92615    1.0033    1.0562     1.096     1.124    1.1424    1.1331
    1.0795   0.74042
    9    0 1.5648000000000D+04 2.9170000000000D+02
   10    0 1.5648000000000D+04 1.5800000000000D+01
*---+----+-------------------+-------------------+---------+---------------------
*   1: printout of the result at time [hours]
*---+----+-------------------+-------------------+---------+---------------------
    1    0 1.9104000000000D+04
*---+----+-------------------+-------------------+---------+---------------------
    2    1 1.9104000000000D+04 2.0120100000000D+01
   0.87336    1.0705    1.0871    1.0714    1.0601    1.0504    1.0424    1.0331
   0.99756   0.71401
    3    1 1.9104000000000D+04 1.1385964590000D+13
   0.87336    1.0705    1.0871    1.0714    1.0601    1.0504    1.0424    1.0331
   0.99756   0.71401
    9    0 1.9104000000000D+04 2.9170000000000D+02
   10    0 1.9104000000000D+04 1.5800000000000D+01
*---+----+-------------------+-------------------+---------+---------------------
*   1: printout of the result at time [hours]
*---+----+-------------------+-------------------+---------+---------------------
    1    0 2.0904000000000D+04
*---+----+-------------------+-------------------+---------+---------------------
    2    1 2.0904000000000D+04 2.0278700000000D+01
   0.90627    1.1006     1.102     1.083    1.0624    1.0433    1.0262     1.009
    0.9685   0.69871
    3    1 2.0904000000000D+04 1.1597388530000D+13
   0.90627    1.1006     1.102     1.083    1.0624    1.0433    1.0262     1.009
    0.9685   0.69871
    9    0 2.0904000000000D+04 2.9170000000000D+02
   10    0 2.0904000000000D+04 1.5800000000000D+01
*---+----+-------------------+-------------------+---------+---------------------
*   1: printout of the result at time [hours]
*---+----+-------------------+-------------------+---------+---------------------
    1    0 2.2658400000000D+04
*---+----+-------------------+-------------------+---------+---------------------
    2    1 2.2658400000000D+04 2.0147500000000D+01
   0.87902    1.0264    1.0171    1.0136    1.0202    1.0321    1.0482    1.0692
    1.0816   0.81246
    3    1 2.2658400000000D+04 1.1578768250000D+13
   0.87902    1.0264    1.0171    1.0136    1.0202    1.0321    1.0482    1.0692
    1.0816   0.81246
    9    0 2.2658400000000D+04 2.9170000000000D+02
   10    0 2.2658400000000D+04 1.5800000000000D+01
*---+----+-------------------+-------------------+---------+---------------------
*   1: printout of the result at time [hours]
*---+----+-------------------+-------------------+---------+---------------------
    1    0 2.3601600000000D+04
*---+----+-------------------+-------------------+---------+---------------------
    2    1 2.3601600000000D+04 1.7558600000000D+01
   0.74419   0.86613   0.88213   0.91858   0.97143     1.034    1.1058    1.1909
    1.2729    1.0139
    3    1 2.3601600000000D+04 9.8099898200000D+12
   0.74419   0.86613   0.88213   0.91858   0.97143     1.034    1.1058    1.1909
    1.2729    1.0139
    9    0 2.3601600000000D+04 2.8120000000000D+02
   10    0 2.3601600000000D+04 1.5800000000000D+01
* data point #2069 end
*  00:  last line of data set (finishing the program)
*---+----+-------------------+-------------------+---------+---------------------
00000    0 2.3601600000000D+04
*---+----+-------------------+-------------------+---------+---------------------
