* data point #2213 begin
*
*---+----+-------------------+-------------------+---------+---------------------
*   1: printout of the result at time [hours]
*---+----+-------------------+-------------------+---------+---------------------
    1    0 0.0000000000000D+00
*---+----+-------------------+-------------------+---------+---------------------
    2    1 0.0000000000000D+00 2.4612300000000D+01
   0.56894   0.83613   0.99597    1.1133    1.1975     1.245    1.2427    1.1795
    1.0107   0.61018
    3    1 0.0000000000000D+00 1.1513633940000D+13
   0.56894   0.83613   0.99597    1.1133    1.1975     1.245    1.2427    1.1795
    1.0107   0.61018
    9    0 0.0000000000000D+00 2.9170000000000D+02
   10    0 0.0000000000000D+00 1.5800000000000D+01
*---+----+-------------------+-------------------+---------+---------------------
*   1: printout of the result at time [hours]
*---+----+-------------------+-------------------+---------+---------------------
    1    0 1.4400000000000D+02
*---+----+-------------------+-------------------+---------+---------------------
    2    1 1.4400000000000D+02 2.4984900000000D+01
    0.7302   0.99084    1.0898     1.136     1.157    1.1577    1.1355    1.0776
   0.93945   0.58595
    3    1 1.4400000000000D+02 1.1722915080000D+13
    0.7302   0.99084    1.0898     1.136     1.157    1.1577    1.1355    1.0776
   0.93945   0.58595
    9    0 1.4400000000000D+02 2.9170000000000D+02
   10    0 1.4400000000000D+02 1.5800000000000D+01
*---+----+-------------------+-------------------+---------+---------------------
*   1: printout of the result at time [hours]
*---+----+-------------------+-------------------+---------+---------------------
    1    0 3.6000000000000D+03
*---+----+-------------------+-------------------+---------+---------------------
    2    1 3.6000000000000D+03 2.6055300000000D+01
   0.85775    1.0931     1.109    1.0933    1.0776    1.0649    1.0542    1.0378
   0.97044    0.6419
    3    1 3.6000000000000D+03 1.2071420490000D+13
   0.85775    1.0931     1.109    1.0933    1.0776    1.0649    1.0542    1.0378
   0.97044    0.6419
    9    0 3.6000000000000D+03 2.9170000000000D+02
   10    0 3.6000000000000D+03 1.5800000000000D+01
*---+----+-------------------+-------------------+---------+---------------------
*   1: printout of the result at time [hours]
*---+----+-------------------+-------------------+---------+---------------------
    1    0 5.7600000000000D+03
*---+----+-------------------+-------------------+---------+---------------------
    2    1 5.7600000000000D+03 2.7112300000000D+01
   0.88204    1.1404     1.128    1.0956    1.0683    1.0465    1.0299    1.0144
   0.95879   0.63602
    3    1 5.7600000000000D+03 1.2357786340000D+13
   0.88204    1.1404     1.128    1.0956    1.0683    1.0465    1.0299    1.0144
   0.95879   0.63602
    9    0 5.7600000000000D+03 2.9170000000000D+02
   10    0 5.7600000000000D+03 1.5800000000000D+01
*---+----+-------------------+-------------------+---------+---------------------
*   1: printout of the result at time [hours]
*---+----+-------------------+-------------------+---------+---------------------
    1    0 6.9888000000000D+03
*---+----+-------------------+-------------------+---------+---------------------
    2    1 6.9888000000000D+03 2.7057400000000D+01
   0.87629    1.1171     1.088    1.0585    1.0398    1.0293    1.0277    1.0376
    1.0278   0.69792
    3    1 6.9888000000000D+03 1.2403112160000D+13
   0.87629    1.1171     1.088    1.0585    1.0398    1.0293    1.0277    1.0376
    1.0278   0.69792
    9    0 6.9888000000000D+03 2.9170000000000D+02
   10    0 6.9888000000000D+03 1.5800000000000D+01
*---+----+-------------------+-------------------+---------+---------------------
*   1: printout of the result at time [hours]
*---+----+-------------------+-------------------+---------+---------------------
    1    0 8.4830000000000D+03
*---+----+-------------------+-------------------+---------+---------------------
    2    1 8.4830000000000D+03 2.2674200000000D+01
    0.7251   0.90962   0.91677   0.94217   0.98403    1.0359    1.0996    1.1842
    1.2807   0.92188
    3    1 8.4830000000000D+03 1.0056007700000D+13
    0.7251   0.90962   0.91677   0.94217   0.98403    1.0359    1.0996    1.1842
    1.2807   0.92188
    9    0 8.4830000000000D+03 2.7520000000000D+02
   10    0 8.4830000000000D+03 1.5800000000000D+01
*---+----+-------------------+-------------------+---------+---------------------
*   1: printout of the result at time [hours]
*---+----+-------------------+-------------------+---------+---------------------
    1    0 8.4850000000000D+03
*---+----+-------------------+-------------------+---------+---------------------
    2    1 8.4850000000000D+03 2.7220100000000D+01
   0.68159   0.99173    1.0855    1.1334    1.1582    1.1591    1.1353     1.084
   0.97542   0.59577
    3    1 8.4850000000000D+03 1.3465783470000D+13
   0.68159   0.99173    1.0855    1.1334    1.1582    1.1591    1.1353     1.084
   0.97542   0.59577
    9    0 8.4850000000000D+03 2.9170000000000D+02
   10    0 8.4850000000000D+03 1.5800000000000D+01
*---+----+-------------------+-------------------+---------+---------------------
*   1: printout of the result at time [hours]
*---+----+-------------------+-------------------+---------+---------------------
    1    0 8.6280000000000D+03
*---+----+-------------------+-------------------+---------+---------------------
    2    1 8.6280000000000D+03 2.6402000000000D+01
   0.79914     1.098    1.1471    1.1385    1.1236    1.0989    1.0649    1.0185
   0.92894   0.58238
    3    1 8.6280000000000D+03 1.3053148800000D+13
   0.79914     1.098    1.1471    1.1385    1.1236    1.0989    1.0649    1.0185
   0.92894   0.58238
    9    0 8.6280000000000D+03 2.9170000000000D+02
   10    0 8.6280000000000D+03 1.5800000000000D+01
*---+----+-------------------+-------------------+---------+---------------------
*   1: printout of the result at time [hours]
*---+----+-------------------+-------------------+---------+---------------------
    1    0 9.9240000000000D+03
*---+----+-------------------+-------------------+---------+---------------------
    2    1 9.9240000000000D+03 2.5793200000000D+01
   0.83685    1.0979    1.1218    1.1039    1.0902    1.0745    1.0557    1.0295
   0.96378   0.62594
    3    1 9.9240000000000D+03 1.2886282720000D+13
   0.83685    1.0979    1.1218    1.1039    1.0902    1.0745    1.0557    1.0295
   0.96378   0.62594
    9    0 9.9240000000000D+03 2.9170000000000D+02
   10    0 9.9240000000000D+03 1.5800000000000D+01
*---+----+-------------------+-------------------+---------+---------------------
*   1: printout of the result at time [hours]
*---+----+-------------------+-------------------+---------+---------------------
    1    0 1.1529600000000D+04
*---+----+-------------------+-------------------+---------+---------------------
    2    1 1.1529600000000D+04 2.4987300000000D+01
   0.85736    1.0781    1.0735    1.0585    1.0486    1.0428     1.042    1.0468
    1.0339   0.71844
    3    1 1.1529600000000D+04 1.2603594120000D+13
   0.85736    1.0781    1.0735    1.0585    1.0486    1.0428     1.042    1.0468
    1.0339   0.71844
    9    0 1.1529600000000D+04 2.9170000000000D+02
   10    0 1.1529600000000D+04 1.5800000000000D+01
*---+----+-------------------+-------------------+---------+---------------------
*   1: printout of the result at time [hours]
*---+----+-------------------+-------------------+---------+---------------------
    1    0 1.3384800000000D+04
*---+----+-------------------+-------------------+---------+---------------------
    2    1 1.3384800000000D+04 1.9837800000000D+01
   0.69302   0.85887   0.88659   0.92541   0.97914    1.0426    1.1166    1.2066
    1.3064   0.98484
    3    1 1.3384800000000D+04 9.6213330000000D+12
   0.69302   0.85887   0.88659   0.92541   0.97914    1.0426    1.1166    1.2066
    1.3064   0.98484
    9    0 1.3384800000000D+04 2.7330000000000D+02
   10    0 1.3384800000000D+04 1.5800000000000D+01
*---+----+-------------------+-------------------+---------+---------------------
*   1: printout of the result at time [hours]
*---+----+-------------------+-------------------+---------+---------------------
    1    0 1.3388600000000D+04
*---+----+-------------------+-------------------+---------+---------------------
    2    1 1.3388600000000D+04 1.2269100000000D+01
   0.53916   0.69532   0.75531   0.83356   0.93373    1.0517    1.1879    1.3457
    1.4964    1.1612
    3    1 1.3388600000000D+04 5.9357905800000D+12
   0.53916   0.69532   0.75531   0.83356   0.93373    1.0517    1.1879    1.3457
    1.4964    1.1612
    9    0 1.3388600000000D+04 2.8340000000000D+02
   10    0 1.3388600000000D+04 1.5800000000000D+01
*---+----+-------------------+-------------------+---------+---------------------
*   1: printout of the result at time [hours]
*---+----+-------------------+-------------------+---------+---------------------
    1    0 1.3390600000000D+04
*---+----+-------------------+-------------------+---------+---------------------
    2    1 1.3390600000000D+04 2.2475000000000D+01
   0.78305     1.042    1.1139    1.1464    1.1507    1.1266    1.0837     1.023
   0.92694   0.60369
    3    1 1.3390600000000D+04 1.1988165000000D+13
   0.78305     1.042    1.1139    1.1464    1.1507    1.1266    1.0837     1.023
   0.92694   0.60369
    9    0 1.3390600000000D+04 2.9170000000000D+02
   10    0 1.3390600000000D+04 1.5800000000000D+01
*---+----+-------------------+-------------------+---------+---------------------
*   1: printout of the result at time [hours]
*---+----+-------------------+-------------------+---------+---------------------
    1    0 1.3533600000000D+04
*---+----+-------------------+-------------------+---------+---------------------
    2    1 1.3533600000000D+04 2.2662700000000D+01
   0.88705    1.1231    1.1537    1.1383    1.1132    1.0765    1.0321   0.97985
   0.89888   0.59733
    3    1 1.3533600000000D+04 1.2088284180000D+13
   0.88705    1.1231    1.1537    1.1383    1.1132    1.0765    1.0321   0.97985
   0.89888   0.59733
    9    0 1.3533600000000D+04 2.9170000000000D+02
   10    0 1.3533600000000D+04 1.5800000000000D+01
*---+----+-------------------+-------------------+---------+---------------------
*   1: printout of the result at time [hours]
*---+----+-------------------+-------------------+---------+---------------------
    1    0 1.4949600000000D+04
*---+----+-------------------+-------------------+---------+---------------------
    2    1 1.4949600000000D+04 2.2218600000000D+01
    0.8902    1.0768    1.0824    1.0762    1.0672    1.0554    1.0417    1.0262
   0.99034   0.69343
    3    1 1.4949600000000D+04 1.1911391460000D+13
    0.8902    1.0768    1.0824    1.0762    1.0672    1.0554    1.0417    1.0262
   0.99034   0.69343
    9    0 1.4949600000000D+04 2.9170000000000D+02
   10    0 1.4949600000000D+04 1.5800000000000D+01
*---+----+-------------------+-------------------+---------+---------------------
*   1: printout of the result at time [hours]
*---+----+-------------------+-------------------+---------+---------------------
    1    0 1.5775200000000D+04
*---+----+-------------------+-------------------+---------+---------------------
    2    1 1.5775200000000D+04 2.2016100000000D+01
    0.9062    1.0724    1.0635    1.0536    1.0454    1.0378    1.0321    1.0302
    1.0192    0.7395
    3    1 1.5775200000000D+04 1.1816040870000D+13
    0.9062    1.0724    1.0635    1.0536    1.0454    1.0378    1.0321    1.0302
    1.0192    0.7395
    9    0 1.5775200000000D+04 2.9170000000000D+02
   10    0 1.5775200000000D+04 1.5800000000000D+01
*---+----+-------------------+-------------------+---------+---------------------
*   1: printout of the result at time [hours]
*---+----+-------------------+-------------------+---------+---------------------
    1    0 1.6412600000000D+04
*---+----+-------------------+-------------------+---------+---------------------
    2    1 1.6412600000000D+04 2.0911900000000D+01
   0.80772   0.95065   0.96491   0.98719    1.0161    1.0473    1.0807    1.1188
    1.1591   0.86735
    3    1 1.6412600000000D+04 1.0989203450000D+13
   0.80772   0.95065   0.96491   0.98719    1.0161    1.0473    1.0807    1.1188
    1.1591   0.86735
    9    0 1.6412600000000D+04 2.8320000000000D+02
   10    0 1.6412600000000D+04 1.5800000000000D+01
*---+----+-------------------+-------------------+---------+---------------------
*   1: printout of the result at time [hours]
*---+----+-------------------+-------------------+---------+---------------------
    1    0 1.6414600000000D+04
*---+----+-------------------+-------------------+---------+---------------------
    2    1 1.6414600000000D+04 1.7414800000000D+01
   0.44307    0.6158   0.73219   0.86157   0.99898    1.1351    1.2608    1.3652
    1.4319    1.1553
    3    1 1.6414600000000D+04 9.9351434000000D+12
   0.44307    0.6158   0.73219   0.86157   0.99898    1.1351    1.2608    1.3652
    1.4319    1.1553
    9    0 1.6414600000000D+04 2.9170000000000D+02
   10    0 1.6414600000000D+04 1.5800000000000D+01
*---+----+-------------------+-------------------+---------+---------------------
*   1: printout of the result at time [hours]
*---+----+-------------------+-------------------+---------+---------------------
    1    0 1.6557600000000D+04
*---+----+-------------------+-------------------+---------+---------------------
    2    1 1.6557600000000D+04 1.7674000000000D+01
   0.64643   0.83275   0.90178   0.96509    1.0273    1.0869    1.1427    1.1914
    1.2188   0.98687
    3    1 1.6557600000000D+04 1.0079482200000D+13
   0.64643   0.83275   0.90178   0.96509    1.0273    1.0869    1.1427    1.1914
    1.2188   0.98687
    9    0 1.6557600000000D+04 2.9170000000000D+02
   10    0 1.6557600000000D+04 1.5800000000000D+01
*---+----+-------------------+-------------------+---------+---------------------
*   1: printout of the result at time [hours]
*---+----+-------------------+-------------------+---------+---------------------
    1    0 2.1813600000000D+04
*---+----+-------------------+-------------------+---------+---------------------
    2    1 2.1813600000000D+04 1.7705800000000D+01
   0.89784    1.0594    1.0597    1.0488    1.0382    1.0294    1.0231    1.0189
    1.0034   0.82126
    3    1 2.1813600000000D+04 1.0303005020000D+13
   0.89784    1.0594    1.0597    1.0488    1.0382    1.0294    1.0231    1.0189
    1.0034   0.82126
    9    0 2.1813600000000D+04 2.9170000000000D+02
   10    0 2.1813600000000D+04 1.5800000000000D+01
*---+----+-------------------+-------------------+---------+---------------------
*   1: printout of the result at time [hours]
*---+----+-------------------+-------------------+---------+---------------------
    1    0 2.3695200000000D+04
*---+----+-------------------+-------------------+---------+---------------------
    2    1 2.3695200000000D+04 1.7602500000000D+01
   0.89834    1.0245    1.0116    1.0035    1.0038    1.0096    1.0214     1.043
    1.0767   0.90754
    3    1 2.3695200000000D+04 1.0279860000000D+13
   0.89834    1.0245    1.0116    1.0035    1.0038    1.0096    1.0214     1.043
    1.0767   0.90754
    9    0 2.3695200000000D+04 2.9170000000000D+02
   10    0 2.3695200000000D+04 1.5800000000000D+01
*---+----+-------------------+-------------------+---------+---------------------
*   1: printout of the result at time [hours]
*---+----+-------------------+-------------------+---------+---------------------
    1    0 2.4431000000000D+04
*---+----+-------------------+-------------------+---------+---------------------
    2    1 2.4431000000000D+04 1.6205800000000D+01
   0.79163   0.89943   0.90634   0.93047    0.9678     1.013    1.0665     1.134
    1.2127    1.0781
    3    1 2.4431000000000D+04 9.1967915000000D+12
   0.79163   0.89943   0.90634   0.93047    0.9678     1.013    1.0665     1.134
    1.2127    1.0781
    9    0 2.4431000000000D+04 2.8110000000000D+02
   10    0 2.4431000000000D+04 1.5800000000000D+01
*---+----+-------------------+-------------------+---------+---------------------
*   1: printout of the result at time [hours]
*---+----+-------------------+-------------------+---------+---------------------
    1    0 2.4433000000000D+04
*---+----+-------------------+-------------------+---------+---------------------
    2    1 2.4433000000000D+04 3.9729000000000D+00
   0.53362   0.72793   0.86436   0.98618    1.0932    1.1787    1.2334    1.2427
    1.1913   0.94868
    3    1 2.4433000000000D+04 2.4592251000000D+12
   0.53362   0.72793   0.86436   0.98618    1.0932    1.1787    1.2334    1.2427
    1.1913   0.94868
    9    0 2.4433000000000D+04 2.9170000000000D+02
   10    0 2.4433000000000D+04 1.5800000000000D+01
*---+----+-------------------+-------------------+---------+---------------------
*   1: printout of the result at time [hours]
*---+----+-------------------+-------------------+---------+---------------------
    1    0 2.4576000000000D+04
*---+----+-------------------+-------------------+---------+---------------------
    2    1 2.4576000000000D+04 4.0881000000000D+00
   0.73041   0.92023   0.99851    1.0469    1.0795    1.1008    1.1186    1.0968
    1.0526   0.85565
    3    1 2.4576000000000D+04 2.4933321900000D+12
   0.73041   0.92023   0.99851    1.0469    1.0795    1.1008    1.1186    1.0968
    1.0526   0.85565
    9    0 2.4576000000000D+04 2.9170000000000D+02
   10    0 2.4576000000000D+04 1.5800000000000D+01
*---+----+-------------------+-------------------+---------+---------------------
*   1: printout of the result at time [hours]
*---+----+-------------------+-------------------+---------+---------------------
    1    0 2.8032000000000D+04
*---+----+-------------------+-------------------+---------+---------------------
    2    1 2.8032000000000D+04 4.8060000000000D+00
    0.8712    1.0514    1.0801    1.0653    1.0526     1.041     1.031    1.0175
   0.98273   0.80712
    3    1 2.8032000000000D+04 2.8547640000000D+12
    0.8712    1.0514    1.0801    1.0653    1.0526     1.041     1.031    1.0175
   0.98273   0.80712
    9    0 2.8032000000000D+04 2.9170000000000D+02
   10    0 2.8032000000000D+04 1.5800000000000D+01
*---+----+-------------------+-------------------+---------+---------------------
*   1: printout of the result at time [hours]
*---+----+-------------------+-------------------+---------+---------------------
    1    0 2.9832000000000D+04
*---+----+-------------------+-------------------+---------+---------------------
    2    1 2.9832000000000D+04 5.2503000000000D+00
   0.88966    1.0879    1.1121    1.0855    1.0615    1.0384    1.0171    0.9929
   0.94642   0.76853
    3    1 2.9832000000000D+04 3.0856013100000D+12
   0.88966    1.0879    1.1121    1.0855    1.0615    1.0384    1.0171    0.9929
   0.94642   0.76853
    9    0 2.9832000000000D+04 2.9170000000000D+02
   10    0 2.9832000000000D+04 1.5800000000000D+01
*---+----+-------------------+-------------------+---------+---------------------
*   1: printout of the result at time [hours]
*---+----+-------------------+-------------------+---------+---------------------
    1    0 3.1586400000000D+04
*---+----+-------------------+-------------------+---------+---------------------
    2    1 3.1586400000000D+04 5.6546000000000D+00
   0.84887    1.0086    1.0116    1.0107    1.0192     1.033    1.0505     1.069
     1.065   0.88371
    3    1 3.1586400000000D+04 3.2638351200000D+12
   0.84887    1.0086    1.0116    1.0107    1.0192     1.033    1.0505     1.069
     1.065   0.88371
    9    0 3.1586400000000D+04 2.9170000000000D+02
   10    0 3.1586400000000D+04 1.5800000000000D+01
*---+----+-------------------+-------------------+---------+---------------------
*   1: printout of the result at time [hours]
*---+----+-------------------+-------------------+---------+---------------------
    1    0 3.2529600000000D+04
*---+----+-------------------+-------------------+---------+---------------------
    2    1 3.2529600000000D+04 4.9485000000000D+00
     0.718   0.85076   0.87521     0.913   0.96676    1.0304    1.1032    1.1864
    1.2681    1.0882
    3    1 3.2529600000000D+04 2.7761085000000D+12
     0.718   0.85076   0.87521     0.913   0.96676    1.0304    1.1032    1.1864
    1.2681    1.0882
    9    0 3.2529600000000D+04 2.8120000000000D+02
   10    0 3.2529600000000D+04 1.5800000000000D+01
* data point #2213 end
*  00:  last line of data set (finishing the program)
*---+----+-------------------+-------------------+---------+---------------------
00000    0 3.2529600000000D+04
*---+----+-------------------+-------------------+---------+---------------------
