* data point #2167 begin
*
*---+----+-------------------+-------------------+---------+---------------------
*   1: printout of the result at time [hours]
*---+----+-------------------+-------------------+---------+---------------------
    1    0 0.0000000000000D+00
*---+----+-------------------+-------------------+---------+---------------------
    2    1 0.0000000000000D+00 2.6173200000000D+01
   0.59347   0.86749    1.0154    1.1143    1.1803    1.2149    1.2105    1.1605
    1.0189   0.62419
    3    1 0.0000000000000D+00 1.1576406360000D+13
   0.59347   0.86749    1.0154    1.1143    1.1803    1.2149    1.2105    1.1605
    1.0189   0.62419
    9    0 0.0000000000000D+00 2.9170000000000D+02
   10    0 0.0000000000000D+00 1.5800000000000D+01
*---+----+-------------------+-------------------+---------+---------------------
*   1: printout of the result at time [hours]
*---+----+-------------------+-------------------+---------+---------------------
    1    0 1.4400000000000D+02
*---+----+-------------------+-------------------+---------+---------------------
    2    1 1.4400000000000D+02 2.6414100000000D+01
   0.75452    1.0183    1.1034    1.1336    1.1412    1.1334    1.1102    1.0625
   0.94586   0.59707
    3    1 1.4400000000000D+02 1.1754274500000D+13
   0.75452    1.0183    1.1034    1.1336    1.1412    1.1334    1.1102    1.0625
   0.94586   0.59707
    9    0 1.4400000000000D+02 2.9170000000000D+02
   10    0 1.4400000000000D+02 1.5800000000000D+01
*---+----+-------------------+-------------------+---------+---------------------
*   1: printout of the result at time [hours]
*---+----+-------------------+-------------------+---------+---------------------
    1    0 3.2400000000000D+03
*---+----+-------------------+-------------------+---------+---------------------
    2    1 3.2400000000000D+03 2.6458400000000D+01
   0.86097    1.1057    1.1209     1.101    1.0798    1.0615    1.0458    1.0269
    0.9623     0.635
    3    1 3.2400000000000D+03 1.2274051760000D+13
   0.86097    1.1057    1.1209     1.101    1.0798    1.0615    1.0458    1.0269
    0.9623     0.635
    9    0 3.2400000000000D+03 2.9170000000000D+02
   10    0 3.2400000000000D+03 1.5800000000000D+01
*---+----+-------------------+-------------------+---------+---------------------
*   1: printout of the result at time [hours]
*---+----+-------------------+-------------------+---------+---------------------
    1    0 5.8800000000000D+03
*---+----+-------------------+-------------------+---------+---------------------
    2    1 5.8800000000000D+03 2.6538700000000D+01
   0.87638     1.148    1.1323    1.0977    1.0676    1.0426    1.0233    1.0091
   0.96455    0.6385
    3    1 5.8800000000000D+03 1.2688152470000D+13
   0.87638     1.148    1.1323    1.0977    1.0676    1.0426    1.0233    1.0091
   0.96455    0.6385
    9    0 5.8800000000000D+03 2.9170000000000D+02
   10    0 5.8800000000000D+03 1.5800000000000D+01
*---+----+-------------------+-------------------+---------+---------------------
*   1: printout of the result at time [hours]
*---+----+-------------------+-------------------+---------+---------------------
    1    0 6.7656000000000D+03
*---+----+-------------------+-------------------+---------+---------------------
    2    1 6.7656000000000D+03 2.6322300000000D+01
   0.88416    1.1353    1.1069    1.0747    1.0513     1.034    1.0231    1.0208
   0.99923   0.67038
    3    1 6.7656000000000D+03 1.2663658530000D+13
   0.88416    1.1353    1.1069    1.0747    1.0513     1.034    1.0231    1.0208
   0.99923   0.67038
    9    0 6.7656000000000D+03 2.9170000000000D+02
   10    0 6.7656000000000D+03 1.5800000000000D+01
*---+----+-------------------+-------------------+---------+---------------------
*   1: printout of the result at time [hours]
*---+----+-------------------+-------------------+---------+---------------------
    1    0 7.8446000000000D+03
*---+----+-------------------+-------------------+---------+---------------------
    2    1 7.8446000000000D+03 2.3471700000000D+01
   0.74157    0.9451   0.95353   0.97368    1.0079    1.0495    1.0984    1.1601
    1.2193   0.85094
    3    1 7.8446000000000D+03 1.0977714090000D+13
   0.74157    0.9451   0.95353   0.97368    1.0079    1.0495    1.0984    1.1601
    1.2193   0.85094
    9    0 7.8446000000000D+03 2.7920000000000D+02
   10    0 7.8446000000000D+03 1.5800000000000D+01
*---+----+-------------------+-------------------+---------+---------------------
*   1: printout of the result at time [hours]
*---+----+-------------------+-------------------+---------+---------------------
    1    0 7.8466000000000D+03
*---+----+-------------------+-------------------+---------+---------------------
    2    1 7.8466000000000D+03 2.2225800000000D+01
   0.51773   0.82931   0.98903    1.1101    1.1989    1.2499    1.2543    1.1962
     1.032   0.62261
    3    1 7.8466000000000D+03 1.1377387020000D+13
   0.51773   0.82931   0.98903    1.1101    1.1989    1.2499    1.2543    1.1962
     1.032   0.62261
    9    0 7.8466000000000D+03 2.9170000000000D+02
   10    0 7.8466000000000D+03 1.5800000000000D+01
*---+----+-------------------+-------------------+---------+---------------------
*   1: printout of the result at time [hours]
*---+----+-------------------+-------------------+---------+---------------------
    1    0 7.9896000000000D+03
*---+----+-------------------+-------------------+---------+---------------------
    2    1 7.9896000000000D+03 2.2616200000000D+01
   0.66528   0.98381    1.0836    1.1344    1.1602    1.1659    1.1486    1.0955
   0.96201   0.60072
    3    1 7.9896000000000D+03 1.1574971160000D+13
   0.66528   0.98381    1.0836    1.1344    1.1602    1.1659    1.1486    1.0955
   0.96201   0.60072
    9    0 7.9896000000000D+03 2.9170000000000D+02
   10    0 7.9896000000000D+03 1.5800000000000D+01
*---+----+-------------------+-------------------+---------+---------------------
*   1: printout of the result at time [hours]
*---+----+-------------------+-------------------+---------+---------------------
    1    0 1.1445600000000D+04
*---+----+-------------------+-------------------+---------+---------------------
    2    1 1.1445600000000D+04 2.1999000000000D+01
   0.81867    1.0757    1.0891    1.0788    1.0692    1.0631    1.0598    1.0525
    0.9995   0.69367
    3    1 1.1445600000000D+04 1.1454879300000D+13
   0.81867    1.0757    1.0891    1.0788    1.0692    1.0631    1.0598    1.0525
    0.9995   0.69367
    9    0 1.1445600000000D+04 2.9170000000000D+02
   10    0 1.1445600000000D+04 1.5800000000000D+01
*---+----+-------------------+-------------------+---------+---------------------
*   1: printout of the result at time [hours]
*---+----+-------------------+-------------------+---------+---------------------
    1    0 1.3605600000000D+04
*---+----+-------------------+-------------------+---------+---------------------
    2    1 1.3605600000000D+04 2.1650700000000D+01
    0.8729    1.1038    1.0912    1.0684    1.0508    1.0389    1.0322    1.0287
   0.99447   0.71873
    3    1 1.3605600000000D+04 1.1396928480000D+13
    0.8729    1.1038    1.0912    1.0684    1.0508    1.0389    1.0322    1.0287
   0.99447   0.71873
    9    0 1.3605600000000D+04 2.9170000000000D+02
   10    0 1.3605600000000D+04 1.5800000000000D+01
*---+----+-------------------+-------------------+---------+---------------------
*   1: printout of the result at time [hours]
*---+----+-------------------+-------------------+---------+---------------------
    1    0 1.4834400000000D+04
*---+----+-------------------+-------------------+---------+---------------------
    2    1 1.4834400000000D+04 2.1537000000000D+01
   0.87552    1.0751    1.0514    1.0309     1.021    1.0191    1.0265    1.0467
    1.0572   0.79658
    3    1 1.4834400000000D+04 1.1375843400000D+13
   0.87552    1.0751    1.0514    1.0309     1.021    1.0191    1.0265    1.0467
    1.0572   0.79658
    9    0 1.4834400000000D+04 2.9170000000000D+02
   10    0 1.4834400000000D+04 1.5800000000000D+01
*---+----+-------------------+-------------------+---------+---------------------
*   1: printout of the result at time [hours]
*---+----+-------------------+-------------------+---------+---------------------
    1    0 1.6328600000000D+04
*---+----+-------------------+-------------------+---------+---------------------
    2    1 1.6328600000000D+04 1.8287600000000D+01
   0.72639    0.8771   0.88667   0.91663   0.96355     1.021     1.091     1.183
    1.2957     1.039
    3    1 1.6328600000000D+04 9.2736419600000D+12
   0.72639    0.8771   0.88667   0.91663   0.96355     1.021     1.091     1.183
    1.2957     1.039
    9    0 1.6328600000000D+04 2.7520000000000D+02
   10    0 1.6328600000000D+04 1.5800000000000D+01
*---+----+-------------------+-------------------+---------+---------------------
*   1: printout of the result at time [hours]
*---+----+-------------------+-------------------+---------+---------------------
    1    0 1.6330600000000D+04
*---+----+-------------------+-------------------+---------+---------------------
    2    1 1.6330600000000D+04 2.3329800000000D+01
   0.68933   0.96503    1.0583    1.1123    1.1437    1.1517    1.1349    1.0899
   0.98852   0.66644
    3    1 1.6330600000000D+04 1.3227996600000D+13
   0.68933   0.96503    1.0583    1.1123    1.1437    1.1517    1.1349    1.0899
   0.98852   0.66644
    9    0 1.6330600000000D+04 2.9170000000000D+02
   10    0 1.6330600000000D+04 1.5800000000000D+01
*---+----+-------------------+-------------------+---------+---------------------
*   1: printout of the result at time [hours]
*---+----+-------------------+-------------------+---------+---------------------
    1    0 1.6473600000000D+04
*---+----+-------------------+-------------------+---------+---------------------
    2    1 1.6473600000000D+04 2.2643700000000D+01
   0.80817    1.0694    1.1133    1.1186    1.1109    1.0931    1.0657    1.0251
   0.94256   0.65316
    3    1 1.6473600000000D+04 1.2798219240000D+13
   0.80817    1.0694    1.1133    1.1186    1.1109    1.0931    1.0657    1.0251
   0.94256   0.65316
    9    0 1.6473600000000D+04 2.9170000000000D+02
   10    0 1.6473600000000D+04 1.5800000000000D+01
*---+----+-------------------+-------------------+---------+---------------------
*   1: printout of the result at time [hours]
*---+----+-------------------+-------------------+---------+---------------------
    1    0 1.7769600000000D+04
*---+----+-------------------+-------------------+---------+---------------------
    2    1 1.7769600000000D+04 2.2257900000000D+01
   0.84393    1.0694    1.0889    1.0847    1.0777    1.0683    1.0556    1.0351
   0.97655   0.69975
    3    1 1.7769600000000D+04 1.2620229300000D+13
   0.84393    1.0694    1.0889    1.0847    1.0777    1.0683    1.0556    1.0351
   0.97655   0.69975
    9    0 1.7769600000000D+04 2.9170000000000D+02
   10    0 1.7769600000000D+04 1.5800000000000D+01
*---+----+-------------------+-------------------+---------+---------------------
*   1: printout of the result at time [hours]
*---+----+-------------------+-------------------+---------+---------------------
    1    0 1.9375200000000D+04
*---+----+-------------------+-------------------+---------+---------------------
    2    1 1.9375200000000D+04 2.1725500000000D+01
   0.86184    1.0464     1.048    1.0395    1.0356    1.0356    1.0404    1.0509
    1.0449   0.79676
    3    1 1.9375200000000D+04 1.2348774200000D+13
   0.86184    1.0464     1.048    1.0395    1.0356    1.0356    1.0404    1.0509
    1.0449   0.79676
    9    0 1.9375200000000D+04 2.9170000000000D+02
   10    0 1.9375200000000D+04 1.5800000000000D+01
*---+----+-------------------+-------------------+---------+---------------------
*   1: printout of the result at time [hours]
*---+----+-------------------+-------------------+---------+---------------------
    1    0 2.1230400000000D+04
*---+----+-------------------+-------------------+---------+---------------------
    2    1 2.1230400000000D+04 1.7366200000000D+01
   0.69439   0.83461   0.86323   0.90578   0.96319    1.0306    1.1091    1.2042
    1.3132    1.0816
    3    1 2.1230400000000D+04 9.4124804000000D+12
   0.69439   0.83461   0.86323   0.90578   0.96319    1.0306    1.1091    1.2042
    1.3132    1.0816
    9    0 2.1230400000000D+04 2.7330000000000D+02
   10    0 2.1230400000000D+04 1.5800000000000D+01
*---+----+-------------------+-------------------+---------+---------------------
*   1: printout of the result at time [hours]
*---+----+-------------------+-------------------+---------+---------------------
    1    0 2.1234200000000D+04
*---+----+-------------------+-------------------+---------+---------------------
    2    1 2.1234200000000D+04 1.0748600000000D+01
   0.53942   0.67469   0.73405   0.81425    0.9164     1.037    1.1768    1.3391
    1.4973     1.271
    3    1 2.1234200000000D+04 5.8192920400000D+12
   0.53942   0.67469   0.73405   0.81425    0.9164     1.037    1.1768    1.3391
    1.4973     1.271
    9    0 2.1234200000000D+04 2.8340000000000D+02
   10    0 2.1234200000000D+04 1.5800000000000D+01
*---+----+-------------------+-------------------+---------+---------------------
*   1: printout of the result at time [hours]
*---+----+-------------------+-------------------+---------+---------------------
    1    0 2.1236200000000D+04
*---+----+-------------------+-------------------+---------+---------------------
    2    1 2.1236200000000D+04 1.5616900000000D+01
   0.74676    1.0073     1.097    1.1394    1.1628    1.1375    1.1037    1.0486
   0.94801   0.60883
    3    1 2.1236200000000D+04 9.3279743700000D+12
   0.74676    1.0073     1.097    1.1394    1.1628    1.1375    1.1037    1.0486
   0.94801   0.60883
    9    0 2.1236200000000D+04 2.9170000000000D+02
   10    0 2.1236200000000D+04 1.5800000000000D+01
*---+----+-------------------+-------------------+---------+---------------------
*   1: printout of the result at time [hours]
*---+----+-------------------+-------------------+---------+---------------------
    1    0 2.1379200000000D+04
*---+----+-------------------+-------------------+---------+---------------------
    2    1 2.1379200000000D+04 1.5824900000000D+01
   0.84936    1.0862    1.1293    1.1316    1.1157    1.0887    1.0537    1.0083
   0.92632   0.61075
    3    1 2.1379200000000D+04 9.4094855400000D+12
   0.84936    1.0862    1.1293    1.1316    1.1157    1.0887    1.0537    1.0083
   0.92632   0.61075
    9    0 2.1379200000000D+04 2.9170000000000D+02
   10    0 2.1379200000000D+04 1.5800000000000D+01
*---+----+-------------------+-------------------+---------+---------------------
*   1: printout of the result at time [hours]
*---+----+-------------------+-------------------+---------+---------------------
    1    0 2.2795200000000D+04
*---+----+-------------------+-------------------+---------+---------------------
    2    1 2.2795200000000D+04 1.6073200000000D+01
   0.85851     1.051    1.0713    1.0721    1.0686    1.0631    1.0561    1.0464
    1.0108   0.70204
    3    1 2.2795200000000D+04 9.5635540000000D+12
   0.85851     1.051    1.0713    1.0721    1.0686    1.0631    1.0561    1.0464
    1.0108   0.70204
    9    0 2.2795200000000D+04 2.9170000000000D+02
   10    0 2.2795200000000D+04 1.5800000000000D+01
*---+----+-------------------+-------------------+---------+---------------------
*   1: printout of the result at time [hours]
*---+----+-------------------+-------------------+---------+---------------------
    1    0 2.3620800000000D+04
*---+----+-------------------+-------------------+---------+---------------------
    2    1 2.3620800000000D+04 1.6151600000000D+01
   0.87694    1.0473    1.0544    1.0501    1.0464     1.044    1.0442    1.0481
    1.0393   0.74915
    3    1 2.3620800000000D+04 9.5859746000000D+12
   0.87694    1.0473    1.0544    1.0501    1.0464     1.044    1.0442    1.0481
    1.0393   0.74915
    9    0 2.3620800000000D+04 2.9170000000000D+02
   10    0 2.3620800000000D+04 1.5800000000000D+01
*---+----+-------------------+-------------------+---------+---------------------
*   1: printout of the result at time [hours]
*---+----+-------------------+-------------------+---------+---------------------
    1    0 2.4258200000000D+04
*---+----+-------------------+-------------------+---------+---------------------
    2    1 2.4258200000000D+04 1.5464800000000D+01
   0.78824   0.93832   0.96122    0.9863    1.0174    1.0516    1.0887    1.1306
    1.1708   0.86681
    3    1 2.4258200000000D+04 8.9943276800000D+12
   0.78824   0.93832   0.96122    0.9863    1.0174    1.0516    1.0887    1.1306
    1.1708   0.86681
    9    0 2.4258200000000D+04 2.8320000000000D+02
   10    0 2.4258200000000D+04 1.5800000000000D+01
*---+----+-------------------+-------------------+---------+---------------------
*   1: printout of the result at time [hours]
*---+----+-------------------+-------------------+---------+---------------------
    1    0 2.4260200000000D+04
*---+----+-------------------+-------------------+---------+---------------------
    2    1 2.4260200000000D+04 4.6436000000000D+00
   0.45417   0.69666   0.84956   0.98157    1.1013    1.2049    1.2815    1.3171
    1.2352   0.87798
    3    1 2.4260200000000D+04 2.9217531200000D+12
   0.45417   0.69666   0.84956   0.98157    1.1013    1.2049    1.2815    1.3171
    1.2352   0.87798
    9    0 2.4260200000000D+04 2.9170000000000D+02
   10    0 2.4260200000000D+04 1.5800000000000D+01
*---+----+-------------------+-------------------+---------+---------------------
*   1: printout of the result at time [hours]
*---+----+-------------------+-------------------+---------+---------------------
    1    0 2.4403200000000D+04
*---+----+-------------------+-------------------+---------+---------------------
    2    1 2.4403200000000D+04 4.8190000000000D+00
   0.63789   0.89728   0.99689    1.0548    1.0969    1.1299    1.1525    1.1525
    1.0882   0.79311
    3    1 2.4403200000000D+04 3.0012732000000D+12
   0.63789   0.89728   0.99689    1.0548    1.0969    1.1299    1.1525    1.1525
    1.0882   0.79311
    9    0 2.4403200000000D+04 2.9170000000000D+02
   10    0 2.4403200000000D+04 1.5800000000000D+01
*---+----+-------------------+-------------------+---------+---------------------
*   1: printout of the result at time [hours]
*---+----+-------------------+-------------------+---------+---------------------
    1    0 2.9659200000000D+04
*---+----+-------------------+-------------------+---------+---------------------
    2    1 2.9659200000000D+04 5.2517000000000D+00
   0.85648    1.0374    1.0484     1.044    1.0402    1.0387      1.04    1.0425
    1.0258    0.8264
    3    1 2.9659200000000D+04 3.1447179600000D+12
   0.85648    1.0374    1.0484     1.044    1.0402    1.0387      1.04    1.0425
    1.0258    0.8264
    9    0 2.9659200000000D+04 2.9170000000000D+02
   10    0 2.9659200000000D+04 1.5800000000000D+01
*---+----+-------------------+-------------------+---------+---------------------
*   1: printout of the result at time [hours]
*---+----+-------------------+-------------------+---------+---------------------
    1    0 3.1540800000000D+04
*---+----+-------------------+-------------------+---------+---------------------
    2    1 3.1540800000000D+04 5.5685000000000D+00
   0.85822   0.99793   0.99434   0.99273    1.0001    1.0141    1.0353    1.0673
    1.1071   0.93293
    3    1 3.1540800000000D+04 3.2893129500000D+12
   0.85822   0.99793   0.99434   0.99273    1.0001    1.0141    1.0353    1.0673
    1.1071   0.93293
    9    0 3.1540800000000D+04 2.9170000000000D+02
   10    0 3.1540800000000D+04 1.5800000000000D+01
*---+----+-------------------+-------------------+---------+---------------------
*   1: printout of the result at time [hours]
*---+----+-------------------+-------------------+---------+---------------------
    1    0 3.2276600000000D+04
*---+----+-------------------+-------------------+---------+---------------------
    2    1 3.2276600000000D+04 5.2503000000000D+00
   0.76834   0.88871   0.90052    0.9268   0.96718    1.0165     1.075    1.1481
    1.2272    1.0817
    3    1 3.2276600000000D+04 3.0157723200000D+12
   0.76834   0.88871   0.90052    0.9268   0.96718    1.0165     1.075    1.1481
    1.2272    1.0817
    9    0 3.2276600000000D+04 2.8110000000000D+02
   10    0 3.2276600000000D+04 1.5800000000000D+01
*---+----+-------------------+-------------------+---------+---------------------
*   1: printout of the result at time [hours]
*---+----+-------------------+-------------------+---------+---------------------
    1    0 3.2278600000000D+04
*---+----+-------------------+-------------------+---------+---------------------
    2    1 3.2278600000000D+04 4.6895000000000D+00
   0.46274   0.69048   0.84337   0.98113    1.1069    1.2129    1.2871    1.3185
    1.2426   0.85425
    3    1 3.2278600000000D+04 3.0847531000000D+12
   0.46274   0.69048   0.84337   0.98113    1.1069    1.2129    1.2871    1.3185
    1.2426   0.85425
    9    0 3.2278600000000D+04 2.9170000000000D+02
   10    0 3.2278600000000D+04 1.5800000000000D+01
*---+----+-------------------+-------------------+---------+---------------------
*   1: printout of the result at time [hours]
*---+----+-------------------+-------------------+---------+---------------------
    1    0 3.2421600000000D+04
*---+----+-------------------+-------------------+---------+---------------------
    2    1 3.2421600000000D+04 4.9329000000000D+00
   0.65296   0.89461   0.99495     1.058     1.104    1.1373    1.1602    1.1496
    1.0868   0.76162
    3    1 3.2421600000000D+04 3.2058917100000D+12
   0.65296   0.89461   0.99495     1.058     1.104    1.1373    1.1602    1.1496
    1.0868   0.76162
    9    0 3.2421600000000D+04 2.9170000000000D+02
   10    0 3.2421600000000D+04 1.5800000000000D+01
*---+----+-------------------+-------------------+---------+---------------------
*   1: printout of the result at time [hours]
*---+----+-------------------+-------------------+---------+---------------------
    1    0 3.5877600000000D+04
*---+----+-------------------+-------------------+---------+---------------------
    2    1 3.5877600000000D+04 5.3815000000000D+00
   0.84345    1.0304    1.0506    1.0501    1.0482    1.0486    1.0514    1.0607
    1.0356   0.78101
    3    1 3.5877600000000D+04 3.4005698500000D+12
   0.84345    1.0304    1.0506    1.0501    1.0482    1.0486    1.0514    1.0607
    1.0356   0.78101
    9    0 3.5877600000000D+04 2.9170000000000D+02
   10    0 3.5877600000000D+04 1.5800000000000D+01
*---+----+-------------------+-------------------+---------+---------------------
*   1: printout of the result at time [hours]
*---+----+-------------------+-------------------+---------+---------------------
    1    0 3.7677600000000D+04
*---+----+-------------------+-------------------+---------+---------------------
    2    1 3.7677600000000D+04 5.5402000000000D+00
   0.89076    1.0473    1.0514    1.0442     1.038    1.0344    1.0337    1.0362
    1.0272   0.79672
    3    1 3.7677600000000D+04 3.4687192200000D+12
   0.89076    1.0473    1.0514    1.0442     1.038    1.0344    1.0337    1.0362
    1.0272   0.79672
    9    0 3.7677600000000D+04 2.9170000000000D+02
   10    0 3.7677600000000D+04 1.5800000000000D+01
*---+----+-------------------+-------------------+---------+---------------------
*   1: printout of the result at time [hours]
*---+----+-------------------+-------------------+---------+---------------------
    1    0 3.9432000000000D+04
*---+----+-------------------+-------------------+---------+---------------------
    2    1 3.9432000000000D+04 5.9298000000000D+00
    0.8803   0.99784   0.99093   0.99008   0.99919     1.015    1.0371      1.07
    1.1115   0.90796
    3    1 3.9432000000000D+04 3.6634304400000D+12
    0.8803   0.99784   0.99093   0.99008   0.99919     1.015    1.0371      1.07
    1.1115   0.90796
    9    0 3.9432000000000D+04 2.9170000000000D+02
   10    0 3.9432000000000D+04 1.5800000000000D+01
*---+----+-------------------+-------------------+---------+---------------------
*   1: printout of the result at time [hours]
*---+----+-------------------+-------------------+---------+---------------------
    1    0 4.0375200000000D+04
*---+----+-------------------+-------------------+---------+---------------------
    2    1 4.0375200000000D+04 5.1716000000000D+00
   0.76011   0.85854   0.87168   0.90514   0.95464    1.0146    1.0852    1.1729
    1.2799    1.0973
    3    1 4.0375200000000D+04 3.1014085200000D+12
   0.76011   0.85854   0.87168   0.90514   0.95464    1.0146    1.0852    1.1729
    1.2799    1.0973
    9    0 4.0375200000000D+04 2.8120000000000D+02
   10    0 4.0375200000000D+04 1.5800000000000D+01
* data point #2167 end
*  00:  last line of data set (finishing the program)
*---+----+-------------------+-------------------+---------+---------------------
00000    0 4.0375200000000D+04
*---+----+-------------------+-------------------+---------+---------------------
