* data point #2300 begin
*
*---+----+-------------------+-------------------+---------+---------------------
*   1: printout of the result at time [hours]
*---+----+-------------------+-------------------+---------+---------------------
    1    0 0.0000000000000D+00
*---+----+-------------------+-------------------+---------+---------------------
    2    1 0.0000000000000D+00 2.0043100000000D+01
   0.59362   0.86768    1.0156    1.1144    1.1803    1.2148    1.2103    1.1602
    1.0188    0.6242
    3    1 0.0000000000000D+00 1.0023554310000D+13
   0.59362   0.86768    1.0156    1.1144    1.1803    1.2148    1.2103    1.1602
    1.0188    0.6242
    9    0 0.0000000000000D+00 2.9170000000000D+02
   10    0 0.0000000000000D+00 1.5800000000000D+01
*---+----+-------------------+-------------------+---------+---------------------
*   1: printout of the result at time [hours]
*---+----+-------------------+-------------------+---------+---------------------
    1    0 1.4400000000000D+02
*---+----+-------------------+-------------------+---------+---------------------
    2    1 1.4400000000000D+02 2.0476900000000D+01
   0.75461    1.0184    1.1034    1.1336    1.1411    1.1333    1.1102    1.0625
   0.94585   0.59711
    3    1 1.4400000000000D+02 1.0260974590000D+13
   0.75461    1.0184    1.1034    1.1336    1.1411    1.1333    1.1102    1.0625
   0.94585   0.59711
    9    0 1.4400000000000D+02 2.9170000000000D+02
   10    0 1.4400000000000D+02 1.5800000000000D+01
*---+----+-------------------+-------------------+---------+---------------------
*   1: printout of the result at time [hours]
*---+----+-------------------+-------------------+---------+---------------------
    1    0 3.2400000000000D+03
*---+----+-------------------+-------------------+---------+---------------------
    2    1 3.2400000000000D+03 2.1929500000000D+01
   0.86094    1.1057    1.1209     1.101    1.0798    1.0615    1.0458    1.0269
   0.96236   0.63508
    3    1 3.2400000000000D+03 1.0870453150000D+13
   0.86094    1.1057    1.1209     1.101    1.0798    1.0615    1.0458    1.0269
   0.96236   0.63508
    9    0 3.2400000000000D+03 2.9170000000000D+02
   10    0 3.2400000000000D+03 1.5800000000000D+01
*---+----+-------------------+-------------------+---------+---------------------
*   1: printout of the result at time [hours]
*---+----+-------------------+-------------------+---------+---------------------
    1    0 5.8800000000000D+03
*---+----+-------------------+-------------------+---------+---------------------
    2    1 5.8800000000000D+03 2.3492600000000D+01
   0.87636     1.148    1.1323    1.0977    1.0676    1.0426    1.0233    1.0091
    0.9646   0.63854
    3    1 5.8800000000000D+03 1.1370418400000D+13
   0.87636     1.148    1.1323    1.0977    1.0676    1.0426    1.0233    1.0091
    0.9646   0.63854
    9    0 5.8800000000000D+03 2.9170000000000D+02
   10    0 5.8800000000000D+03 1.5800000000000D+01
*---+----+-------------------+-------------------+---------+---------------------
*   1: printout of the result at time [hours]
*---+----+-------------------+-------------------+---------+---------------------
    1    0 6.7656000000000D+03
*---+----+-------------------+-------------------+---------+---------------------
    2    1 6.7656000000000D+03 2.3658300000000D+01
   0.88413    1.1353    1.1068    1.0747    1.0513    1.0341    1.0232    1.0209
   0.99927   0.67042
    3    1 6.7656000000000D+03 1.1398568940000D+13
   0.88413    1.1353    1.1068    1.0747    1.0513    1.0341    1.0232    1.0209
   0.99927   0.67042
    9    0 6.7656000000000D+03 2.9170000000000D+02
   10    0 6.7656000000000D+03 1.5800000000000D+01
*---+----+-------------------+-------------------+---------+---------------------
*   1: printout of the result at time [hours]
*---+----+-------------------+-------------------+---------+---------------------
    1    0 7.8446000000000D+03
*---+----+-------------------+-------------------+---------+---------------------
    2    1 7.8446000000000D+03 2.1177300000000D+01
   0.74155   0.94507   0.95352   0.97364    1.0078    1.0495    1.0984    1.1602
    1.2193   0.85101
    3    1 7.8446000000000D+03 9.8495622300000D+12
   0.74155   0.94507   0.95352   0.97364    1.0078    1.0495    1.0984    1.1602
    1.2193   0.85101
    9    0 7.8446000000000D+03 2.7920000000000D+02
   10    0 7.8446000000000D+03 1.5800000000000D+01
*---+----+-------------------+-------------------+---------+---------------------
*   1: printout of the result at time [hours]
*---+----+-------------------+-------------------+---------+---------------------
    1    0 7.8466000000000D+03
*---+----+-------------------+-------------------+---------+---------------------
    2    1 7.8466000000000D+03 2.0320000000000D+01
   0.51781   0.82938   0.98912    1.1102    1.1989    1.2499    1.2543    1.1961
    1.0318   0.62254
    3    1 7.8466000000000D+03 1.0414000000000D+13
   0.51781   0.82938   0.98912    1.1102    1.1989    1.2499    1.2543    1.1961
    1.0318   0.62254
    9    0 7.8466000000000D+03 2.9170000000000D+02
   10    0 7.8466000000000D+03 1.5800000000000D+01
*---+----+-------------------+-------------------+---------+---------------------
*   1: printout of the result at time [hours]
*---+----+-------------------+-------------------+---------+---------------------
    1    0 7.9896000000000D+03
*---+----+-------------------+-------------------+---------+---------------------
    2    1 7.9896000000000D+03 2.0761200000000D+01
   0.66533   0.98385    1.0836    1.1344    1.1602    1.1659    1.1486    1.0955
   0.96199   0.60069
    3    1 7.9896000000000D+03 1.0638038880000D+13
   0.66533   0.98385    1.0836    1.1344    1.1602    1.1659    1.1486    1.0955
   0.96199   0.60069
    9    0 7.9896000000000D+03 2.9170000000000D+02
   10    0 7.9896000000000D+03 1.5800000000000D+01
*---+----+-------------------+-------------------+---------+---------------------
*   1: printout of the result at time [hours]
*---+----+-------------------+-------------------+---------+---------------------
    1    0 1.1445600000000D+04
*---+----+-------------------+-------------------+---------+---------------------
    2    1 1.1445600000000D+04 2.0723200000000D+01
   0.81865    1.0757    1.0891    1.0788    1.0692    1.0631    1.0598    1.0525
   0.99951   0.69362
    3    1 1.1445600000000D+04 1.0819582720000D+13
   0.81865    1.0757    1.0891    1.0788    1.0692    1.0631    1.0598    1.0525
   0.99951   0.69362
    9    0 1.1445600000000D+04 2.9170000000000D+02
   10    0 1.1445600000000D+04 1.5800000000000D+01
*---+----+-------------------+-------------------+---------+---------------------
*   1: printout of the result at time [hours]
*---+----+-------------------+-------------------+---------+---------------------
    1    0 1.3605600000000D+04
*---+----+-------------------+-------------------+---------+---------------------
    2    1 1.3605600000000D+04 2.0840600000000D+01
   0.87286    1.1038    1.0912    1.0683    1.0508    1.0388    1.0323    1.0287
    0.9945   0.71869
    3    1 1.3605600000000D+04 1.0995500560000D+13
   0.87286    1.1038    1.0912    1.0683    1.0508    1.0388    1.0323    1.0287
    0.9945   0.71869
    9    0 1.3605600000000D+04 2.9170000000000D+02
   10    0 1.3605600000000D+04 1.5800000000000D+01
*---+----+-------------------+-------------------+---------+---------------------
*   1: printout of the result at time [hours]
*---+----+-------------------+-------------------+---------+---------------------
    1    0 1.4834400000000D+04
*---+----+-------------------+-------------------+---------+---------------------
    2    1 1.4834400000000D+04 2.0891900000000D+01
   0.87551    1.0751    1.0514    1.0309     1.021    1.0191    1.0265    1.0467
    1.0573   0.79658
    3    1 1.4834400000000D+04 1.1064350240000D+13
   0.87551    1.0751    1.0514    1.0309     1.021    1.0191    1.0265    1.0467
    1.0573   0.79658
    9    0 1.4834400000000D+04 2.9170000000000D+02
   10    0 1.4834400000000D+04 1.5800000000000D+01
*---+----+-------------------+-------------------+---------+---------------------
*   1: printout of the result at time [hours]
*---+----+-------------------+-------------------+---------+---------------------
    1    0 1.6328600000000D+04
*---+----+-------------------+-------------------+---------+---------------------
    2    1 1.6328600000000D+04 1.7703500000000D+01
   0.72635   0.87711   0.88666   0.91665   0.96354     1.021     1.091     1.183
    1.2957    1.0389
    3    1 1.6328600000000D+04 9.0110815000000D+12
   0.72635   0.87711   0.88666   0.91665   0.96354     1.021     1.091     1.183
    1.2957    1.0389
    9    0 1.6328600000000D+04 2.7520000000000D+02
   10    0 1.6328600000000D+04 1.5800000000000D+01
*---+----+-------------------+-------------------+---------+---------------------
*   1: printout of the result at time [hours]
*---+----+-------------------+-------------------+---------+---------------------
    1    0 1.6330600000000D+04
*---+----+-------------------+-------------------+---------+---------------------
    2    1 1.6330600000000D+04 2.1805500000000D+01
   0.68941   0.96512    1.0584    1.1123    1.1437    1.1516    1.1349    1.0898
   0.98842   0.66639
    3    1 1.6330600000000D+04 1.2834717300000D+13
   0.68941   0.96512    1.0584    1.1123    1.1437    1.1516    1.1349    1.0898
   0.98842   0.66639
    9    0 1.6330600000000D+04 2.9170000000000D+02
   10    0 1.6330600000000D+04 1.5800000000000D+01
*---+----+-------------------+-------------------+---------+---------------------
*   1: printout of the result at time [hours]
*---+----+-------------------+-------------------+---------+---------------------
    1    0 1.6473600000000D+04
*---+----+-------------------+-------------------+---------+---------------------
    2    1 1.6473600000000D+04 2.1214100000000D+01
   0.80828    1.0695    1.1134    1.1187    1.1109    1.0931    1.0657     1.025
   0.94244   0.65306
    3    1 1.6473600000000D+04 1.2446312470000D+13
   0.80828    1.0695    1.1134    1.1187    1.1109    1.0931    1.0657     1.025
   0.94244   0.65306
    9    0 1.6473600000000D+04 2.9170000000000D+02
   10    0 1.6473600000000D+04 1.5800000000000D+01
*---+----+-------------------+-------------------+---------+---------------------
*   1: printout of the result at time [hours]
*---+----+-------------------+-------------------+---------+---------------------
    1    0 1.7769600000000D+04
*---+----+-------------------+-------------------+---------+---------------------
    2    1 1.7769600000000D+04 2.0946700000000D+01
     0.844    1.0695     1.089    1.0848    1.0777    1.0683    1.0556    1.0351
   0.97648   0.69968
    3    1 1.7769600000000D+04 1.2327132950000D+13
     0.844    1.0695     1.089    1.0848    1.0777    1.0683    1.0556    1.0351
   0.97648   0.69968
    9    0 1.7769600000000D+04 2.9170000000000D+02
   10    0 1.7769600000000D+04 1.5800000000000D+01
*---+----+-------------------+-------------------+---------+---------------------
*   1: printout of the result at time [hours]
*---+----+-------------------+-------------------+---------+---------------------
    1    0 1.9375200000000D+04
*---+----+-------------------+-------------------+---------+---------------------
    2    1 1.9375200000000D+04 2.0513700000000D+01
   0.86186    1.0465     1.048    1.0395    1.0356    1.0356    1.0404    1.0509
    1.0449   0.79669
    3    1 1.9375200000000D+04 1.2096928890000D+13
   0.86186    1.0465     1.048    1.0395    1.0356    1.0356    1.0404    1.0509
    1.0449   0.79669
    9    0 1.9375200000000D+04 2.9170000000000D+02
   10    0 1.9375200000000D+04 1.5800000000000D+01
*---+----+-------------------+-------------------+---------+---------------------
*   1: printout of the result at time [hours]
*---+----+-------------------+-------------------+---------+---------------------
    1    0 2.1230400000000D+04
*---+----+-------------------+-------------------+---------+---------------------
    2    1 2.1230400000000D+04 1.6386200000000D+01
   0.69443   0.83467   0.86323   0.90582   0.96319    1.0306    1.1091    1.2042
    1.3132    1.0816
    3    1 2.1230400000000D+04 9.2205147400000D+12
   0.69443   0.83467   0.86323   0.90582   0.96319    1.0306    1.1091    1.2042
    1.3132    1.0816
    9    0 2.1230400000000D+04 2.7330000000000D+02
   10    0 2.1230400000000D+04 1.5800000000000D+01
*---+----+-------------------+-------------------+---------+---------------------
*   1: printout of the result at time [hours]
*---+----+-------------------+-------------------+---------+---------------------
    1    0 2.1234200000000D+04
*---+----+-------------------+-------------------+---------+---------------------
    2    1 2.1234200000000D+04 1.0137200000000D+01
    0.5395   0.67474   0.73403   0.81423   0.91643     1.037    1.1768    1.3391
    1.4973     1.271
    3    1 2.1234200000000D+04 5.6981201200000D+12
    0.5395   0.67474   0.73403   0.81423   0.91643     1.037    1.1768    1.3391
    1.4973     1.271
    9    0 2.1234200000000D+04 2.8340000000000D+02
   10    0 2.1234200000000D+04 1.5800000000000D+01
*---+----+-------------------+-------------------+---------+---------------------
*   1: printout of the result at time [hours]
*---+----+-------------------+-------------------+---------+---------------------
    1    0 2.1236200000000D+04
*---+----+-------------------+-------------------+---------+---------------------
    2    1 2.1236200000000D+04 1.5832900000000D+01
   0.74667    1.0072     1.097    1.1394    1.1628    1.1376    1.1037    1.0487
   0.94809   0.60886
    3    1 2.1236200000000D+04 9.3778266700000D+12
   0.74667    1.0072     1.097    1.1394    1.1628    1.1376    1.1037    1.0487
   0.94809   0.60886
    9    0 2.1236200000000D+04 2.9170000000000D+02
   10    0 2.1236200000000D+04 1.5800000000000D+01
*---+----+-------------------+-------------------+---------+---------------------
*   1: printout of the result at time [hours]
*---+----+-------------------+-------------------+---------+---------------------
    1    0 2.1379200000000D+04
*---+----+-------------------+-------------------+---------+---------------------
    2    1 2.1379200000000D+04 1.6236900000000D+01
    0.8493    1.0862    1.1293    1.1316    1.1157    1.0888    1.0537    1.0084
   0.92641   0.61077
    3    1 2.1379200000000D+04 9.5700288600000D+12
    0.8493    1.0862    1.1293    1.1316    1.1157    1.0888    1.0537    1.0084
   0.92641   0.61077
    9    0 2.1379200000000D+04 2.9170000000000D+02
   10    0 2.1379200000000D+04 1.5800000000000D+01
*---+----+-------------------+-------------------+---------+---------------------
*   1: printout of the result at time [hours]
*---+----+-------------------+-------------------+---------+---------------------
    1    0 2.2795200000000D+04
*---+----+-------------------+-------------------+---------+---------------------
    2    1 2.2795200000000D+04 1.6495900000000D+01
   0.85852     1.051    1.0713    1.0721    1.0686    1.0631    1.0561    1.0464
    1.0108   0.70205
    3    1 2.2795200000000D+04 9.7045379700000D+12
   0.85852     1.051    1.0713    1.0721    1.0686    1.0631    1.0561    1.0464
    1.0108   0.70205
    9    0 2.2795200000000D+04 2.9170000000000D+02
   10    0 2.2795200000000D+04 1.5800000000000D+01
*---+----+-------------------+-------------------+---------+---------------------
*   1: printout of the result at time [hours]
*---+----+-------------------+-------------------+---------+---------------------
    1    0 2.3620800000000D+04
*---+----+-------------------+-------------------+---------+---------------------
    2    1 2.3620800000000D+04 1.6606500000000D+01
   0.87695    1.0473    1.0544    1.0501    1.0464     1.044    1.0442    1.0481
    1.0393   0.74916
    3    1 2.3620800000000D+04 9.7480155000000D+12
   0.87695    1.0473    1.0544    1.0501    1.0464     1.044    1.0442    1.0481
    1.0393   0.74916
    9    0 2.3620800000000D+04 2.9170000000000D+02
   10    0 2.3620800000000D+04 1.5800000000000D+01
*---+----+-------------------+-------------------+---------+---------------------
*   1: printout of the result at time [hours]
*---+----+-------------------+-------------------+---------+---------------------
    1    0 2.4258200000000D+04
*---+----+-------------------+-------------------+---------+---------------------
    2    1 2.4258200000000D+04 1.5828400000000D+01
    0.7882   0.93831   0.96125   0.98633    1.0174    1.0516    1.0887    1.1306
    1.1708    0.8668
    3    1 2.4258200000000D+04 9.0949986400000D+12
    0.7882   0.93831   0.96125   0.98633    1.0174    1.0516    1.0887    1.1306
    1.1708    0.8668
    9    0 2.4258200000000D+04 2.8320000000000D+02
   10    0 2.4258200000000D+04 1.5800000000000D+01
*---+----+-------------------+-------------------+---------+---------------------
*   1: printout of the result at time [hours]
*---+----+-------------------+-------------------+---------+---------------------
    1    0 2.4260200000000D+04
*---+----+-------------------+-------------------+---------+---------------------
    2    1 2.4260200000000D+04 9.0522000000000D+00
   0.45425   0.69674   0.84941   0.98153    1.1013    1.2048    1.2816    1.3172
    1.2354    0.8778
    3    1 2.4260200000000D+04 5.7128434200000D+12
   0.45425   0.69674   0.84941   0.98153    1.1013    1.2048    1.2816    1.3172
    1.2354    0.8778
    9    0 2.4260200000000D+04 2.9170000000000D+02
   10    0 2.4260200000000D+04 1.5800000000000D+01
*---+----+-------------------+-------------------+---------+---------------------
*   1: printout of the result at time [hours]
*---+----+-------------------+-------------------+---------+---------------------
    1    0 2.4403200000000D+04
*---+----+-------------------+-------------------+---------+---------------------
    2    1 2.4403200000000D+04 9.2500000000000D+00
   0.63795    0.8973   0.99686    1.0548    1.0969    1.1299    1.1526    1.1525
    1.0881   0.79297
    3    1 2.4403200000000D+04 5.7914250000000D+12
   0.63795    0.8973   0.99686    1.0548    1.0969    1.1299    1.1526    1.1525
    1.0881   0.79297
    9    0 2.4403200000000D+04 2.9170000000000D+02
   10    0 2.4403200000000D+04 1.5800000000000D+01
*---+----+-------------------+-------------------+---------+---------------------
*   1: printout of the result at time [hours]
*---+----+-------------------+-------------------+---------+---------------------
    1    0 2.9659200000000D+04
*---+----+-------------------+-------------------+---------+---------------------
    2    1 2.9659200000000D+04 9.4845000000000D+00
   0.85656    1.0374    1.0484    1.0441    1.0402    1.0386      1.04    1.0425
    1.0258    0.8263
    3    1 2.9659200000000D+04 5.7760605000000D+12
   0.85656    1.0374    1.0484    1.0441    1.0402    1.0386      1.04    1.0425
    1.0258    0.8263
    9    0 2.9659200000000D+04 2.9170000000000D+02
   10    0 2.9659200000000D+04 1.5800000000000D+01
*---+----+-------------------+-------------------+---------+---------------------
*   1: printout of the result at time [hours]
*---+----+-------------------+-------------------+---------+---------------------
    1    0 3.1540800000000D+04
*---+----+-------------------+-------------------+---------+---------------------
    2    1 3.1540800000000D+04 9.8079000000000D+00
   0.85829   0.99787    0.9943   0.99277    1.0001    1.0141    1.0354    1.0672
    1.1071   0.93292
    3    1 3.1540800000000D+04 5.9220100200000D+12
   0.85829   0.99787    0.9943   0.99277    1.0001    1.0141    1.0354    1.0672
    1.1071   0.93292
    9    0 3.1540800000000D+04 2.9170000000000D+02
   10    0 3.1540800000000D+04 1.5800000000000D+01
*---+----+-------------------+-------------------+---------+---------------------
*   1: printout of the result at time [hours]
*---+----+-------------------+-------------------+---------+---------------------
    1    0 3.2276600000000D+04
*---+----+-------------------+-------------------+---------+---------------------
    2    1 3.2276600000000D+04 9.2792000000000D+00
   0.76839   0.88876   0.90051   0.92691   0.96722    1.0164     1.075    1.1481
    1.2273    1.0816
    3    1 3.2276600000000D+04 5.4570975200000D+12
   0.76839   0.88876   0.90051   0.92691   0.96722    1.0164     1.075    1.1481
    1.2273    1.0816
    9    0 3.2276600000000D+04 2.8110000000000D+02
   10    0 3.2276600000000D+04 1.5800000000000D+01
*---+----+-------------------+-------------------+---------+---------------------
*   1: printout of the result at time [hours]
*---+----+-------------------+-------------------+---------+---------------------
    1    0 3.2278600000000D+04
*---+----+-------------------+-------------------+---------+---------------------
    2    1 3.2278600000000D+04 9.4460000000000D+00
   0.46295   0.69077   0.84353   0.98137    1.1069    1.2129    1.2871    1.3183
    1.2422   0.85391
    3    1 3.2278600000000D+04 6.2806454000000D+12
   0.46295   0.69077   0.84353   0.98137    1.1069    1.2129    1.2871    1.3183
    1.2422   0.85391
    9    0 3.2278600000000D+04 2.9170000000000D+02
   10    0 3.2278600000000D+04 1.5800000000000D+01
*---+----+-------------------+-------------------+---------+---------------------
*   1: printout of the result at time [hours]
*---+----+-------------------+-------------------+---------+---------------------
    1    0 3.2421600000000D+04
*---+----+-------------------+-------------------+---------+---------------------
    2    1 3.2421600000000D+04 9.6908000000000D+00
   0.65309   0.89477   0.99507    1.0581     1.104    1.1373    1.1601    1.1494
    1.0867   0.76144
    3    1 3.2421600000000D+04 6.3813918000000D+12
   0.65309   0.89477   0.99507    1.0581     1.104    1.1373    1.1601    1.1494
    1.0867   0.76144
    9    0 3.2421600000000D+04 2.9170000000000D+02
   10    0 3.2421600000000D+04 1.5800000000000D+01
*---+----+-------------------+-------------------+---------+---------------------
*   1: printout of the result at time [hours]
*---+----+-------------------+-------------------+---------+---------------------
    1    0 3.5877600000000D+04
*---+----+-------------------+-------------------+---------+---------------------
    2    1 3.5877600000000D+04 9.9136000000000D+00
   0.84349    1.0303    1.0506    1.0501    1.0483    1.0486    1.0514    1.0608
    1.0356   0.78095
    3    1 3.5877600000000D+04 6.4378918400000D+12
   0.84349    1.0303    1.0506    1.0501    1.0483    1.0486    1.0514    1.0608
    1.0356   0.78095
    9    0 3.5877600000000D+04 2.9170000000000D+02
   10    0 3.5877600000000D+04 1.5800000000000D+01
*---+----+-------------------+-------------------+---------+---------------------
*   1: printout of the result at time [hours]
*---+----+-------------------+-------------------+---------+---------------------
    1    0 3.7677600000000D+04
*---+----+-------------------+-------------------+---------+---------------------
    2    1 3.7677600000000D+04 9.9073000000000D+00
   0.89066    1.0472    1.0513    1.0442    1.0381    1.0345    1.0338    1.0362
    1.0273   0.79669
    3    1 3.7677600000000D+04 6.3832733900000D+12
   0.89066    1.0472    1.0513    1.0442    1.0381    1.0345    1.0338    1.0362
    1.0273   0.79669
    9    0 3.7677600000000D+04 2.9170000000000D+02
   10    0 3.7677600000000D+04 1.5800000000000D+01
*---+----+-------------------+-------------------+---------+---------------------
*   1: printout of the result at time [hours]
*---+----+-------------------+-------------------+---------+---------------------
    1    0 3.9432000000000D+04
*---+----+-------------------+-------------------+---------+---------------------
    2    1 3.9432000000000D+04 1.0278000000000D+01
   0.88033   0.99776   0.99076   0.99008   0.99922     1.015    1.0372    1.0701
    1.1116   0.90806
    3    1 3.9432000000000D+04 6.5625030000000D+12
   0.88033   0.99776   0.99076   0.99008   0.99922     1.015    1.0372    1.0701
    1.1116   0.90806
    9    0 3.9432000000000D+04 2.9170000000000D+02
   10    0 3.9432000000000D+04 1.5800000000000D+01
*---+----+-------------------+-------------------+---------+---------------------
*   1: printout of the result at time [hours]
*---+----+-------------------+-------------------+---------+---------------------
    1    0 4.0375200000000D+04
*---+----+-------------------+-------------------+---------+---------------------
    2    1 4.0375200000000D+04 8.9966000000000D+00
   0.76018   0.85855   0.87166   0.90512   0.95458    1.0145    1.0851     1.173
    1.2799    1.0974
    3    1 4.0375200000000D+04 5.5886879200000D+12
   0.76018   0.85855   0.87166   0.90512   0.95458    1.0145    1.0851     1.173
    1.2799    1.0974
    9    0 4.0375200000000D+04 2.8120000000000D+02
   10    0 4.0375200000000D+04 1.5800000000000D+01
* data point #2300 end
*  00:  last line of data set (finishing the program)
*---+----+-------------------+-------------------+---------+---------------------
00000    0 4.0375200000000D+04
*---+----+-------------------+-------------------+---------+---------------------
