* data point #2237 begin
*
*---+----+-------------------+-------------------+---------+---------------------
*   1: printout of the result at time [hours]
*---+----+-------------------+-------------------+---------+---------------------
    1    0 0.0000000000000D+00
*---+----+-------------------+-------------------+---------+---------------------
    2    1 0.0000000000000D+00 2.2596400000000D+01
   0.63276   0.99817    1.1031    1.1528    1.1792    1.1822    1.1601    1.1058
   0.96604   0.51986
    3    1 0.0000000000000D+00 1.0276842720000D+13
   0.63276   0.99817    1.1031    1.1528    1.1792    1.1822    1.1601    1.1058
   0.96604   0.51986
    9    0 0.0000000000000D+00 2.9170000000000D+02
   10    0 0.0000000000000D+00 1.5800000000000D+01
*---+----+-------------------+-------------------+---------+---------------------
*   1: printout of the result at time [hours]
*---+----+-------------------+-------------------+---------+---------------------
    1    0 1.4400000000000D+02
*---+----+-------------------+-------------------+---------+---------------------
    2    1 1.4400000000000D+02 2.2763500000000D+01
   0.76289    1.1235    1.1765    1.1625    1.1424     1.114    1.0772    1.0255
   0.90856   0.50695
    3    1 1.4400000000000D+02 1.0427959350000D+13
   0.76289    1.1235    1.1765    1.1625    1.1424     1.114    1.0772    1.0255
   0.90856   0.50695
    9    0 1.4400000000000D+02 2.9170000000000D+02
   10    0 1.4400000000000D+02 1.5800000000000D+01
*---+----+-------------------+-------------------+---------+---------------------
*   1: printout of the result at time [hours]
*---+----+-------------------+-------------------+---------+---------------------
    1    0 1.4400000000000D+03
*---+----+-------------------+-------------------+---------+---------------------
    2    1 1.4400000000000D+03 2.2511200000000D+01
   0.81164    1.1328     1.148    1.1278    1.1069    1.0859    1.0631     1.032
   0.94233   0.54959
    3    1 1.4400000000000D+03 1.0476712480000D+13
   0.81164    1.1328     1.148    1.1278    1.1069    1.0859    1.0631     1.032
   0.94233   0.54959
    9    0 1.4400000000000D+03 2.9170000000000D+02
   10    0 1.4400000000000D+03 1.5800000000000D+01
*---+----+-------------------+-------------------+---------+---------------------
*   1: printout of the result at time [hours]
*---+----+-------------------+-------------------+---------+---------------------
    1    0 3.0456000000000D+03
*---+----+-------------------+-------------------+---------+---------------------
    2    1 3.0456000000000D+03 2.2258900000000D+01
   0.84276    1.1118     1.099    1.0738    1.0559    1.0443      1.04    1.0449
    1.0276   0.65996
    3    1 3.0456000000000D+03 1.0492845460000D+13
   0.84276    1.1118     1.099    1.0738    1.0559    1.0443      1.04    1.0449
    1.0276   0.65996
    9    0 3.0456000000000D+03 2.9170000000000D+02
   10    0 3.0456000000000D+03 1.5800000000000D+01
*---+----+-------------------+-------------------+---------+---------------------
*   1: printout of the result at time [hours]
*---+----+-------------------+-------------------+---------+---------------------
    1    0 4.9008000000000D+03
*---+----+-------------------+-------------------+---------+---------------------
    2    1 4.9008000000000D+03 1.7287500000000D+01
    0.6894   0.89128   0.91309   0.94531   0.99291    1.0501    1.1182    1.2042
    1.2917   0.90372
    3    1 4.9008000000000D+03 7.8381525000000D+12
    0.6894   0.89128   0.91309   0.94531   0.99291    1.0501    1.1182    1.2042
    1.2917   0.90372
    9    0 4.9008000000000D+03 2.7330000000000D+02
   10    0 4.9008000000000D+03 1.5800000000000D+01
*---+----+-------------------+-------------------+---------+---------------------
*   1: printout of the result at time [hours]
*---+----+-------------------+-------------------+---------+---------------------
    1    0 4.9046000000000D+03
*---+----+-------------------+-------------------+---------+---------------------
    2    1 4.9046000000000D+03 1.0384500000000D+01
   0.53811   0.72329   0.77982   0.85387   0.94968    1.0624    1.1926    1.3454
    1.4941    1.0608
    3    1 4.9046000000000D+03 4.7041785000000D+12
   0.53811   0.72329   0.77982   0.85387   0.94968    1.0624    1.1926    1.3454
    1.4941    1.0608
    9    0 4.9046000000000D+03 2.8340000000000D+02
   10    0 4.9046000000000D+03 1.5800000000000D+01
*---+----+-------------------+-------------------+---------+---------------------
*   1: printout of the result at time [hours]
*---+----+-------------------+-------------------+---------+---------------------
    1    0 4.9066000000000D+03
*---+----+-------------------+-------------------+---------+---------------------
    2    1 4.9066000000000D+03 2.5122400000000D+01
    0.7592     1.114    1.1947     1.211    1.1845     1.137     1.071   0.98613
   0.85271    0.4898
    3    1 4.9066000000000D+03 1.2666714080000D+13
    0.7592     1.114    1.1947     1.211    1.1845     1.137     1.071   0.98613
   0.85271    0.4898
    9    0 4.9066000000000D+03 2.9170000000000D+02
   10    0 4.9066000000000D+03 1.5800000000000D+01
*---+----+-------------------+-------------------+---------+---------------------
*   1: printout of the result at time [hours]
*---+----+-------------------+-------------------+---------+---------------------
    1    0 5.0496000000000D+03
*---+----+-------------------+-------------------+---------+---------------------
    2    1 5.0496000000000D+03 2.5238600000000D+01
   0.86233    1.1937    1.2278    1.1913    1.1427    1.0847     1.021   0.94827
    0.8344   0.49369
    3    1 5.0496000000000D+03 1.2765683880000D+13
   0.86233    1.1937    1.2278    1.1913    1.1427    1.0847     1.021   0.94827
    0.8344   0.49369
    9    0 5.0496000000000D+03 2.9170000000000D+02
   10    0 5.0496000000000D+03 1.5800000000000D+01
*---+----+-------------------+-------------------+---------+---------------------
*   1: printout of the result at time [hours]
*---+----+-------------------+-------------------+---------+---------------------
    1    0 6.4656000000000D+03
*---+----+-------------------+-------------------+---------+---------------------
    2    1 6.4656000000000D+03 2.4595900000000D+01
   0.86706    1.1396    1.1468    1.1237    1.0962    1.0672     1.037    1.0027
   0.93345   0.58632
    3    1 6.4656000000000D+03 1.2551287770000D+13
   0.86706    1.1396    1.1468    1.1237    1.0962    1.0672     1.037    1.0027
   0.93345   0.58632
    9    0 6.4656000000000D+03 2.9170000000000D+02
   10    0 6.4656000000000D+03 1.5800000000000D+01
*---+----+-------------------+-------------------+---------+---------------------
*   1: printout of the result at time [hours]
*---+----+-------------------+-------------------+---------+---------------------
    1    0 7.2912000000000D+03
*---+----+-------------------+-------------------+---------+---------------------
    2    1 7.2912000000000D+03 2.4376000000000D+01
   0.88382    1.1332    1.1242    1.0985    1.0734      1.05     1.029    1.0096
   0.96648   0.63193
    3    1 7.2912000000000D+03 1.2487824800000D+13
   0.88382    1.1332    1.1242    1.0985    1.0734      1.05     1.029    1.0096
   0.96648   0.63193
    9    0 7.2912000000000D+03 2.9170000000000D+02
   10    0 7.2912000000000D+03 1.5800000000000D+01
*---+----+-------------------+-------------------+---------+---------------------
*   1: printout of the result at time [hours]
*---+----+-------------------+-------------------+---------+---------------------
    1    0 7.9286000000000D+03
*---+----+-------------------+-------------------+---------+---------------------
    2    1 7.9286000000000D+03 2.3365200000000D+01
   0.79113    1.0094    1.0257    1.0356    1.0501    1.0665    1.0838     1.102
    1.0941   0.74166
    3    1 7.9286000000000D+03 1.1719984320000D+13
   0.79113    1.0094    1.0257    1.0356    1.0501    1.0665    1.0838     1.102
    1.0941   0.74166
    9    0 7.9286000000000D+03 2.8320000000000D+02
   10    0 7.9286000000000D+03 1.5800000000000D+01
*---+----+-------------------+-------------------+---------+---------------------
*   1: printout of the result at time [hours]
*---+----+-------------------+-------------------+---------+---------------------
    1    0 7.9306000000000D+03
*---+----+-------------------+-------------------+---------+---------------------
    2    1 7.9306000000000D+03 2.2722000000000D+01
   0.53288   0.80143   0.94578    1.0625    1.1557    1.2203    1.2523    1.2257
     1.116   0.68753
    3    1 7.9306000000000D+03 1.2490283400000D+13
   0.53288   0.80143   0.94578    1.0625    1.1557    1.2203    1.2523    1.2257
     1.116   0.68753
    9    0 7.9306000000000D+03 2.9170000000000D+02
   10    0 7.9306000000000D+03 1.5800000000000D+01
*---+----+-------------------+-------------------+---------+---------------------
*   1: printout of the result at time [hours]
*---+----+-------------------+-------------------+---------+---------------------
    1    0 8.0736000000000D+03
*---+----+-------------------+-------------------+---------+---------------------
    2    1 8.0736000000000D+03 2.2574500000000D+01
    0.7069   0.98439    1.0683    1.1106    1.1322    1.1492    1.1282    1.0927
   0.99874   0.62872
    3    1 8.0736000000000D+03 1.2393400500000D+13
    0.7069   0.98439    1.0683    1.1106    1.1322    1.1492    1.1282    1.0927
   0.99874   0.62872
    9    0 8.0736000000000D+03 2.9170000000000D+02
   10    0 8.0736000000000D+03 1.5800000000000D+01
*---+----+-------------------+-------------------+---------+---------------------
*   1: printout of the result at time [hours]
*---+----+-------------------+-------------------+---------+---------------------
    1    0 1.2969600000000D+04
*---+----+-------------------+-------------------+---------+---------------------
    2    1 1.2969600000000D+04 2.1751100000000D+01
   0.86648    1.1127    1.1361    1.1121    1.0888    1.0658    1.0428    1.0125
   0.94064   0.62208
    3    1 1.2969600000000D+04 1.2217592870000D+13
   0.86648    1.1127    1.1361    1.1121    1.0888    1.0658    1.0428    1.0125
   0.94064   0.62208
    9    0 1.2969600000000D+04 2.9170000000000D+02
   10    0 1.2969600000000D+04 1.5800000000000D+01
*---+----+-------------------+-------------------+---------+---------------------
*   1: printout of the result at time [hours]
*---+----+-------------------+-------------------+---------+---------------------
    1    0 1.5621600000000D+04
*---+----+-------------------+-------------------+---------+---------------------
    2    1 1.5621600000000D+04 2.1309600000000D+01
   0.87951    1.0614     1.048    1.0331    1.0294    1.0345    1.0471    1.0651
    1.0574   0.74445
    3    1 1.5621600000000D+04 1.2039924000000D+13
   0.87951    1.0614     1.048    1.0331    1.0294    1.0345    1.0471    1.0651
    1.0574   0.74445
    9    0 1.5621600000000D+04 2.9170000000000D+02
   10    0 1.5621600000000D+04 1.5800000000000D+01
*---+----+-------------------+-------------------+---------+---------------------
*   1: printout of the result at time [hours]
*---+----+-------------------+-------------------+---------+---------------------
    1    0 1.6407800000000D+04
*---+----+-------------------+-------------------+---------+---------------------
    2    1 1.6407800000000D+04 1.9941600000000D+01
   0.77286   0.92901   0.93809    0.9589   0.99491    1.0409    1.0963    1.1616
    1.2176    0.8898
    3    1 1.6407800000000D+04 1.0957909200000D+13
   0.77286   0.92901   0.93809    0.9589   0.99491    1.0409    1.0963    1.1616
    1.2176    0.8898
    9    0 1.6407800000000D+04 2.8120000000000D+02
   10    0 1.6407800000000D+04 1.5800000000000D+01
*---+----+-------------------+-------------------+---------+---------------------
*   1: printout of the result at time [hours]
*---+----+-------------------+-------------------+---------+---------------------
    1    0 1.6409800000000D+04
*---+----+-------------------+-------------------+---------+---------------------
    2    1 1.6409800000000D+04 1.7889400000000D+01
   0.43557   0.60634   0.72054   0.85095   0.99131    1.1323    1.2647    1.3781
    1.4548    1.1653
    3    1 1.6409800000000D+04 1.0724695300000D+13
   0.43557   0.60634   0.72054   0.85095   0.99131    1.1323    1.2647    1.3781
    1.4548    1.1653
    9    0 1.6409800000000D+04 2.9170000000000D+02
   10    0 1.6409800000000D+04 1.5800000000000D+01
*---+----+-------------------+-------------------+---------+---------------------
*   1: printout of the result at time [hours]
*---+----+-------------------+-------------------+---------+---------------------
    1    0 1.6552800000000D+04
*---+----+-------------------+-------------------+---------+---------------------
    2    1 1.6552800000000D+04 1.8067800000000D+01
   0.63998   0.82522   0.89242   0.95734    1.0226    1.0862    1.1468    1.2016
    1.2345   0.99315
    3    1 1.6552800000000D+04 1.0837066440000D+13
   0.63998   0.82522   0.89242   0.95734    1.0226    1.0862    1.1468    1.2016
    1.2345   0.99315
    9    0 1.6552800000000D+04 2.9170000000000D+02
   10    0 1.6552800000000D+04 1.5800000000000D+01
*---+----+-------------------+-------------------+---------+---------------------
*   1: printout of the result at time [hours]
*---+----+-------------------+-------------------+---------+---------------------
    1    0 2.1808800000000D+04
*---+----+-------------------+-------------------+---------+---------------------
    2    1 2.1808800000000D+04 1.8295200000000D+01
     0.901    1.0667    1.0614    1.0501    1.0391    1.0296    1.0223    1.0174
       1.0   0.81251
    3    1 2.1808800000000D+04 1.1081402640000D+13
     0.901    1.0667    1.0614    1.0501    1.0391    1.0296    1.0223    1.0174
       1.0   0.81251
    9    0 2.1808800000000D+04 2.9170000000000D+02
   10    0 2.1808800000000D+04 1.5800000000000D+01
*---+----+-------------------+-------------------+---------+---------------------
*   1: printout of the result at time [hours]
*---+----+-------------------+-------------------+---------+---------------------
    1    0 2.3690400000000D+04
*---+----+-------------------+-------------------+---------+---------------------
    2    1 2.3690400000000D+04 1.8144100000000D+01
   0.90255    1.0293     1.015    1.0064    1.0058    1.0104    1.0209    1.0406
    1.0734   0.89566
    3    1 2.3690400000000D+04 1.0986252550000D+13
   0.90255    1.0293     1.015    1.0064    1.0058    1.0104    1.0209    1.0406
    1.0734   0.89566
    9    0 2.3690400000000D+04 2.9170000000000D+02
   10    0 2.3690400000000D+04 1.5800000000000D+01
*---+----+-------------------+-------------------+---------+---------------------
*   1: printout of the result at time [hours]
*---+----+-------------------+-------------------+---------+---------------------
    1    0 2.4426200000000D+04
*---+----+-------------------+-------------------+---------+---------------------
    2    1 2.4426200000000D+04 1.6754000000000D+01
   0.79474   0.90349   0.90981   0.93375   0.97057    1.0149    1.0673     1.133
    1.2074    1.0651
    3    1 2.4426200000000D+04 9.8412996000000D+12
   0.79474   0.90349   0.90981   0.93375   0.97057    1.0149    1.0673     1.133
    1.2074    1.0651
    9    0 2.4426200000000D+04 2.8110000000000D+02
   10    0 2.4426200000000D+04 1.5800000000000D+01
*---+----+-------------------+-------------------+---------+---------------------
*   1: printout of the result at time [hours]
*---+----+-------------------+-------------------+---------+---------------------
    1    0 2.4428200000000D+04
*---+----+-------------------+-------------------+---------+---------------------
    2    1 2.4428200000000D+04 1.4649700000000D+01
   0.45523    0.6878   0.83858   0.97674    1.1049    1.2154    1.2963    1.3368
    1.2549    0.8334
    3    1 2.4428200000000D+04 9.6263178700000D+12
   0.45523    0.6878   0.83858   0.97674    1.1049    1.2154    1.2963    1.3368
    1.2549    0.8334
    9    0 2.4428200000000D+04 2.9170000000000D+02
   10    0 2.4428200000000D+04 1.5800000000000D+01
*---+----+-------------------+-------------------+---------+---------------------
*   1: printout of the result at time [hours]
*---+----+-------------------+-------------------+---------+---------------------
    1    0 2.4571200000000D+04
*---+----+-------------------+-------------------+---------+---------------------
    2    1 2.4571200000000D+04 1.4785500000000D+01
   0.64719   0.89994   0.99814    1.0603    1.1068    1.1415    1.1628    1.1605
    1.0896   0.73315
    3    1 2.4571200000000D+04 9.6697170000000D+12
   0.64719   0.89994   0.99814    1.0603    1.1068    1.1415    1.1628    1.1605
    1.0896   0.73315
    9    0 2.4571200000000D+04 2.9170000000000D+02
   10    0 2.4571200000000D+04 1.5800000000000D+01
*---+----+-------------------+-------------------+---------+---------------------
*   1: printout of the result at time [hours]
*---+----+-------------------+-------------------+---------+---------------------
    1    0 2.8027200000000D+04
*---+----+-------------------+-------------------+---------+---------------------
    2    1 2.8027200000000D+04 1.4504600000000D+01
   0.85083    1.0459    1.0664    1.0548    1.0505    1.0492    1.0514    1.0542
    1.0268   0.74997
    3    1 2.8027200000000D+04 9.3801248200000D+12
   0.85083    1.0459    1.0664    1.0548    1.0505    1.0492    1.0514    1.0542
    1.0268   0.74997
    9    0 2.8027200000000D+04 2.9170000000000D+02
   10    0 2.8027200000000D+04 1.5800000000000D+01
*---+----+-------------------+-------------------+---------+---------------------
*   1: printout of the result at time [hours]
*---+----+-------------------+-------------------+---------+---------------------
    1    0 3.0187200000000D+04
*---+----+-------------------+-------------------+---------+---------------------
    2    1 3.0187200000000D+04 1.4206400000000D+01
   0.90494    1.0656    1.0571    1.0459    1.0383    1.0334    1.0318    1.0338
    1.0176   0.77148
    3    1 3.0187200000000D+04 9.1446596800000D+12
   0.90494    1.0656    1.0571    1.0459    1.0383    1.0334    1.0318    1.0338
    1.0176   0.77148
    9    0 3.0187200000000D+04 2.9170000000000D+02
   10    0 3.0187200000000D+04 1.5800000000000D+01
*---+----+-------------------+-------------------+---------+---------------------
*   1: printout of the result at time [hours]
*---+----+-------------------+-------------------+---------+---------------------
    1    0 3.1490400000000D+04
*---+----+-------------------+-------------------+---------+---------------------
    2    1 3.1490400000000D+04 1.4346900000000D+01
   0.89615    1.0236    1.0123    1.0063    1.0092     1.017      1.03    1.0527
    1.0991   0.85356
    3    1 3.1490400000000D+04 9.1863200700000D+12
   0.89615    1.0236    1.0123    1.0063    1.0092     1.017      1.03    1.0527
    1.0991   0.85356
    9    0 3.1490400000000D+04 2.9170000000000D+02
   10    0 3.1490400000000D+04 1.5800000000000D+01
*---+----+-------------------+-------------------+---------+---------------------
*   1: printout of the result at time [hours]
*---+----+-------------------+-------------------+---------+---------------------
    1    0 3.1911800000000D+04
*---+----+-------------------+-------------------+---------+---------------------
    2    1 3.1911800000000D+04 1.3460700000000D+01
   0.81132    0.9293   0.93584   0.95634   0.98903     1.028    1.0726     1.128
    1.1852   0.96451
    3    1 3.1911800000000D+04 8.4815870700000D+12
   0.81132    0.9293   0.93584   0.95634   0.98903     1.028    1.0726     1.128
    1.1852   0.96451
    9    0 3.1911800000000D+04 2.8640000000000D+02
   10    0 3.1911800000000D+04 1.5800000000000D+01
*---+----+-------------------+-------------------+---------+---------------------
*   1: printout of the result at time [hours]
*---+----+-------------------+-------------------+---------+---------------------
    1    0 3.1913800000000D+04
*---+----+-------------------+-------------------+---------+---------------------
    2    1 3.1913800000000D+04 2.5788000000000D+00
   0.45447   0.66387   0.81433   0.95238    1.0811    1.1924     1.275    1.3177
    1.2537   0.99504
    3    1 3.1913800000000D+04 1.7427530400000D+12
   0.45447   0.66387   0.81433   0.95238    1.0811    1.1924     1.275    1.3177
    1.2537   0.99504
    9    0 3.1913800000000D+04 2.9170000000000D+02
   10    0 3.1913800000000D+04 1.5800000000000D+01
*---+----+-------------------+-------------------+---------+---------------------
*   1: printout of the result at time [hours]
*---+----+-------------------+-------------------+---------+---------------------
    1    0 3.2056800000000D+04
*---+----+-------------------+-------------------+---------+---------------------
    2    1 3.2056800000000D+04 2.7616000000000D+00
   0.63948   0.86037   0.96249    1.0306    1.0827    1.1236    1.1508    1.1537
    1.1033   0.89296
    3    1 3.2056800000000D+04 1.8317692800000D+12
   0.63948   0.86037   0.96249    1.0306    1.0827    1.1236    1.1508    1.1537
    1.1033   0.89296
    9    0 3.2056800000000D+04 2.9170000000000D+02
   10    0 3.2056800000000D+04 1.5800000000000D+01
*---+----+-------------------+-------------------+---------+---------------------
*   1: printout of the result at time [hours]
*---+----+-------------------+-------------------+---------+---------------------
    1    0 3.5512800000000D+04
*---+----+-------------------+-------------------+---------+---------------------
    2    1 3.5512800000000D+04 3.1291000000000D+00
   0.81621   0.99038    1.0191    1.0265    1.0322    1.0406    1.0514     1.062
    1.0537   0.90793
    3    1 3.5512800000000D+04 2.0035627300000D+12
   0.81621   0.99038    1.0191    1.0265    1.0322    1.0406    1.0514     1.062
    1.0537   0.90793
    9    0 3.5512800000000D+04 2.9170000000000D+02
   10    0 3.5512800000000D+04 1.5800000000000D+01
*---+----+-------------------+-------------------+---------+---------------------
*   1: printout of the result at time [hours]
*---+----+-------------------+-------------------+---------+---------------------
    1    0 3.7312800000000D+04
*---+----+-------------------+-------------------+---------+---------------------
    2    1 3.7312800000000D+04 3.2907000000000D+00
   0.85939    1.0077    1.0208    1.0211     1.022    1.0256    1.0323     1.042
    1.0493   0.91987
    3    1 3.7312800000000D+04 2.0754444900000D+12
   0.85939    1.0077    1.0208    1.0211     1.022    1.0256    1.0323     1.042
    1.0493   0.91987
    9    0 3.7312800000000D+04 2.9170000000000D+02
   10    0 3.7312800000000D+04 1.5800000000000D+01
*---+----+-------------------+-------------------+---------+---------------------
*   1: printout of the result at time [hours]
*---+----+-------------------+-------------------+---------+---------------------
    1    0 3.9067200000000D+04
*---+----+-------------------+-------------------+---------+---------------------
    2    1 3.9067200000000D+04 3.5873000000000D+00
   0.84688   0.95866   0.95977   0.96591   0.98208    1.0049    1.0353    1.0769
    1.1276     1.042
    3    1 3.9067200000000D+04 2.2252021900000D+12
   0.84688   0.95866   0.95977   0.96591   0.98208    1.0049    1.0353    1.0769
    1.1276     1.042
    9    0 3.9067200000000D+04 2.9170000000000D+02
   10    0 3.9067200000000D+04 1.5800000000000D+01
*---+----+-------------------+-------------------+---------+---------------------
*   1: printout of the result at time [hours]
*---+----+-------------------+-------------------+---------+---------------------
    1    0 4.0010400000000D+04
*---+----+-------------------+-------------------+---------+---------------------
    2    1 4.0010400000000D+04 3.1255000000000D+00
   0.73268   0.82483   0.84243   0.87954   0.93329   0.99856     1.076     1.172
    1.2891    1.2516
    3    1 4.0010400000000D+04 1.8846765000000D+12
   0.73268   0.82483   0.84243   0.87954   0.93329   0.99856     1.076     1.172
    1.2891    1.2516
    9    0 4.0010400000000D+04 2.8120000000000D+02
   10    0 4.0010400000000D+04 1.5800000000000D+01
* data point #2237 end
*  00:  last line of data set (finishing the program)
*---+----+-------------------+-------------------+---------+---------------------
00000    0 4.0010400000000D+04
*---+----+-------------------+-------------------+---------+---------------------
