* data point #2852 begin
*
*---+----+-------------------+-------------------+---------+---------------------
*   1: printout of the result at time [hours]
*---+----+-------------------+-------------------+---------+---------------------
    1    0 0.0000000000000D+00
*---+----+-------------------+-------------------+---------+---------------------
    2    1 0.0000000000000D+00 2.6013900000000D+01
   0.59345    0.8675    1.0154    1.1143    1.1803    1.2149    1.2105    1.1605
    1.0189    0.6242
    3    1 0.0000000000000D+00 1.1334256230000D+13
   0.59345    0.8675    1.0154    1.1143    1.1803    1.2149    1.2105    1.1605
    1.0189    0.6242
    9    0 0.0000000000000D+00 2.9170000000000D+02
   10    0 0.0000000000000D+00 1.5800000000000D+01
*---+----+-------------------+-------------------+---------+---------------------
*   1: printout of the result at time [hours]
*---+----+-------------------+-------------------+---------+---------------------
    1    0 1.4400000000000D+02
*---+----+-------------------+-------------------+---------+---------------------
    2    1 1.4400000000000D+02 2.6470100000000D+01
   0.75455    1.0183    1.1034    1.1335    1.1412    1.1334    1.1102    1.0626
   0.94586   0.59705
    3    1 1.4400000000000D+02 1.1604491840000D+13
   0.75455    1.0183    1.1034    1.1335    1.1412    1.1334    1.1102    1.0626
   0.94586   0.59705
    9    0 1.4400000000000D+02 2.9170000000000D+02
   10    0 1.4400000000000D+02 1.5800000000000D+01
*---+----+-------------------+-------------------+---------+---------------------
*   1: printout of the result at time [hours]
*---+----+-------------------+-------------------+---------+---------------------
    1    0 3.2400000000000D+03
*---+----+-------------------+-------------------+---------+---------------------
    2    1 3.2400000000000D+03 2.6660500000000D+01
   0.86097    1.1057    1.1209     1.101    1.0798    1.0615    1.0458    1.0269
   0.96232   0.63498
    3    1 3.2400000000000D+03 1.2101200950000D+13
   0.86097    1.1057    1.1209     1.101    1.0798    1.0615    1.0458    1.0269
   0.96232   0.63498
    9    0 3.2400000000000D+03 2.9170000000000D+02
   10    0 3.2400000000000D+03 1.5800000000000D+01
*---+----+-------------------+-------------------+---------+---------------------
*   1: printout of the result at time [hours]
*---+----+-------------------+-------------------+---------+---------------------
    1    0 5.8800000000000D+03
*---+----+-------------------+-------------------+---------+---------------------
    2    1 5.8800000000000D+03 2.6922400000000D+01
   0.87637     1.148    1.1323    1.0977    1.0676    1.0426    1.0233     1.009
   0.96455    0.6385
    3    1 5.8800000000000D+03 1.2475840160000D+13
   0.87637     1.148    1.1323    1.0977    1.0676    1.0426    1.0233     1.009
   0.96455    0.6385
    9    0 5.8800000000000D+03 2.9170000000000D+02
   10    0 5.8800000000000D+03 1.5800000000000D+01
*---+----+-------------------+-------------------+---------+---------------------
*   1: printout of the result at time [hours]
*---+----+-------------------+-------------------+---------+---------------------
    1    0 6.7656000000000D+03
*---+----+-------------------+-------------------+---------+---------------------
    2    1 6.7656000000000D+03 2.6664000000000D+01
   0.88415    1.1354    1.1068    1.0747    1.0513    1.0341    1.0231    1.0209
   0.99921   0.67038
    3    1 6.7656000000000D+03 1.2444088800000D+13
   0.88415    1.1354    1.1068    1.0747    1.0513    1.0341    1.0231    1.0209
   0.99921   0.67038
    9    0 6.7656000000000D+03 2.9170000000000D+02
   10    0 6.7656000000000D+03 1.5800000000000D+01
*---+----+-------------------+-------------------+---------+---------------------
*   1: printout of the result at time [hours]
*---+----+-------------------+-------------------+---------+---------------------
    1    0 7.8446000000000D+03
*---+----+-------------------+-------------------+---------+---------------------
    2    1 7.8446000000000D+03 2.3621800000000D+01
    0.7416   0.94506   0.95353   0.97368    1.0078    1.0495    1.0984    1.1601
    1.2193   0.85095
    3    1 7.8446000000000D+03 1.0714848480000D+13
    0.7416   0.94506   0.95353   0.97368    1.0078    1.0495    1.0984    1.1601
    1.2193   0.85095
    9    0 7.8446000000000D+03 2.7920000000000D+02
   10    0 7.8446000000000D+03 1.5800000000000D+01
*---+----+-------------------+-------------------+---------+---------------------
*   1: printout of the result at time [hours]
*---+----+-------------------+-------------------+---------+---------------------
    1    0 7.8466000000000D+03
*---+----+-------------------+-------------------+---------+---------------------
    2    1 7.8466000000000D+03 1.7147200000000D+01
   0.51775   0.82929   0.98902    1.1102    1.1989    1.2499    1.2543    1.1962
    1.0319   0.62261
    3    1 7.8466000000000D+03 8.6541918400000D+12
   0.51775   0.82929   0.98902    1.1102    1.1989    1.2499    1.2543    1.1962
    1.0319   0.62261
    9    0 7.8466000000000D+03 2.9170000000000D+02
   10    0 7.8466000000000D+03 1.5800000000000D+01
*---+----+-------------------+-------------------+---------+---------------------
*   1: printout of the result at time [hours]
*---+----+-------------------+-------------------+---------+---------------------
    1    0 7.9896000000000D+03
*---+----+-------------------+-------------------+---------+---------------------
    2    1 7.9896000000000D+03 1.7612900000000D+01
   0.66525   0.98382    1.0836    1.1343    1.1602    1.1659    1.1486    1.0955
   0.96202   0.60075
    3    1 7.9896000000000D+03 8.8786628900000D+12
   0.66525   0.98382    1.0836    1.1343    1.1602    1.1659    1.1486    1.0955
   0.96202   0.60075
    9    0 7.9896000000000D+03 2.9170000000000D+02
   10    0 7.9896000000000D+03 1.5800000000000D+01
*---+----+-------------------+-------------------+---------+---------------------
*   1: printout of the result at time [hours]
*---+----+-------------------+-------------------+---------+---------------------
    1    0 1.1445600000000D+04
*---+----+-------------------+-------------------+---------+---------------------
    2    1 1.1445600000000D+04 1.7813200000000D+01
   0.81866    1.0757    1.0891    1.0788    1.0692    1.0631    1.0598    1.0525
   0.99948   0.69364
    3    1 1.1445600000000D+04 9.0491056000000D+12
   0.81866    1.0757    1.0891    1.0788    1.0692    1.0631    1.0598    1.0525
   0.99948   0.69364
    9    0 1.1445600000000D+04 2.9170000000000D+02
   10    0 1.1445600000000D+04 1.5800000000000D+01
*---+----+-------------------+-------------------+---------+---------------------
*   1: printout of the result at time [hours]
*---+----+-------------------+-------------------+---------+---------------------
    1    0 1.3605600000000D+04
*---+----+-------------------+-------------------+---------+---------------------
    2    1 1.3605600000000D+04 1.7924200000000D+01
    0.8729    1.1038    1.0912    1.0683    1.0509    1.0389    1.0322    1.0287
   0.99447   0.71869
    3    1 1.3605600000000D+04 9.1825676600000D+12
    0.8729    1.1038    1.0912    1.0683    1.0509    1.0389    1.0322    1.0287
   0.99447   0.71869
    9    0 1.3605600000000D+04 2.9170000000000D+02
   10    0 1.3605600000000D+04 1.5800000000000D+01
*---+----+-------------------+-------------------+---------+---------------------
*   1: printout of the result at time [hours]
*---+----+-------------------+-------------------+---------+---------------------
    1    0 1.4834400000000D+04
*---+----+-------------------+-------------------+---------+---------------------
    2    1 1.4834400000000D+04 1.8003900000000D+01
   0.87553    1.0751    1.0514    1.0309     1.021    1.0191    1.0264    1.0467
    1.0572   0.79655
    3    1 1.4834400000000D+04 9.2522042100000D+12
   0.87553    1.0751    1.0514    1.0309     1.021    1.0191    1.0264    1.0467
    1.0572   0.79655
    9    0 1.4834400000000D+04 2.9170000000000D+02
   10    0 1.4834400000000D+04 1.5800000000000D+01
*---+----+-------------------+-------------------+---------+---------------------
*   1: printout of the result at time [hours]
*---+----+-------------------+-------------------+---------+---------------------
    1    0 1.6328600000000D+04
*---+----+-------------------+-------------------+---------+---------------------
    2    1 1.6328600000000D+04 1.5289800000000D+01
   0.72637   0.87712   0.88667   0.91662   0.96358     1.021    1.0909     1.183
    1.2958    1.0389
    3    1 1.6328600000000D+04 7.5577481400000D+12
   0.72637   0.87712   0.88667   0.91662   0.96358     1.021    1.0909     1.183
    1.2958    1.0389
    9    0 1.6328600000000D+04 2.7520000000000D+02
   10    0 1.6328600000000D+04 1.5800000000000D+01
*---+----+-------------------+-------------------+---------+---------------------
*   1: printout of the result at time [hours]
*---+----+-------------------+-------------------+---------+---------------------
    1    0 1.6330600000000D+04
*---+----+-------------------+-------------------+---------+---------------------
    2    1 1.6330600000000D+04 2.3673700000000D+01
   0.68933   0.96504    1.0583    1.1122    1.1438    1.1517    1.1348    1.0899
   0.98852   0.66644
    3    1 1.6330600000000D+04 1.2916370720000D+13
   0.68933   0.96504    1.0583    1.1122    1.1438    1.1517    1.1348    1.0899
   0.98852   0.66644
    9    0 1.6330600000000D+04 2.9170000000000D+02
   10    0 1.6330600000000D+04 1.5800000000000D+01
*---+----+-------------------+-------------------+---------+---------------------
*   1: printout of the result at time [hours]
*---+----+-------------------+-------------------+---------+---------------------
    1    0 1.6473600000000D+04
*---+----+-------------------+-------------------+---------+---------------------
    2    1 1.6473600000000D+04 2.3056300000000D+01
    0.8082    1.0694    1.1133    1.1187    1.1109    1.0931    1.0657    1.0251
   0.94252   0.65314
    3    1 1.6473600000000D+04 1.2526487790000D+13
    0.8082    1.0694    1.1133    1.1187    1.1109    1.0931    1.0657    1.0251
   0.94252   0.65314
    9    0 1.6473600000000D+04 2.9170000000000D+02
   10    0 1.6473600000000D+04 1.5800000000000D+01
*---+----+-------------------+-------------------+---------+---------------------
*   1: printout of the result at time [hours]
*---+----+-------------------+-------------------+---------+---------------------
    1    0 1.7769600000000D+04
*---+----+-------------------+-------------------+---------+---------------------
    2    1 1.7769600000000D+04 2.2678100000000D+01
   0.84394    1.0694    1.0889    1.0847    1.0777    1.0683    1.0556    1.0351
   0.97654   0.69975
    3    1 1.7769600000000D+04 1.2398117270000D+13
   0.84394    1.0694    1.0889    1.0847    1.0777    1.0683    1.0556    1.0351
   0.97654   0.69975
    9    0 1.7769600000000D+04 2.9170000000000D+02
   10    0 1.7769600000000D+04 1.5800000000000D+01
*---+----+-------------------+-------------------+---------+---------------------
*   1: printout of the result at time [hours]
*---+----+-------------------+-------------------+---------+---------------------
    1    0 1.9375200000000D+04
*---+----+-------------------+-------------------+---------+---------------------
    2    1 1.9375200000000D+04 2.2141700000000D+01
   0.86181    1.0464     1.048    1.0395    1.0356    1.0356    1.0404    1.0509
     1.045   0.79678
    3    1 1.9375200000000D+04 1.2158007470000D+13
   0.86181    1.0464     1.048    1.0395    1.0356    1.0356    1.0404    1.0509
     1.045   0.79678
    9    0 1.9375200000000D+04 2.9170000000000D+02
   10    0 1.9375200000000D+04 1.5800000000000D+01
*---+----+-------------------+-------------------+---------+---------------------
*   1: printout of the result at time [hours]
*---+----+-------------------+-------------------+---------+---------------------
    1    0 2.1230400000000D+04
*---+----+-------------------+-------------------+---------+---------------------
    2    1 2.1230400000000D+04 1.7615700000000D+01
   0.69438   0.83465   0.86321   0.90578   0.96317    1.0306    1.1091    1.2043
    1.3133    1.0816
    3    1 2.1230400000000D+04 9.2500040700000D+12
   0.69438   0.83465   0.86321   0.90578   0.96317    1.0306    1.1091    1.2043
    1.3133    1.0816
    9    0 2.1230400000000D+04 2.7330000000000D+02
   10    0 2.1230400000000D+04 1.5800000000000D+01
*---+----+-------------------+-------------------+---------+---------------------
*   1: printout of the result at time [hours]
*---+----+-------------------+-------------------+---------+---------------------
    1    0 2.1234200000000D+04
*---+----+-------------------+-------------------+---------+---------------------
    2    1 2.1234200000000D+04 1.0892900000000D+01
   0.53943   0.67466   0.73406    0.8142   0.91638     1.037    1.1768    1.3391
    1.4973     1.271
    3    1 2.1234200000000D+04 5.7078796000000D+12
   0.53943   0.67466   0.73406    0.8142   0.91638     1.037    1.1768    1.3391
    1.4973     1.271
    9    0 2.1234200000000D+04 2.8340000000000D+02
   10    0 2.1234200000000D+04 1.5800000000000D+01
*---+----+-------------------+-------------------+---------+---------------------
*   1: printout of the result at time [hours]
*---+----+-------------------+-------------------+---------+---------------------
    1    0 2.1236200000000D+04
*---+----+-------------------+-------------------+---------+---------------------
    2    1 2.1236200000000D+04 1.5432100000000D+01
   0.74676    1.0073     1.097    1.1394    1.1628    1.1376    1.1037    1.0486
   0.94802    0.6088
    3    1 2.1236200000000D+04 8.8533957700000D+12
   0.74676    1.0073     1.097    1.1394    1.1628    1.1376    1.1037    1.0486
   0.94802    0.6088
    9    0 2.1236200000000D+04 2.9170000000000D+02
   10    0 2.1236200000000D+04 1.5800000000000D+01
*---+----+-------------------+-------------------+---------+---------------------
*   1: printout of the result at time [hours]
*---+----+-------------------+-------------------+---------+---------------------
    1    0 2.1379200000000D+04
*---+----+-------------------+-------------------+---------+---------------------
    2    1 2.1379200000000D+04 1.5910000000000D+01
   0.84934    1.0862    1.1294    1.1316    1.1157    1.0887    1.0537    1.0084
   0.92634   0.61069
    3    1 2.1379200000000D+04 9.0766550000000D+12
   0.84934    1.0862    1.1294    1.1316    1.1157    1.0887    1.0537    1.0084
   0.92634   0.61069
    9    0 2.1379200000000D+04 2.9170000000000D+02
   10    0 2.1379200000000D+04 1.5800000000000D+01
*---+----+-------------------+-------------------+---------+---------------------
*   1: printout of the result at time [hours]
*---+----+-------------------+-------------------+---------+---------------------
    1    0 2.2795200000000D+04
*---+----+-------------------+-------------------+---------+---------------------
    2    1 2.2795200000000D+04 1.6259900000000D+01
   0.85855     1.051    1.0713    1.0721    1.0686     1.063    1.0562    1.0464
    1.0108   0.70203
    3    1 2.2795200000000D+04 9.2616390400000D+12
   0.85855     1.051    1.0713    1.0721    1.0686     1.063    1.0562    1.0464
    1.0108   0.70203
    9    0 2.2795200000000D+04 2.9170000000000D+02
   10    0 2.2795200000000D+04 1.5800000000000D+01
*---+----+-------------------+-------------------+---------+---------------------
*   1: printout of the result at time [hours]
*---+----+-------------------+-------------------+---------+---------------------
    1    0 2.3620800000000D+04
*---+----+-------------------+-------------------+---------+---------------------
    2    1 2.3620800000000D+04 1.6415100000000D+01
   0.87694    1.0473    1.0545    1.0501    1.0464     1.044    1.0442    1.0481
    1.0393   0.74913
    3    1 2.3620800000000D+04 9.3254183100000D+12
   0.87694    1.0473    1.0545    1.0501    1.0464     1.044    1.0442    1.0481
    1.0393   0.74913
    9    0 2.3620800000000D+04 2.9170000000000D+02
   10    0 2.3620800000000D+04 1.5800000000000D+01
*---+----+-------------------+-------------------+---------+---------------------
*   1: printout of the result at time [hours]
*---+----+-------------------+-------------------+---------+---------------------
    1    0 2.4258200000000D+04
*---+----+-------------------+-------------------+---------+---------------------
    2    1 2.4258200000000D+04 1.5642700000000D+01
   0.78823   0.93833   0.96122   0.98634    1.0174    1.0516    1.0888    1.1306
    1.1708   0.86679
    3    1 2.4258200000000D+04 8.7020340100000D+12
   0.78823   0.93833   0.96122   0.98634    1.0174    1.0516    1.0888    1.1306
    1.1708   0.86679
    9    0 2.4258200000000D+04 2.8320000000000D+02
   10    0 2.4258200000000D+04 1.5800000000000D+01
*---+----+-------------------+-------------------+---------+---------------------
*   1: printout of the result at time [hours]
*---+----+-------------------+-------------------+---------+---------------------
    1    0 2.4260200000000D+04
*---+----+-------------------+-------------------+---------+---------------------
    2    1 2.4260200000000D+04 1.0951800000000D+01
   0.45426   0.69678   0.84945   0.98157    1.1013    1.2048    1.2814    1.3171
    1.2353   0.87794
    3    1 2.4260200000000D+04 6.6696462000000D+12
   0.45426   0.69678   0.84945   0.98157    1.1013    1.2048    1.2814    1.3171
    1.2353   0.87794
    9    0 2.4260200000000D+04 2.9170000000000D+02
   10    0 2.4260200000000D+04 1.5800000000000D+01
*---+----+-------------------+-------------------+---------+---------------------
*   1: printout of the result at time [hours]
*---+----+-------------------+-------------------+---------+---------------------
    1    0 2.4403200000000D+04
*---+----+-------------------+-------------------+---------+---------------------
    2    1 2.4403200000000D+04 1.1095200000000D+01
   0.63793   0.89723   0.99683    1.0548    1.0969    1.1299    1.1526    1.1526
    1.0881   0.79314
    3    1 2.4403200000000D+04 6.6981722400000D+12
   0.63793   0.89723   0.99683    1.0548    1.0969    1.1299    1.1526    1.1526
    1.0881   0.79314
    9    0 2.4403200000000D+04 2.9170000000000D+02
   10    0 2.4403200000000D+04 1.5800000000000D+01
*---+----+-------------------+-------------------+---------+---------------------
*   1: printout of the result at time [hours]
*---+----+-------------------+-------------------+---------+---------------------
    1    0 2.9659200000000D+04
*---+----+-------------------+-------------------+---------+---------------------
    2    1 2.9659200000000D+04 1.1065400000000D+01
   0.85654    1.0374    1.0484    1.0441    1.0402    1.0386      1.04    1.0425
    1.0258   0.82645
    3    1 2.9659200000000D+04 6.5418644800000D+12
   0.85654    1.0374    1.0484    1.0441    1.0402    1.0386      1.04    1.0425
    1.0258   0.82645
    9    0 2.9659200000000D+04 2.9170000000000D+02
   10    0 2.9659200000000D+04 1.5800000000000D+01
*---+----+-------------------+-------------------+---------+---------------------
*   1: printout of the result at time [hours]
*---+----+-------------------+-------------------+---------+---------------------
    1    0 3.1540800000000D+04
*---+----+-------------------+-------------------+---------+---------------------
    2    1 3.1540800000000D+04 1.1357700000000D+01
   0.85827   0.99791    0.9943   0.99272    1.0001    1.0141    1.0353    1.0672
    1.1071   0.93294
    3    1 3.1540800000000D+04 6.6487975800000D+12
   0.85827   0.99791    0.9943   0.99272    1.0001    1.0141    1.0353    1.0672
    1.1071   0.93294
    9    0 3.1540800000000D+04 2.9170000000000D+02
   10    0 3.1540800000000D+04 1.5800000000000D+01
*---+----+-------------------+-------------------+---------+---------------------
*   1: printout of the result at time [hours]
*---+----+-------------------+-------------------+---------+---------------------
    1    0 3.2276600000000D+04
*---+----+-------------------+-------------------+---------+---------------------
    2    1 3.2276600000000D+04 1.0777700000000D+01
   0.76835   0.88878   0.90056   0.92682   0.96718    1.0165    1.0749     1.148
    1.2273    1.0817
    3    1 3.2276600000000D+04 6.1529889300000D+12
   0.76835   0.88878   0.90056   0.92682   0.96718    1.0165    1.0749     1.148
    1.2273    1.0817
    9    0 3.2276600000000D+04 2.8110000000000D+02
   10    0 3.2276600000000D+04 1.5800000000000D+01
*---+----+-------------------+-------------------+---------+---------------------
*   1: printout of the result at time [hours]
*---+----+-------------------+-------------------+---------+---------------------
    1    0 3.2278600000000D+04
*---+----+-------------------+-------------------+---------+---------------------
    2    1 3.2278600000000D+04 9.6368000000000D+00
   0.46271   0.69058   0.84333   0.98113    1.1068     1.213    1.2871    1.3186
    1.2425   0.85423
    3    1 3.2278600000000D+04 6.2301912000000D+12
   0.46271   0.69058   0.84333   0.98113    1.1068     1.213    1.2871    1.3186
    1.2425   0.85423
    9    0 3.2278600000000D+04 2.9170000000000D+02
   10    0 3.2278600000000D+04 1.5800000000000D+01
*---+----+-------------------+-------------------+---------+---------------------
*   1: printout of the result at time [hours]
*---+----+-------------------+-------------------+---------+---------------------
    1    0 3.2421600000000D+04
*---+----+-------------------+-------------------+---------+---------------------
    2    1 3.2421600000000D+04 9.8973000000000D+00
   0.65301   0.89469   0.99492     1.058    1.1039    1.1373    1.1601    1.1495
    1.0869   0.76172
    3    1 3.2421600000000D+04 6.3303130800000D+12
   0.65301   0.89469   0.99492     1.058    1.1039    1.1373    1.1601    1.1495
    1.0869   0.76172
    9    0 3.2421600000000D+04 2.9170000000000D+02
   10    0 3.2421600000000D+04 1.5800000000000D+01
*---+----+-------------------+-------------------+---------+---------------------
*   1: printout of the result at time [hours]
*---+----+-------------------+-------------------+---------+---------------------
    1    0 3.5877600000000D+04
*---+----+-------------------+-------------------+---------+---------------------
    2    1 3.5877600000000D+04 1.0162900000000D+01
   0.84346    1.0304    1.0506    1.0501    1.0482    1.0485    1.0514    1.0607
    1.0356   0.78098
    3    1 3.5877600000000D+04 6.3772197500000D+12
   0.84346    1.0304    1.0506    1.0501    1.0482    1.0485    1.0514    1.0607
    1.0356   0.78098
    9    0 3.5877600000000D+04 2.9170000000000D+02
   10    0 3.5877600000000D+04 1.5800000000000D+01
*---+----+-------------------+-------------------+---------+---------------------
*   1: printout of the result at time [hours]
*---+----+-------------------+-------------------+---------+---------------------
    1    0 3.7677600000000D+04
*---+----+-------------------+-------------------+---------+---------------------
    2    1 3.7677600000000D+04 1.0168700000000D+01
   0.89067    1.0472    1.0514    1.0442    1.0381    1.0344    1.0338    1.0362
    1.0273   0.79676
    3    1 3.7677600000000D+04 6.3228976600000D+12
   0.89067    1.0472    1.0514    1.0442    1.0381    1.0344    1.0338    1.0362
    1.0273   0.79676
    9    0 3.7677600000000D+04 2.9170000000000D+02
   10    0 3.7677600000000D+04 1.5800000000000D+01
*---+----+-------------------+-------------------+---------+---------------------
*   1: printout of the result at time [hours]
*---+----+-------------------+-------------------+---------+---------------------
    1    0 3.9432000000000D+04
*---+----+-------------------+-------------------+---------+---------------------
    2    1 3.9432000000000D+04 1.0561800000000D+01
   0.88034   0.99784   0.99083   0.99008   0.99926     1.015    1.0371      1.07
    1.1116   0.90799
    3    1 3.9432000000000D+04 6.5018440800000D+12
   0.88034   0.99784   0.99083   0.99008   0.99926     1.015    1.0371      1.07
    1.1116   0.90799
    9    0 3.9432000000000D+04 2.9170000000000D+02
   10    0 3.9432000000000D+04 1.5800000000000D+01
*---+----+-------------------+-------------------+---------+---------------------
*   1: printout of the result at time [hours]
*---+----+-------------------+-------------------+---------+---------------------
    1    0 4.0375200000000D+04
*---+----+-------------------+-------------------+---------+---------------------
    2    1 4.0375200000000D+04 9.2432000000000D+00
   0.76023   0.85858   0.87167    0.9051   0.95465    1.0145    1.0851     1.173
    1.2799    1.0973
    3    1 4.0375200000000D+04 5.5274336000000D+12
   0.76023   0.85858   0.87167    0.9051   0.95465    1.0145    1.0851     1.173
    1.2799    1.0973
    9    0 4.0375200000000D+04 2.8120000000000D+02
   10    0 4.0375200000000D+04 1.5800000000000D+01
* data point #2852 end
*  00:  last line of data set (finishing the program)
*---+----+-------------------+-------------------+---------+---------------------
00000    0 4.0375200000000D+04
*---+----+-------------------+-------------------+---------+---------------------
