* data point #3951 begin
*
*---+----+-------------------+-------------------+---------+---------------------
*   1: printout of the result at time [hours]
*---+----+-------------------+-------------------+---------+---------------------
    1    0 0.0000000000000D+00
*---+----+-------------------+-------------------+---------+---------------------
    2    1 0.0000000000000D+00 2.4569900000000D+01
   0.51461   0.72389   0.86073    0.9836    1.0974    1.1953    1.2672    1.3028
    1.2283   0.82613
    3    1 0.0000000000000D+00 1.1449573400000D+13
   0.51461   0.72389   0.86073    0.9836    1.0974    1.1953    1.2672    1.3028
    1.2283   0.82613
    9    0 0.0000000000000D+00 2.9170000000000D+02
   10    0 0.0000000000000D+00 1.5800000000000D+01
*---+----+-------------------+-------------------+---------+---------------------
*   1: printout of the result at time [hours]
*---+----+-------------------+-------------------+---------+---------------------
    1    0 1.4400000000000D+02
*---+----+-------------------+-------------------+---------+---------------------
    2    1 1.4400000000000D+02 2.4331100000000D+01
   0.72615   0.94028    1.0177    1.0619     1.094    1.1177    1.1352    1.1257
    1.0591   0.72229
    3    1 1.4400000000000D+02 1.1365056810000D+13
   0.72615   0.94028    1.0177    1.0619     1.094    1.1177    1.1352    1.1257
    1.0591   0.72229
    9    0 1.4400000000000D+02 2.9170000000000D+02
   10    0 1.4400000000000D+02 1.5800000000000D+01
*---+----+-------------------+-------------------+---------+---------------------
*   1: printout of the result at time [hours]
*---+----+-------------------+-------------------+---------+---------------------
    1    0 5.4000000000000D+03
*---+----+-------------------+-------------------+---------+---------------------
    2    1 5.4000000000000D+03 2.6742600000000D+01
   0.88795    1.1521     1.156    1.1236    1.0892    1.0566    1.0262   0.99231
   0.91655   0.59957
    3    1 5.4000000000000D+03 1.2301596000000D+13
   0.88795    1.1521     1.156    1.1236    1.0892    1.0566    1.0262   0.99231
   0.91655   0.59957
    9    0 5.4000000000000D+03 2.9170000000000D+02
   10    0 5.4000000000000D+03 1.5800000000000D+01
*---+----+-------------------+-------------------+---------+---------------------
*   1: printout of the result at time [hours]
*---+----+-------------------+-------------------+---------+---------------------
    1    0 7.2816000000000D+03
*---+----+-------------------+-------------------+---------+---------------------
    2    1 7.2816000000000D+03 2.6531400000000D+01
   0.87575    1.1089    1.0896    1.0662    1.0509    1.0411    1.0364     1.037
    1.0132   0.68104
    3    1 7.2816000000000D+03 1.2299957040000D+13
   0.87575    1.1089    1.0896    1.0662    1.0509    1.0411    1.0364     1.037
    1.0132   0.68104
    9    0 7.2816000000000D+03 2.9170000000000D+02
   10    0 7.2816000000000D+03 1.5800000000000D+01
*---+----+-------------------+-------------------+---------+---------------------
*   1: printout of the result at time [hours]
*---+----+-------------------+-------------------+---------+---------------------
    1    0 8.0174000000000D+03
*---+----+-------------------+-------------------+---------+---------------------
    2    1 8.0174000000000D+03 2.4808500000000D+01
   0.77127   0.97132   0.97926   0.99337    1.0196    1.0523    1.0909    1.1378
    1.1677   0.81645
    3    1 8.0174000000000D+03 1.1208480300000D+13
   0.77127   0.97132   0.97926   0.99337    1.0196    1.0523    1.0909    1.1378
    1.1677   0.81645
    9    0 8.0174000000000D+03 2.8110000000000D+02
   10    0 8.0174000000000D+03 1.5800000000000D+01
*---+----+-------------------+-------------------+---------+---------------------
*   1: printout of the result at time [hours]
*---+----+-------------------+-------------------+---------+---------------------
    1    0 8.0194000000000D+03
*---+----+-------------------+-------------------+---------+---------------------
    2    1 8.0194000000000D+03 2.5419000000000D+01
   0.44848   0.71132   0.85932   0.99394    1.1174    1.2202     1.291    1.3197
    1.2293   0.80936
    3    1 8.0194000000000D+03 1.2605282100000D+13
   0.44848   0.71132   0.85932   0.99394    1.1174    1.2202     1.291    1.3197
    1.2293   0.80936
    9    0 8.0194000000000D+03 2.9170000000000D+02
   10    0 8.0194000000000D+03 1.5800000000000D+01
*---+----+-------------------+-------------------+---------+---------------------
*   1: printout of the result at time [hours]
*---+----+-------------------+-------------------+---------+---------------------
    1    0 8.1624000000000D+03
*---+----+-------------------+-------------------+---------+---------------------
    2    1 8.1624000000000D+03 2.5383200000000D+01
    0.6379    0.9314    1.0233    1.0784    1.1174    1.1431    1.1579     1.142
     1.061   0.70763
    3    1 8.1624000000000D+03 1.2605297120000D+13
    0.6379    0.9314    1.0233    1.0784    1.1174    1.1431    1.1579     1.142
     1.061   0.70763
    9    0 8.1624000000000D+03 2.9170000000000D+02
   10    0 8.1624000000000D+03 1.5800000000000D+01
*---+----+-------------------+-------------------+---------+---------------------
*   1: printout of the result at time [hours]
*---+----+-------------------+-------------------+---------+---------------------
    1    0 1.1618400000000D+04
*---+----+-------------------+-------------------+---------+---------------------
    2    1 1.1618400000000D+04 2.3423400000000D+01
   0.84518    1.0802    1.0851     1.072    1.0599    1.0504     1.044    1.0381
    1.0007   0.72457
    3    1 1.1618400000000D+04 1.1887375500000D+13
   0.84518    1.0802    1.0851     1.072    1.0599    1.0504     1.044    1.0381
    1.0007   0.72457
    9    0 1.1618400000000D+04 2.9170000000000D+02
   10    0 1.1618400000000D+04 1.5800000000000D+01
*---+----+-------------------+-------------------+---------+---------------------
*   1: printout of the result at time [hours]
*---+----+-------------------+-------------------+---------+---------------------
    1    0 1.3778400000000D+04
*---+----+-------------------+-------------------+---------+---------------------
    2    1 1.3778400000000D+04 2.2208600000000D+01
   0.89965    1.0947     1.079    1.0608    1.0463    1.0342    1.0249     1.019
   0.99344     0.748
    3    1 1.3778400000000D+04 1.1408557820000D+13
   0.89965    1.0947     1.079    1.0608    1.0463    1.0342    1.0249     1.019
   0.99344     0.748
    9    0 1.3778400000000D+04 2.9170000000000D+02
   10    0 1.3778400000000D+04 1.5800000000000D+01
*---+----+-------------------+-------------------+---------+---------------------
*   1: printout of the result at time [hours]
*---+----+-------------------+-------------------+---------+---------------------
    1    0 1.5081600000000D+04
*---+----+-------------------+-------------------+---------+---------------------
    2    1 1.5081600000000D+04 2.1879100000000D+01
   0.89432     1.051    1.0329    1.0215     1.019    1.0208    1.0271    1.0422
    1.0596   0.83139
    3    1 1.5081600000000D+04 1.1315870520000D+13
   0.89432     1.051    1.0329    1.0215     1.019    1.0208    1.0271    1.0422
    1.0596   0.83139
    9    0 1.5081600000000D+04 2.9170000000000D+02
   10    0 1.5081600000000D+04 1.5800000000000D+01
*---+----+-------------------+-------------------+---------+---------------------
*   1: printout of the result at time [hours]
*---+----+-------------------+-------------------+---------+---------------------
    1    0 1.5503000000000D+04
*---+----+-------------------+-------------------+---------+---------------------
    2    1 1.5503000000000D+04 2.0569200000000D+01
   0.80552    0.9487   0.95045   0.96727   0.99605    1.0301    1.0688    1.1172
    1.1737   0.94223
    3    1 1.5503000000000D+04 1.0477950480000D+13
   0.80552    0.9487   0.95045   0.96727   0.99605    1.0301    1.0688    1.1172
    1.1737   0.94223
    9    0 1.5503000000000D+04 2.8640000000000D+02
   10    0 1.5503000000000D+04 1.5800000000000D+01
*---+----+-------------------+-------------------+---------+---------------------
*   1: printout of the result at time [hours]
*---+----+-------------------+-------------------+---------+---------------------
    1    0 1.5505000000000D+04
*---+----+-------------------+-------------------+---------+---------------------
    2    1 1.5505000000000D+04 1.6337200000000D+01
   0.50351   0.72142   0.85608   0.98401    1.1015    1.1992    1.2666    1.2972
    1.2345   0.83594
    3    1 1.5505000000000D+04 9.0753146000000D+12
   0.50351   0.72142   0.85608   0.98401    1.1015    1.1992    1.2666    1.2972
    1.2345   0.83594
    9    0 1.5505000000000D+04 2.9170000000000D+02
   10    0 1.5505000000000D+04 1.5800000000000D+01
*---+----+-------------------+-------------------+---------+---------------------
*   1: printout of the result at time [hours]
*---+----+-------------------+-------------------+---------+---------------------
    1    0 1.5648000000000D+04
*---+----+-------------------+-------------------+---------+---------------------
    2    1 1.5648000000000D+04 1.6443900000000D+01
    0.6991   0.92636    1.0035    1.0563     1.096    1.1239    1.1423    1.1329
    1.0793   0.74027
    3    1 1.5648000000000D+04 9.1148537700000D+12
    0.6991   0.92636    1.0035    1.0563     1.096    1.1239    1.1423    1.1329
    1.0793   0.74027
    9    0 1.5648000000000D+04 2.9170000000000D+02
   10    0 1.5648000000000D+04 1.5800000000000D+01
*---+----+-------------------+-------------------+---------+---------------------
*   1: printout of the result at time [hours]
*---+----+-------------------+-------------------+---------+---------------------
    1    0 1.9104000000000D+04
*---+----+-------------------+-------------------+---------+---------------------
    2    1 1.9104000000000D+04 1.6770500000000D+01
   0.87332    1.0705    1.0871    1.0713    1.0601    1.0504    1.0424    1.0332
   0.99759   0.71405
    3    1 1.9104000000000D+04 9.3495537500000D+12
   0.87332    1.0705    1.0871    1.0713    1.0601    1.0504    1.0424    1.0332
   0.99759   0.71405
    9    0 1.9104000000000D+04 2.9170000000000D+02
   10    0 1.9104000000000D+04 1.5800000000000D+01
*---+----+-------------------+-------------------+---------+---------------------
*   1: printout of the result at time [hours]
*---+----+-------------------+-------------------+---------+---------------------
    1    0 2.0904000000000D+04
*---+----+-------------------+-------------------+---------+---------------------
    2    1 2.0904000000000D+04 1.6821600000000D+01
   0.90616    1.1004    1.1019    1.0829    1.0624    1.0433    1.0263    1.0092
   0.96864    0.6988
    3    1 2.0904000000000D+04 9.4301889600000D+12
   0.90616    1.1004    1.1019    1.0829    1.0624    1.0433    1.0263    1.0092
   0.96864    0.6988
    9    0 2.0904000000000D+04 2.9170000000000D+02
   10    0 2.0904000000000D+04 1.5800000000000D+01
*---+----+-------------------+-------------------+---------+---------------------
*   1: printout of the result at time [hours]
*---+----+-------------------+-------------------+---------+---------------------
    1    0 2.2658400000000D+04
*---+----+-------------------+-------------------+---------+---------------------
    2    1 2.2658400000000D+04 1.6903400000000D+01
   0.87882    1.0262     1.017    1.0135      1.02     1.032    1.0483    1.0694
     1.082    0.8128
    3    1 2.2658400000000D+04 9.4861880800000D+12
   0.87882    1.0262     1.017    1.0135      1.02     1.032    1.0483    1.0694
     1.082    0.8128
    9    0 2.2658400000000D+04 2.9170000000000D+02
   10    0 2.2658400000000D+04 1.5800000000000D+01
*---+----+-------------------+-------------------+---------+---------------------
*   1: printout of the result at time [hours]
*---+----+-------------------+-------------------+---------+---------------------
    1    0 2.3601600000000D+04
*---+----+-------------------+-------------------+---------+---------------------
    2    1 2.3601600000000D+04 1.4572300000000D+01
   0.74408   0.86596   0.88195   0.91845   0.97129    1.0339    1.1059     1.191
    1.2732    1.0143
    3    1 2.3601600000000D+04 7.9477324200000D+12
   0.74408   0.86596   0.88195   0.91845   0.97129    1.0339    1.1059     1.191
    1.2732    1.0143
    9    0 2.3601600000000D+04 2.8120000000000D+02
   10    0 2.3601600000000D+04 1.5800000000000D+01
* data point #3951 end
*  00:  last line of data set (finishing the program)
*---+----+-------------------+-------------------+---------+---------------------
00000    0 2.3601600000000D+04
*---+----+-------------------+-------------------+---------+---------------------
