* data point #3851 begin
*
*---+----+-------------------+-------------------+---------+---------------------
*   1: printout of the result at time [hours]
*---+----+-------------------+-------------------+---------+---------------------
    1    0 0.0000000000000D+00
*---+----+-------------------+-------------------+---------+---------------------
    2    1 0.0000000000000D+00 2.8033100000000D+01
   0.46509   0.77883   0.93596    1.0588    1.1607    1.2366     1.281    1.2628
    1.1378   0.68237
    3    1 0.0000000000000D+00 1.2143938920000D+13
   0.46509   0.77883   0.93596    1.0588    1.1607    1.2366     1.281    1.2628
    1.1378   0.68237
    9    0 0.0000000000000D+00 2.9170000000000D+02
   10    0 0.0000000000000D+00 1.5800000000000D+01
*---+----+-------------------+-------------------+---------+---------------------
*   1: printout of the result at time [hours]
*---+----+-------------------+-------------------+---------+---------------------
    1    0 1.4400000000000D+02
*---+----+-------------------+-------------------+---------+---------------------
    2    1 1.4400000000000D+02 2.7322400000000D+01
    0.6528   0.99816    1.0897     1.126    1.1426    1.1462    1.1359     1.101
   0.99417   0.61342
    3    1 1.4400000000000D+02 1.1885244000000D+13
    0.6528   0.99816    1.0897     1.126    1.1426    1.1462    1.1359     1.101
   0.99417   0.61342
    9    0 1.4400000000000D+02 2.9170000000000D+02
   10    0 1.4400000000000D+02 1.5800000000000D+01
*---+----+-------------------+-------------------+---------+---------------------
*   1: printout of the result at time [hours]
*---+----+-------------------+-------------------+---------+---------------------
    1    0 3.6000000000000D+03
*---+----+-------------------+-------------------+---------+---------------------
    2    1 3.6000000000000D+03 2.6001600000000D+01
   0.83564    1.1402    1.1472    1.1174    1.0866    1.0594    1.0357    1.0099
   0.94248   0.62558
    3    1 3.6000000000000D+03 1.1794325760000D+13
   0.83564    1.1402    1.1472    1.1174    1.0866    1.0594    1.0357    1.0099
   0.94248   0.62558
    9    0 3.6000000000000D+03 2.9170000000000D+02
   10    0 3.6000000000000D+03 1.5800000000000D+01
*---+----+-------------------+-------------------+---------+---------------------
*   1: printout of the result at time [hours]
*---+----+-------------------+-------------------+---------+---------------------
    1    0 5.7600000000000D+03
*---+----+-------------------+-------------------+---------+---------------------
    2    1 5.7600000000000D+03 2.5507700000000D+01
    0.8775    1.1636    1.1522    1.1155    1.0801    1.0478    1.0186   0.98919
   0.92545   0.62993
    3    1 5.7600000000000D+03 1.1820268180000D+13
    0.8775    1.1636    1.1522    1.1155    1.0801    1.0478    1.0186   0.98919
   0.92545   0.62993
    9    0 5.7600000000000D+03 2.9170000000000D+02
   10    0 5.7600000000000D+03 1.5800000000000D+01
*---+----+-------------------+-------------------+---------+---------------------
*   1: printout of the result at time [hours]
*---+----+-------------------+-------------------+---------+---------------------
    1    0 7.0632000000000D+03
*---+----+-------------------+-------------------+---------+---------------------
    2    1 7.0632000000000D+03 2.5166400000000D+01
   0.86373    1.1087    1.0905    1.0675    1.0528    1.0422    1.0348    1.0307
    1.0014   0.70765
    3    1 7.0632000000000D+03 1.1777875200000D+13
   0.86373    1.1087    1.0905    1.0675    1.0528    1.0422    1.0348    1.0307
    1.0014   0.70765
    9    0 7.0632000000000D+03 2.9170000000000D+02
   10    0 7.0632000000000D+03 1.5800000000000D+01
*---+----+-------------------+-------------------+---------+---------------------
*   1: printout of the result at time [hours]
*---+----+-------------------+-------------------+---------+---------------------
    1    0 7.4846000000000D+03
*---+----+-------------------+-------------------+---------+---------------------
    2    1 7.4846000000000D+03 2.3859700000000D+01
   0.77713   0.99754    1.0046    1.0136    1.0333    1.0573    1.0838    1.1136
    1.1139   0.80529
    3    1 7.4846000000000D+03 1.1011251550000D+13
   0.77713   0.99754    1.0046    1.0136    1.0333    1.0573    1.0838    1.1136
    1.1139   0.80529
    9    0 7.4846000000000D+03 2.8640000000000D+02
   10    0 7.4846000000000D+03 1.5800000000000D+01
*---+----+-------------------+-------------------+---------+---------------------
*   1: printout of the result at time [hours]
*---+----+-------------------+-------------------+---------+---------------------
    1    0 7.4866000000000D+03
*---+----+-------------------+-------------------+---------+---------------------
    2    1 7.4866000000000D+03 2.3241400000000D+01
   0.47248   0.72229   0.86096   0.99499    1.1201    1.2239    1.2939     1.321
    1.2336   0.75675
    3    1 7.4866000000000D+03 1.1897272660000D+13
   0.47248   0.72229   0.86096   0.99499    1.1201    1.2239    1.2939     1.321
    1.2336   0.75675
    9    0 7.4866000000000D+03 2.9170000000000D+02
   10    0 7.4866000000000D+03 1.5800000000000D+01
*---+----+-------------------+-------------------+---------+---------------------
*   1: printout of the result at time [hours]
*---+----+-------------------+-------------------+---------+---------------------
    1    0 7.6296000000000D+03
*---+----+-------------------+-------------------+---------+---------------------
    2    1 7.6296000000000D+03 2.3181500000000D+01
   0.66704   0.94118    1.0217    1.0765    1.1178    1.1452      1.16    1.1434
    1.0652   0.66208
    3    1 7.6296000000000D+03 1.1887473200000D+13
   0.66704   0.94118    1.0217    1.0765    1.1178    1.1452      1.16    1.1434
    1.0652   0.66208
    9    0 7.6296000000000D+03 2.9170000000000D+02
   10    0 7.6296000000000D+03 1.5800000000000D+01
*---+----+-------------------+-------------------+---------+---------------------
*   1: printout of the result at time [hours]
*---+----+-------------------+-------------------+---------+---------------------
    1    0 1.1085600000000D+04
*---+----+-------------------+-------------------+---------+---------------------
    2    1 1.1085600000000D+04 2.2133100000000D+01
   0.86391    1.0874     1.091    1.0795     1.068    1.0578     1.049    1.0388
   0.99557     0.669
    3    1 1.1085600000000D+04 1.1489292210000D+13
   0.86391    1.0874     1.091    1.0795     1.068    1.0578     1.049    1.0388
   0.99557     0.669
    9    0 1.1085600000000D+04 2.9170000000000D+02
   10    0 1.1085600000000D+04 1.5800000000000D+01
*---+----+-------------------+-------------------+---------+---------------------
*   1: printout of the result at time [hours]
*---+----+-------------------+-------------------+---------+---------------------
    1    0 1.2885600000000D+04
*---+----+-------------------+-------------------+---------+---------------------
    2    1 1.2885600000000D+04 2.1550500000000D+01
   0.90583    1.1061    1.0954    1.0774    1.0605    1.0451    1.0316     1.019
     0.981   0.67804
    3    1 1.2885600000000D+04 1.1249361000000D+13
   0.90583    1.1061    1.0954    1.0774    1.0605    1.0451    1.0316     1.019
     0.981   0.67804
    9    0 1.2885600000000D+04 2.9170000000000D+02
   10    0 1.2885600000000D+04 1.5800000000000D+01
*---+----+-------------------+-------------------+---------+---------------------
*   1: printout of the result at time [hours]
*---+----+-------------------+-------------------+---------+---------------------
    1    0 1.4640000000000D+04
*---+----+-------------------+-------------------+---------+---------------------
    2    1 1.4640000000000D+04 2.1250300000000D+01
   0.89152    1.0419    1.0263     1.019    1.0214    1.0294    1.0424    1.0627
    1.0783   0.78709
    3    1 1.4640000000000D+04 1.1139407260000D+13
   0.89152    1.0419    1.0263     1.019    1.0214    1.0294    1.0424    1.0627
    1.0783   0.78709
    9    0 1.4640000000000D+04 2.9170000000000D+02
   10    0 1.4640000000000D+04 1.5800000000000D+01
*---+----+-------------------+-------------------+---------+---------------------
*   1: printout of the result at time [hours]
*---+----+-------------------+-------------------+---------+---------------------
    1    0 1.5583200000000D+04
*---+----+-------------------+-------------------+---------+---------------------
    2    1 1.5583200000000D+04 1.8410100000000D+01
   0.75622   0.88131   0.89201   0.92482    0.9736    1.0318    1.0992    1.1811
     1.279   0.98093
    3    1 1.5583200000000D+04 9.3541718100000D+12
   0.75622   0.88131   0.89201   0.92482    0.9736    1.0318    1.0992    1.1811
     1.279   0.98093
    9    0 1.5583200000000D+04 2.8120000000000D+02
   10    0 1.5583200000000D+04 1.5800000000000D+01
* data point #3851 end
*  00:  last line of data set (finishing the program)
*---+----+-------------------+-------------------+---------+---------------------
00000    0 1.5583200000000D+04
*---+----+-------------------+-------------------+---------+---------------------
