* data point #3947 begin
*
*---+----+-------------------+-------------------+---------+---------------------
*   1: printout of the result at time [hours]
*---+----+-------------------+-------------------+---------+---------------------
    1    0 0.0000000000000D+00
*---+----+-------------------+-------------------+---------+---------------------
    2    1 0.0000000000000D+00 2.7820700000000D+01
   0.56879   0.82971   0.97844    1.0862    1.1655    1.2137    1.2236    1.1822
     1.051   0.70092
    3    1 0.0000000000000D+00 1.3217614570000D+13
   0.56879   0.82971   0.97844    1.0862    1.1655    1.2137    1.2236    1.1822
     1.051   0.70092
    9    0 0.0000000000000D+00 2.9170000000000D+02
   10    0 0.0000000000000D+00 1.5800000000000D+01
*---+----+-------------------+-------------------+---------+---------------------
*   1: printout of the result at time [hours]
*---+----+-------------------+-------------------+---------+---------------------
    1    0 1.4400000000000D+02
*---+----+-------------------+-------------------+---------+---------------------
    2    1 1.4400000000000D+02 2.7539500000000D+01
   0.75412    1.0136    1.0975    1.1271    1.1449    1.1254    1.1007    1.0509
   0.94098   0.64489
    3    1 1.4400000000000D+02 1.3136341500000D+13
   0.75412    1.0136    1.0975    1.1271    1.1449    1.1254    1.1007    1.0509
   0.94098   0.64489
    9    0 1.4400000000000D+02 2.9170000000000D+02
   10    0 1.4400000000000D+02 1.5800000000000D+01
*---+----+-------------------+-------------------+---------+---------------------
*   1: printout of the result at time [hours]
*---+----+-------------------+-------------------+---------+---------------------
    1    0 5.0400000000000D+03
*---+----+-------------------+-------------------+---------+---------------------
    2    1 5.0400000000000D+03 2.6166800000000D+01
   0.87084    1.1496    1.1647    1.1335    1.0967    1.0611     1.026   0.98403
   0.89713   0.61632
    3    1 5.0400000000000D+03 1.2960416040000D+13
   0.87084    1.1496    1.1647    1.1335    1.0967    1.0611     1.026   0.98403
   0.89713   0.61632
    9    0 5.0400000000000D+03 2.9170000000000D+02
   10    0 5.0400000000000D+03 1.5800000000000D+01
*---+----+-------------------+-------------------+---------+---------------------
*   1: printout of the result at time [hours]
*---+----+-------------------+-------------------+---------+---------------------
    1    0 7.6920000000000D+03
*---+----+-------------------+-------------------+---------+---------------------
    2    1 7.6920000000000D+03 2.5452800000000D+01
   0.86792    1.0983    1.0735    1.0494    1.0376    1.0346    1.0391    1.0489
    1.0271   0.72369
    3    1 7.6920000000000D+03 1.2805303680000D+13
   0.86792    1.0983    1.0735    1.0494    1.0376    1.0346    1.0391    1.0489
    1.0271   0.72369
    9    0 7.6920000000000D+03 2.9170000000000D+02
   10    0 7.6920000000000D+03 1.5800000000000D+01
*---+----+-------------------+-------------------+---------+---------------------
*   1: printout of the result at time [hours]
*---+----+-------------------+-------------------+---------+---------------------
    1    0 8.4782000000000D+03
*---+----+-------------------+-------------------+---------+---------------------
    2    1 8.4782000000000D+03 2.3795800000000D+01
   0.76266   0.95786   0.96181   0.97593    1.0055    1.0443    1.0917    1.1486
    1.1837   0.86797
    3    1 8.4782000000000D+03 1.1652803260000D+13
   0.76266   0.95786   0.96181   0.97593    1.0055    1.0443    1.0917    1.1486
    1.1837   0.86797
    9    0 8.4782000000000D+03 2.8120000000000D+02
   10    0 8.4782000000000D+03 1.5800000000000D+01
*---+----+-------------------+-------------------+---------+---------------------
*   1: printout of the result at time [hours]
*---+----+-------------------+-------------------+---------+---------------------
    1    0 8.4802000000000D+03
*---+----+-------------------+-------------------+---------+---------------------
    2    1 8.4802000000000D+03 2.2235400000000D+01
   0.48126   0.72834   0.86848   0.99764    1.1151    1.2118    1.2774     1.303
    1.2175   0.79945
    3    1 8.4802000000000D+03 1.2036022020000D+13
   0.48126   0.72834   0.86848   0.99764    1.1151    1.2118    1.2774     1.303
    1.2175   0.79945
    9    0 8.4802000000000D+03 2.9170000000000D+02
   10    0 8.4802000000000D+03 1.5800000000000D+01
*---+----+-------------------+-------------------+---------+---------------------
*   1: printout of the result at time [hours]
*---+----+-------------------+-------------------+---------+---------------------
    1    0 8.6232000000000D+03
*---+----+-------------------+-------------------+---------+---------------------
    2    1 8.6232000000000D+03 2.2000500000000D+01
   0.67812   0.94516    1.0252    1.0745    1.1092    1.1317    1.1447    1.1297
    1.0562   0.70562
    3    1 8.6232000000000D+03 1.1906670600000D+13
   0.67812   0.94516    1.0252    1.0745    1.1092    1.1317    1.1447    1.1297
    1.0562   0.70562
    9    0 8.6232000000000D+03 2.9170000000000D+02
   10    0 8.6232000000000D+03 1.5800000000000D+01
*---+----+-------------------+-------------------+---------+---------------------
*   1: printout of the result at time [hours]
*---+----+-------------------+-------------------+---------+---------------------
    1    0 1.2079200000000D+04
*---+----+-------------------+-------------------+---------+---------------------
    2    1 1.2079200000000D+04 2.1348400000000D+01
   0.87042    1.0959    1.0975    1.0799    1.0628    1.0483    1.0371    1.0262
   0.98293   0.69893
    3    1 1.2079200000000D+04 1.1647687040000D+13
   0.87042    1.0959    1.0975    1.0799    1.0628    1.0483    1.0371    1.0262
   0.98293   0.69893
    9    0 1.2079200000000D+04 2.9170000000000D+02
   10    0 1.2079200000000D+04 1.5800000000000D+01
*---+----+-------------------+-------------------+---------+---------------------
*   1: printout of the result at time [hours]
*---+----+-------------------+-------------------+---------+---------------------
    1    0 1.4239200000000D+04
*---+----+-------------------+-------------------+---------+---------------------
    2    1 1.4239200000000D+04 2.0976600000000D+01
   0.91159    1.1224    1.1074     1.082    1.0587    1.0377    1.0194     1.003
   0.96088   0.69687
    3    1 1.4239200000000D+04 1.1528739360000D+13
   0.91159    1.1224    1.1074     1.082    1.0587    1.0377    1.0194     1.003
   0.96088   0.69687
    9    0 1.4239200000000D+04 2.9170000000000D+02
   10    0 1.4239200000000D+04 1.5800000000000D+01
*---+----+-------------------+-------------------+---------+---------------------
*   1: printout of the result at time [hours]
*---+----+-------------------+-------------------+---------+---------------------
    1    0 1.5542400000000D+04
*---+----+-------------------+-------------------+---------+---------------------
    2    1 1.5542400000000D+04 2.0808200000000D+01
   0.89594    1.0732     1.047    1.0338    1.0295    1.0291    1.0319    1.0408
    1.0372   0.78152
    3    1 1.5542400000000D+04 1.1461156560000D+13
   0.89594    1.0732     1.047    1.0338    1.0295    1.0291    1.0319    1.0408
    1.0372   0.78152
    9    0 1.5542400000000D+04 2.9170000000000D+02
   10    0 1.5542400000000D+04 1.5800000000000D+01
*---+----+-------------------+-------------------+---------+---------------------
*   1: printout of the result at time [hours]
*---+----+-------------------+-------------------+---------+---------------------
    1    0 1.5963800000000D+04
*---+----+-------------------+-------------------+---------+---------------------
    2    1 1.5963800000000D+04 1.9661100000000D+01
   0.80331   0.95697   0.96053   0.97787    1.0071     1.041    1.0787    1.1233
    1.1588   0.89232
    3    1 1.5963800000000D+04 1.0642553430000D+13
   0.80331   0.95697   0.96053   0.97787    1.0071     1.041    1.0787    1.1233
    1.1588   0.89232
    9    0 1.5963800000000D+04 2.8640000000000D+02
   10    0 1.5963800000000D+04 1.5800000000000D+01
*---+----+-------------------+-------------------+---------+---------------------
*   1: printout of the result at time [hours]
*---+----+-------------------+-------------------+---------+---------------------
    1    0 1.5965800000000D+04
*---+----+-------------------+-------------------+---------+---------------------
    2    1 1.5965800000000D+04 1.6431900000000D+01
   0.45387   0.63541   0.75706   0.89363    1.0351    1.1677    1.2793     1.358
    1.3754    1.0445
    3    1 1.5965800000000D+04 9.7605486000000D+12
   0.45387   0.63541   0.75706   0.89363    1.0351    1.1677    1.2793     1.358
    1.3754    1.0445
    9    0 1.5965800000000D+04 2.9170000000000D+02
   10    0 1.5965800000000D+04 1.5800000000000D+01
*---+----+-------------------+-------------------+---------+---------------------
*   1: printout of the result at time [hours]
*---+----+-------------------+-------------------+---------+---------------------
    1    0 1.6108800000000D+04
*---+----+-------------------+-------------------+---------+---------------------
    2    1 1.6108800000000D+04 1.6730600000000D+01
   0.65622   0.85269   0.92537   0.99285    1.0558    1.1104    1.1539    1.1828
    1.1732    0.8968
    3    1 1.6108800000000D+04 9.9379764000000D+12
   0.65622   0.85269   0.92537   0.99285    1.0558    1.1104    1.1539    1.1828
    1.1732    0.8968
    9    0 1.6108800000000D+04 2.9170000000000D+02
   10    0 1.6108800000000D+04 1.5800000000000D+01
*---+----+-------------------+-------------------+---------+---------------------
*   1: printout of the result at time [hours]
*---+----+-------------------+-------------------+---------+---------------------
    1    0 1.9564800000000D+04
*---+----+-------------------+-------------------+---------+---------------------
    2    1 1.9564800000000D+04 1.6995500000000D+01
    0.8564    1.0294    1.0372    1.0378    1.0392    1.0417     1.046    1.0578
    1.0399   0.81451
    3    1 1.9564800000000D+04 1.0156510800000D+13
    0.8564    1.0294    1.0372    1.0378    1.0392    1.0417     1.046    1.0578
    1.0399   0.81451
    9    0 1.9564800000000D+04 2.9170000000000D+02
   10    0 1.9564800000000D+04 1.5800000000000D+01
*---+----+-------------------+-------------------+---------+---------------------
*   1: printout of the result at time [hours]
*---+----+-------------------+-------------------+---------+---------------------
    1    0 2.1364800000000D+04
*---+----+-------------------+-------------------+---------+---------------------
    2    1 2.1364800000000D+04 1.6909400000000D+01
   0.89607     1.066    1.0609     1.051    1.0417    1.0337    1.0278    1.0241
    1.0055   0.79317
    3    1 2.1364800000000D+04 1.0140567180000D+13
   0.89607     1.066    1.0609     1.051    1.0417    1.0337    1.0278    1.0241
    1.0055   0.79317
    9    0 2.1364800000000D+04 2.9170000000000D+02
   10    0 2.1364800000000D+04 1.5800000000000D+01
*---+----+-------------------+-------------------+---------+---------------------
*   1: printout of the result at time [hours]
*---+----+-------------------+-------------------+---------+---------------------
    1    0 2.3119200000000D+04
*---+----+-------------------+-------------------+---------+---------------------
    2    1 2.3119200000000D+04 1.6908900000000D+01
   0.88362     1.014    1.0031   0.99989    1.0054    1.0164    1.0334    1.0596
    1.0933   0.89119
    3    1 2.3119200000000D+04 1.0141958220000D+13
   0.88362     1.014    1.0031   0.99989    1.0054    1.0164    1.0334    1.0596
    1.0933   0.89119
    9    0 2.3119200000000D+04 2.9170000000000D+02
   10    0 2.3119200000000D+04 1.5800000000000D+01
*---+----+-------------------+-------------------+---------+---------------------
*   1: printout of the result at time [hours]
*---+----+-------------------+-------------------+---------+---------------------
    1    0 2.4062400000000D+04
*---+----+-------------------+-------------------+---------+---------------------
    2    1 2.4062400000000D+04 1.4465700000000D+01
   0.74943   0.85831   0.87172    0.9067   0.95695     1.017    1.0875    1.1748
    1.2718    1.1058
    3    1 2.4062400000000D+04 8.4089114100000D+12
   0.74943   0.85831   0.87172    0.9067   0.95695     1.017    1.0875    1.1748
    1.2718    1.1058
    9    0 2.4062400000000D+04 2.8120000000000D+02
   10    0 2.4062400000000D+04 1.5800000000000D+01
* data point #3947 end
*  00:  last line of data set (finishing the program)
*---+----+-------------------+-------------------+---------+---------------------
00000    0 2.4062400000000D+04
*---+----+-------------------+-------------------+---------+---------------------
