* data point #3214 begin
*
*---+----+-------------------+-------------------+---------+---------------------
*   1: printout of the result at time [hours]
*---+----+-------------------+-------------------+---------+---------------------
    1    0 0.0000000000000D+00
*---+----+-------------------+-------------------+---------+---------------------
    2    1 0.0000000000000D+00 2.6965000000000D+01
   0.56881   0.82971   0.97845    1.0861    1.1655    1.2137    1.2236    1.1822
     1.051   0.70091
    3    1 0.0000000000000D+00 1.2552207500000D+13
   0.56881   0.82971   0.97845    1.0861    1.1655    1.2137    1.2236    1.1822
     1.051   0.70091
    9    0 0.0000000000000D+00 2.9170000000000D+02
   10    0 0.0000000000000D+00 1.5800000000000D+01
*---+----+-------------------+-------------------+---------+---------------------
*   1: printout of the result at time [hours]
*---+----+-------------------+-------------------+---------+---------------------
    1    0 1.4400000000000D+02
*---+----+-------------------+-------------------+---------+---------------------
    2    1 1.4400000000000D+02 2.6739500000000D+01
   0.75409    1.0136    1.0975    1.1271    1.1449    1.1254    1.1007    1.0509
   0.94097   0.64489
    3    1 1.4400000000000D+02 1.2511412050000D+13
   0.75409    1.0136    1.0975    1.1271    1.1449    1.1254    1.1007    1.0509
   0.94097   0.64489
    9    0 1.4400000000000D+02 2.9170000000000D+02
   10    0 1.4400000000000D+02 1.5800000000000D+01
*---+----+-------------------+-------------------+---------+---------------------
*   1: printout of the result at time [hours]
*---+----+-------------------+-------------------+---------+---------------------
    1    0 5.0400000000000D+03
*---+----+-------------------+-------------------+---------+---------------------
    2    1 5.0400000000000D+03 2.5150200000000D+01
   0.87085    1.1496    1.1647    1.1335    1.0968    1.0611     1.026   0.98401
   0.89713    0.6163
    3    1 5.0400000000000D+03 1.2255692460000D+13
   0.87085    1.1496    1.1647    1.1335    1.0968    1.0611     1.026   0.98401
   0.89713    0.6163
    9    0 5.0400000000000D+03 2.9170000000000D+02
   10    0 5.0400000000000D+03 1.5800000000000D+01
*---+----+-------------------+-------------------+---------+---------------------
*   1: printout of the result at time [hours]
*---+----+-------------------+-------------------+---------+---------------------
    1    0 7.6920000000000D+03
*---+----+-------------------+-------------------+---------+---------------------
    2    1 7.6920000000000D+03 2.4641000000000D+01
   0.86794    1.0984    1.0735    1.0493    1.0375    1.0346    1.0391    1.0489
    1.0271   0.72371
    3    1 7.6920000000000D+03 1.2189902700000D+13
   0.86794    1.0984    1.0735    1.0493    1.0375    1.0346    1.0391    1.0489
    1.0271   0.72371
    9    0 7.6920000000000D+03 2.9170000000000D+02
   10    0 7.6920000000000D+03 1.5800000000000D+01
*---+----+-------------------+-------------------+---------+---------------------
*   1: printout of the result at time [hours]
*---+----+-------------------+-------------------+---------+---------------------
    1    0 8.4782000000000D+03
*---+----+-------------------+-------------------+---------+---------------------
    2    1 8.4782000000000D+03 2.3014400000000D+01
   0.76265   0.95788   0.96183   0.97595    1.0055    1.0443    1.0917    1.1486
    1.1837   0.86793
    3    1 8.4782000000000D+03 1.1109050880000D+13
   0.76265   0.95788   0.96183   0.97595    1.0055    1.0443    1.0917    1.1486
    1.1837   0.86793
    9    0 8.4782000000000D+03 2.8120000000000D+02
   10    0 8.4782000000000D+03 1.5800000000000D+01
*---+----+-------------------+-------------------+---------+---------------------
*   1: printout of the result at time [hours]
*---+----+-------------------+-------------------+---------+---------------------
    1    0 8.4802000000000D+03
*---+----+-------------------+-------------------+---------+---------------------
    2    1 8.4802000000000D+03 2.3159800000000D+01
   0.48122   0.72833   0.86849   0.99763    1.1151    1.2118    1.2774     1.303
    1.2175   0.79945
    3    1 8.4802000000000D+03 1.2439128580000D+13
   0.48122   0.72833   0.86849   0.99763    1.1151    1.2118    1.2774     1.303
    1.2175   0.79945
    9    0 8.4802000000000D+03 2.9170000000000D+02
   10    0 8.4802000000000D+03 1.5800000000000D+01
*---+----+-------------------+-------------------+---------+---------------------
*   1: printout of the result at time [hours]
*---+----+-------------------+-------------------+---------+---------------------
    1    0 8.6232000000000D+03
*---+----+-------------------+-------------------+---------+---------------------
    2    1 8.6232000000000D+03 2.3029300000000D+01
   0.67814   0.94514    1.0252    1.0745    1.1092    1.1316    1.1448    1.1296
    1.0562   0.70562
    3    1 8.6232000000000D+03 1.2371339960000D+13
   0.67814   0.94514    1.0252    1.0745    1.1092    1.1316    1.1448    1.1296
    1.0562   0.70562
    9    0 8.6232000000000D+03 2.9170000000000D+02
   10    0 8.6232000000000D+03 1.5800000000000D+01
*---+----+-------------------+-------------------+---------+---------------------
*   1: printout of the result at time [hours]
*---+----+-------------------+-------------------+---------+---------------------
    1    0 1.2079200000000D+04
*---+----+-------------------+-------------------+---------+---------------------
    2    1 1.2079200000000D+04 2.1910500000000D+01
    0.8704    1.0959    1.0975    1.0799    1.0628    1.0484    1.0371    1.0262
   0.98291   0.69893
    3    1 1.2079200000000D+04 1.1899592550000D+13
    0.8704    1.0959    1.0975    1.0799    1.0628    1.0484    1.0371    1.0262
   0.98291   0.69893
    9    0 1.2079200000000D+04 2.9170000000000D+02
   10    0 1.2079200000000D+04 1.5800000000000D+01
*---+----+-------------------+-------------------+---------+---------------------
*   1: printout of the result at time [hours]
*---+----+-------------------+-------------------+---------+---------------------
    1    0 1.4239200000000D+04
*---+----+-------------------+-------------------+---------+---------------------
    2    1 1.4239200000000D+04 2.1204100000000D+01
   0.91157    1.1224    1.1074     1.082    1.0587    1.0377    1.0194     1.003
    0.9609   0.69689
    3    1 1.4239200000000D+04 1.1598642700000D+13
   0.91157    1.1224    1.1074     1.082    1.0587    1.0377    1.0194     1.003
    0.9609   0.69689
    9    0 1.4239200000000D+04 2.9170000000000D+02
   10    0 1.4239200000000D+04 1.5800000000000D+01
*---+----+-------------------+-------------------+---------+---------------------
*   1: printout of the result at time [hours]
*---+----+-------------------+-------------------+---------+---------------------
    1    0 1.5542400000000D+04
*---+----+-------------------+-------------------+---------+---------------------
    2    1 1.5542400000000D+04 2.1001600000000D+01
   0.89593    1.0733     1.047    1.0338    1.0295    1.0291    1.0319    1.0408
    1.0373   0.78151
    3    1 1.5542400000000D+04 1.1510976960000D+13
   0.89593    1.0733     1.047    1.0338    1.0295    1.0291    1.0319    1.0408
    1.0373   0.78151
    9    0 1.5542400000000D+04 2.9170000000000D+02
   10    0 1.5542400000000D+04 1.5800000000000D+01
*---+----+-------------------+-------------------+---------+---------------------
*   1: printout of the result at time [hours]
*---+----+-------------------+-------------------+---------+---------------------
    1    0 1.5963800000000D+04
*---+----+-------------------+-------------------+---------+---------------------
    2    1 1.5963800000000D+04 1.9792300000000D+01
   0.80329   0.95699   0.96053   0.97786    1.0071    1.0411    1.0787    1.1233
    1.1588   0.89232
    3    1 1.5963800000000D+04 1.0662112010000D+13
   0.80329   0.95699   0.96053   0.97786    1.0071    1.0411    1.0787    1.1233
    1.1588   0.89232
    9    0 1.5963800000000D+04 2.8640000000000D+02
   10    0 1.5963800000000D+04 1.5800000000000D+01
*---+----+-------------------+-------------------+---------+---------------------
*   1: printout of the result at time [hours]
*---+----+-------------------+-------------------+---------+---------------------
    1    0 1.5965800000000D+04
*---+----+-------------------+-------------------+---------+---------------------
    2    1 1.5965800000000D+04 1.7240900000000D+01
   0.45392   0.63541    0.7571   0.89363     1.035    1.1677    1.2793     1.358
    1.3754    1.0445
    3    1 1.5965800000000D+04 1.0165234640000D+13
   0.45392   0.63541    0.7571   0.89363     1.035    1.1677    1.2793     1.358
    1.3754    1.0445
    9    0 1.5965800000000D+04 2.9170000000000D+02
   10    0 1.5965800000000D+04 1.5800000000000D+01
*---+----+-------------------+-------------------+---------+---------------------
*   1: printout of the result at time [hours]
*---+----+-------------------+-------------------+---------+---------------------
    1    0 1.6108800000000D+04
*---+----+-------------------+-------------------+---------+---------------------
    2    1 1.6108800000000D+04 1.7522100000000D+01
    0.6562   0.85269    0.9254   0.99286    1.0558    1.1104    1.1539    1.1828
    1.1732   0.89675
    3    1 1.6108800000000D+04 1.0341543420000D+13
    0.6562   0.85269    0.9254   0.99286    1.0558    1.1104    1.1539    1.1828
    1.1732   0.89675
    9    0 1.6108800000000D+04 2.9170000000000D+02
   10    0 1.6108800000000D+04 1.5800000000000D+01
*---+----+-------------------+-------------------+---------+---------------------
*   1: printout of the result at time [hours]
*---+----+-------------------+-------------------+---------+---------------------
    1    0 1.9564800000000D+04
*---+----+-------------------+-------------------+---------+---------------------
    2    1 1.9564800000000D+04 1.7658600000000D+01
   0.85641    1.0294    1.0372    1.0378    1.0392    1.0417     1.046    1.0578
    1.0399    0.8145
    3    1 1.9564800000000D+04 1.0519228020000D+13
   0.85641    1.0294    1.0372    1.0378    1.0392    1.0417     1.046    1.0578
    1.0399    0.8145
    9    0 1.9564800000000D+04 2.9170000000000D+02
   10    0 1.9564800000000D+04 1.5800000000000D+01
*---+----+-------------------+-------------------+---------+---------------------
*   1: printout of the result at time [hours]
*---+----+-------------------+-------------------+---------+---------------------
    1    0 2.1364800000000D+04
*---+----+-------------------+-------------------+---------+---------------------
    2    1 2.1364800000000D+04 1.7524600000000D+01
   0.89611     1.066    1.0609     1.051    1.0417    1.0337    1.0278    1.0241
    1.0055   0.79317
    3    1 2.1364800000000D+04 1.0483215720000D+13
   0.89611     1.066    1.0609     1.051    1.0417    1.0337    1.0278    1.0241
    1.0055   0.79317
    9    0 2.1364800000000D+04 2.9170000000000D+02
   10    0 2.1364800000000D+04 1.5800000000000D+01
*---+----+-------------------+-------------------+---------+---------------------
*   1: printout of the result at time [hours]
*---+----+-------------------+-------------------+---------+---------------------
    1    0 2.3119200000000D+04
*---+----+-------------------+-------------------+---------+---------------------
    2    1 2.3119200000000D+04 1.7473100000000D+01
   0.88364     1.014    1.0031   0.99988    1.0054    1.0165    1.0334    1.0596
    1.0932    0.8912
    3    1 2.3119200000000D+04 1.0445419180000D+13
   0.88364     1.014    1.0031   0.99988    1.0054    1.0165    1.0334    1.0596
    1.0932    0.8912
    9    0 2.3119200000000D+04 2.9170000000000D+02
   10    0 2.3119200000000D+04 1.5800000000000D+01
*---+----+-------------------+-------------------+---------+---------------------
*   1: printout of the result at time [hours]
*---+----+-------------------+-------------------+---------+---------------------
    1    0 2.4062400000000D+04
*---+----+-------------------+-------------------+---------+---------------------
    2    1 2.4062400000000D+04 1.4954900000000D+01
   0.74945   0.85825   0.87175   0.90666   0.95694     1.017    1.0875    1.1748
    1.2718    1.1058
    3    1 2.4062400000000D+04 8.6603825900000D+12
   0.74945   0.85825   0.87175   0.90666   0.95694     1.017    1.0875    1.1748
    1.2718    1.1058
    9    0 2.4062400000000D+04 2.8120000000000D+02
   10    0 2.4062400000000D+04 1.5800000000000D+01
* data point #3214 end
*  00:  last line of data set (finishing the program)
*---+----+-------------------+-------------------+---------+---------------------
00000    0 2.4062400000000D+04
*---+----+-------------------+-------------------+---------+---------------------
