* data point #3073 begin
*
*---+----+-------------------+-------------------+---------+---------------------
*   1: printout of the result at time [hours]
*---+----+-------------------+-------------------+---------+---------------------
    1    0 0.0000000000000D+00
*---+----+-------------------+-------------------+---------+---------------------
    2    1 0.0000000000000D+00 2.4011000000000D+01
   0.56907   0.83624   0.99613    1.1134    1.1976     1.245    1.2426    1.1793
    1.0105    0.6101
    3    1 0.0000000000000D+00 1.1602115200000D+13
   0.56907   0.83624   0.99613    1.1134    1.1976     1.245    1.2426    1.1793
    1.0105    0.6101
    9    0 0.0000000000000D+00 2.9170000000000D+02
   10    0 0.0000000000000D+00 1.5800000000000D+01
*---+----+-------------------+-------------------+---------+---------------------
*   1: printout of the result at time [hours]
*---+----+-------------------+-------------------+---------+---------------------
    1    0 1.4400000000000D+02
*---+----+-------------------+-------------------+---------+---------------------
    2    1 1.4400000000000D+02 2.4376200000000D+01
   0.73026   0.99093    1.0899     1.136     1.157    1.1576    1.1355    1.0775
    0.9394   0.58594
    3    1 1.4400000000000D+02 1.1802956040000D+13
   0.73026   0.99093    1.0899     1.136     1.157    1.1576    1.1355    1.0775
    0.9394   0.58594
    9    0 1.4400000000000D+02 2.9170000000000D+02
   10    0 1.4400000000000D+02 1.5800000000000D+01
*---+----+-------------------+-------------------+---------+---------------------
*   1: printout of the result at time [hours]
*---+----+-------------------+-------------------+---------+---------------------
    1    0 3.6000000000000D+03
*---+----+-------------------+-------------------+---------+---------------------
    2    1 3.6000000000000D+03 2.5672500000000D+01
   0.85773    1.0931     1.109    1.0933    1.0776    1.0648    1.0542    1.0378
   0.97045   0.64193
    3    1 3.6000000000000D+03 1.2091747500000D+13
   0.85773    1.0931     1.109    1.0933    1.0776    1.0648    1.0542    1.0378
   0.97045   0.64193
    9    0 3.6000000000000D+03 2.9170000000000D+02
   10    0 3.6000000000000D+03 1.5800000000000D+01
*---+----+-------------------+-------------------+---------+---------------------
*   1: printout of the result at time [hours]
*---+----+-------------------+-------------------+---------+---------------------
    1    0 5.7600000000000D+03
*---+----+-------------------+-------------------+---------+---------------------
    2    1 5.7600000000000D+03 2.6820700000000D+01
   0.88201    1.1404     1.128    1.0956    1.0682    1.0465    1.0299    1.0145
   0.95881   0.63604
    3    1 5.7600000000000D+03 1.2369706840000D+13
   0.88201    1.1404     1.128    1.0956    1.0682    1.0465    1.0299    1.0145
   0.95881   0.63604
    9    0 5.7600000000000D+03 2.9170000000000D+02
   10    0 5.7600000000000D+03 1.5800000000000D+01
*---+----+-------------------+-------------------+---------+---------------------
*   1: printout of the result at time [hours]
*---+----+-------------------+-------------------+---------+---------------------
    1    0 6.9888000000000D+03
*---+----+-------------------+-------------------+---------+---------------------
    2    1 6.9888000000000D+03 2.6792300000000D+01
   0.87626    1.1171     1.088    1.0585    1.0398    1.0293    1.0277    1.0376
    1.0278   0.69796
    3    1 6.9888000000000D+03 1.2394117980000D+13
   0.87626    1.1171     1.088    1.0585    1.0398    1.0293    1.0277    1.0376
    1.0278   0.69796
    9    0 6.9888000000000D+03 2.9170000000000D+02
   10    0 6.9888000000000D+03 1.5800000000000D+01
*---+----+-------------------+-------------------+---------+---------------------
*   1: printout of the result at time [hours]
*---+----+-------------------+-------------------+---------+---------------------
    1    0 8.4830000000000D+03
*---+----+-------------------+-------------------+---------+---------------------
    2    1 8.4830000000000D+03 2.2469100000000D+01
   0.72508    0.9096   0.91677   0.94214   0.98402    1.0359    1.0996    1.1842
    1.2807   0.92193
    3    1 8.4830000000000D+03 1.0045934610000D+13
   0.72508    0.9096   0.91677   0.94214   0.98402    1.0359    1.0996    1.1842
    1.2807   0.92193
    9    0 8.4830000000000D+03 2.7520000000000D+02
   10    0 8.4830000000000D+03 1.5800000000000D+01
*---+----+-------------------+-------------------+---------+---------------------
*   1: printout of the result at time [hours]
*---+----+-------------------+-------------------+---------+---------------------
    1    0 8.4850000000000D+03
*---+----+-------------------+-------------------+---------+---------------------
    2    1 8.4850000000000D+03 2.6587000000000D+01
   0.68165   0.99176    1.0855    1.1334    1.1582    1.1591    1.1353     1.084
    0.9754   0.59574
    3    1 8.4850000000000D+03 1.3394530600000D+13
   0.68165   0.99176    1.0855    1.1334    1.1582    1.1591    1.1353     1.084
    0.9754   0.59574
    9    0 8.4850000000000D+03 2.9170000000000D+02
   10    0 8.4850000000000D+03 1.5800000000000D+01
*---+----+-------------------+-------------------+---------+---------------------
*   1: printout of the result at time [hours]
*---+----+-------------------+-------------------+---------+---------------------
    1    0 8.6280000000000D+03
*---+----+-------------------+-------------------+---------+---------------------
    2    1 8.6280000000000D+03 2.5776600000000D+01
   0.79914     1.098     1.147    1.1385    1.1237    1.0989    1.0649    1.0185
   0.92894   0.58239
    3    1 8.6280000000000D+03 1.2973362780000D+13
   0.79914     1.098     1.147    1.1385    1.1237    1.0989    1.0649    1.0185
   0.92894   0.58239
    9    0 8.6280000000000D+03 2.9170000000000D+02
   10    0 8.6280000000000D+03 1.5800000000000D+01
*---+----+-------------------+-------------------+---------+---------------------
*   1: printout of the result at time [hours]
*---+----+-------------------+-------------------+---------+---------------------
    1    0 9.9240000000000D+03
*---+----+-------------------+-------------------+---------+---------------------
    2    1 9.9240000000000D+03 2.5225800000000D+01
    0.8368    1.0978    1.1217    1.1038    1.0902    1.0745    1.0557    1.0296
   0.96381   0.62599
    3    1 9.9240000000000D+03 1.2814706400000D+13
    0.8368    1.0978    1.1217    1.1038    1.0902    1.0745    1.0557    1.0296
   0.96381   0.62599
    9    0 9.9240000000000D+03 2.9170000000000D+02
   10    0 9.9240000000000D+03 1.5800000000000D+01
*---+----+-------------------+-------------------+---------+---------------------
*   1: printout of the result at time [hours]
*---+----+-------------------+-------------------+---------+---------------------
    1    0 1.1529600000000D+04
*---+----+-------------------+-------------------+---------+---------------------
    2    1 1.1529600000000D+04 2.4483600000000D+01
   0.85731     1.078    1.0735    1.0585    1.0486    1.0429     1.042    1.0468
     1.034   0.71848
    3    1 1.1529600000000D+04 1.2533154840000D+13
   0.85731     1.078    1.0735    1.0585    1.0486    1.0429     1.042    1.0468
     1.034   0.71848
    9    0 1.1529600000000D+04 2.9170000000000D+02
   10    0 1.1529600000000D+04 1.5800000000000D+01
*---+----+-------------------+-------------------+---------+---------------------
*   1: printout of the result at time [hours]
*---+----+-------------------+-------------------+---------+---------------------
    1    0 1.3384800000000D+04
*---+----+-------------------+-------------------+---------+---------------------
    2    1 1.3384800000000D+04 1.9489500000000D+01
   0.69299   0.85882   0.88653   0.92537   0.97914    1.0426    1.1166    1.2066
    1.3064   0.98494
    3    1 1.3384800000000D+04 9.5810382000000D+12
   0.69299   0.85882   0.88653   0.92537   0.97914    1.0426    1.1166    1.2066
    1.3064   0.98494
    9    0 1.3384800000000D+04 2.7330000000000D+02
   10    0 1.3384800000000D+04 1.5800000000000D+01
*---+----+-------------------+-------------------+---------+---------------------
*   1: printout of the result at time [hours]
*---+----+-------------------+-------------------+---------+---------------------
    1    0 1.3388600000000D+04
*---+----+-------------------+-------------------+---------+---------------------
    2    1 1.3388600000000D+04 1.2052300000000D+01
   0.53915   0.69522   0.75521   0.83353   0.93368    1.0517     1.188    1.3458
    1.4965    1.1613
    3    1 1.3388600000000D+04 5.9056270000000D+12
   0.53915   0.69522   0.75521   0.83353   0.93368    1.0517     1.188    1.3458
    1.4965    1.1613
    9    0 1.3388600000000D+04 2.8340000000000D+02
   10    0 1.3388600000000D+04 1.5800000000000D+01
*---+----+-------------------+-------------------+---------+---------------------
*   1: printout of the result at time [hours]
*---+----+-------------------+-------------------+---------+---------------------
    1    0 1.3390600000000D+04
*---+----+-------------------+-------------------+---------+---------------------
    2    1 1.3390600000000D+04 2.2034900000000D+01
   0.78308     1.042     1.114    1.1465    1.1506    1.1266    1.0837     1.023
   0.92694   0.60368
    3    1 1.3390600000000D+04 1.1808502910000D+13
   0.78308     1.042     1.114    1.1465    1.1506    1.1266    1.0837     1.023
   0.92694   0.60368
    9    0 1.3390600000000D+04 2.9170000000000D+02
   10    0 1.3390600000000D+04 1.5800000000000D+01
*---+----+-------------------+-------------------+---------+---------------------
*   1: printout of the result at time [hours]
*---+----+-------------------+-------------------+---------+---------------------
    1    0 1.3533600000000D+04
*---+----+-------------------+-------------------+---------+---------------------
    2    1 1.3533600000000D+04 2.2249000000000D+01
   0.88705    1.1231    1.1538    1.1383    1.1132    1.0765    1.0321   0.97982
   0.89887   0.59733
    3    1 1.3533600000000D+04 1.1916564400000D+13
   0.88705    1.1231    1.1538    1.1383    1.1132    1.0765    1.0321   0.97982
   0.89887   0.59733
    9    0 1.3533600000000D+04 2.9170000000000D+02
   10    0 1.3533600000000D+04 1.5800000000000D+01
*---+----+-------------------+-------------------+---------+---------------------
*   1: printout of the result at time [hours]
*---+----+-------------------+-------------------+---------+---------------------
    1    0 1.4949600000000D+04
*---+----+-------------------+-------------------+---------+---------------------
    2    1 1.4949600000000D+04 2.1854600000000D+01
   0.89016    1.0768    1.0824    1.0762    1.0672    1.0554    1.0417    1.0262
   0.99036   0.69349
    3    1 1.4949600000000D+04 1.1759960260000D+13
   0.89016    1.0768    1.0824    1.0762    1.0672    1.0554    1.0417    1.0262
   0.99036   0.69349
    9    0 1.4949600000000D+04 2.9170000000000D+02
   10    0 1.4949600000000D+04 1.5800000000000D+01
*---+----+-------------------+-------------------+---------+---------------------
*   1: printout of the result at time [hours]
*---+----+-------------------+-------------------+---------+---------------------
    1    0 1.5775200000000D+04
*---+----+-------------------+-------------------+---------+---------------------
    2    1 1.5775200000000D+04 2.1682500000000D+01
   0.90617    1.0724    1.0635    1.0536    1.0454    1.0378    1.0321    1.0302
    1.0193   0.73954
    3    1 1.5775200000000D+04 1.1673858000000D+13
   0.90617    1.0724    1.0635    1.0536    1.0454    1.0378    1.0321    1.0302
    1.0193   0.73954
    9    0 1.5775200000000D+04 2.9170000000000D+02
   10    0 1.5775200000000D+04 1.5800000000000D+01
*---+----+-------------------+-------------------+---------+---------------------
*   1: printout of the result at time [hours]
*---+----+-------------------+-------------------+---------+---------------------
    1    0 1.6412600000000D+04
*---+----+-------------------+-------------------+---------+---------------------
    2    1 1.6412600000000D+04 2.0600700000000D+01
   0.80769   0.95065   0.96487    0.9872    1.0161    1.0473    1.0807    1.1188
    1.1591    0.8674
    3    1 1.6412600000000D+04 1.0858628970000D+13
   0.80769   0.95065   0.96487    0.9872    1.0161    1.0473    1.0807    1.1188
    1.1591    0.8674
    9    0 1.6412600000000D+04 2.8320000000000D+02
   10    0 1.6412600000000D+04 1.5800000000000D+01
*---+----+-------------------+-------------------+---------+---------------------
*   1: printout of the result at time [hours]
*---+----+-------------------+-------------------+---------+---------------------
    1    0 1.6414600000000D+04
*---+----+-------------------+-------------------+---------+---------------------
    2    1 1.6414600000000D+04 1.7426300000000D+01
   0.44307   0.61579   0.73217   0.86157   0.99895    1.1351    1.2609    1.3652
    1.4319    1.1554
    3    1 1.6414600000000D+04 9.9957256800000D+12
   0.44307   0.61579   0.73217   0.86157   0.99895    1.1351    1.2609    1.3652
    1.4319    1.1554
    9    0 1.6414600000000D+04 2.9170000000000D+02
   10    0 1.6414600000000D+04 1.5800000000000D+01
*---+----+-------------------+-------------------+---------+---------------------
*   1: printout of the result at time [hours]
*---+----+-------------------+-------------------+---------+---------------------
    1    0 1.6557600000000D+04
*---+----+-------------------+-------------------+---------+---------------------
    2    1 1.6557600000000D+04 1.7678900000000D+01
   0.64636   0.83269   0.90175   0.96505    1.0272    1.0869    1.1427    1.1915
    1.2189     0.987
    3    1 1.6557600000000D+04 1.0130009700000D+13
   0.64636   0.83269   0.90175   0.96505    1.0272    1.0869    1.1427    1.1915
    1.2189     0.987
    9    0 1.6557600000000D+04 2.9170000000000D+02
   10    0 1.6557600000000D+04 1.5800000000000D+01
*---+----+-------------------+-------------------+---------+---------------------
*   1: printout of the result at time [hours]
*---+----+-------------------+-------------------+---------+---------------------
    1    0 2.1813600000000D+04
*---+----+-------------------+-------------------+---------+---------------------
    2    1 2.1813600000000D+04 1.7695800000000D+01
   0.89784    1.0593    1.0596    1.0487    1.0383    1.0295    1.0231    1.0189
    1.0035   0.82127
    3    1 2.1813600000000D+04 1.0343195100000D+13
   0.89784    1.0593    1.0596    1.0487    1.0383    1.0295    1.0231    1.0189
    1.0035   0.82127
    9    0 2.1813600000000D+04 2.9170000000000D+02
   10    0 2.1813600000000D+04 1.5800000000000D+01
*---+----+-------------------+-------------------+---------+---------------------
*   1: printout of the result at time [hours]
*---+----+-------------------+-------------------+---------+---------------------
    1    0 2.3695200000000D+04
*---+----+-------------------+-------------------+---------+---------------------
    2    1 2.3695200000000D+04 1.7595000000000D+01
   0.89832    1.0245    1.0116    1.0035    1.0038    1.0095    1.0215     1.043
    1.0767   0.90759
    3    1 2.3695200000000D+04 1.0319467500000D+13
   0.89832    1.0245    1.0116    1.0035    1.0038    1.0095    1.0215     1.043
    1.0767   0.90759
    9    0 2.3695200000000D+04 2.9170000000000D+02
   10    0 2.3695200000000D+04 1.5800000000000D+01
*---+----+-------------------+-------------------+---------+---------------------
*   1: printout of the result at time [hours]
*---+----+-------------------+-------------------+---------+---------------------
    1    0 2.4431000000000D+04
*---+----+-------------------+-------------------+---------+---------------------
    2    1 2.4431000000000D+04 1.6203200000000D+01
   0.79163   0.89945   0.90636   0.93043   0.96777     1.013    1.0665     1.134
    1.2127    1.0781
    3    1 2.4431000000000D+04 9.2374443200000D+12
   0.79163   0.89945   0.90636   0.93043   0.96777     1.013    1.0665     1.134
    1.2127    1.0781
    9    0 2.4431000000000D+04 2.8110000000000D+02
   10    0 2.4431000000000D+04 1.5800000000000D+01
*---+----+-------------------+-------------------+---------+---------------------
*   1: printout of the result at time [hours]
*---+----+-------------------+-------------------+---------+---------------------
    1    0 2.4433000000000D+04
*---+----+-------------------+-------------------+---------+---------------------
    2    1 2.4433000000000D+04 3.5137000000000D+00
   0.53391   0.72801   0.86433   0.98614    1.0931    1.1788    1.2332    1.2426
    1.1913   0.94857
    3    1 2.4433000000000D+04 2.1872782500000D+12
   0.53391   0.72801   0.86433   0.98614    1.0931    1.1788    1.2332    1.2426
    1.1913   0.94857
    9    0 2.4433000000000D+04 2.9170000000000D+02
   10    0 2.4433000000000D+04 1.5800000000000D+01
*---+----+-------------------+-------------------+---------+---------------------
*   1: printout of the result at time [hours]
*---+----+-------------------+-------------------+---------+---------------------
    1    0 2.4576000000000D+04
*---+----+-------------------+-------------------+---------+---------------------
    2    1 2.4576000000000D+04 3.6358000000000D+00
   0.73051   0.92029   0.99868    1.0468    1.0795    1.1007    1.1186    1.0966
    1.0526   0.85566
    3    1 2.4576000000000D+04 2.2207466400000D+12
   0.73051   0.92029   0.99868    1.0468    1.0795    1.1007    1.1186    1.0966
    1.0526   0.85566
    9    0 2.4576000000000D+04 2.9170000000000D+02
   10    0 2.4576000000000D+04 1.5800000000000D+01
*---+----+-------------------+-------------------+---------+---------------------
*   1: printout of the result at time [hours]
*---+----+-------------------+-------------------+---------+---------------------
    1    0 2.8032000000000D+04
*---+----+-------------------+-------------------+---------+---------------------
    2    1 2.8032000000000D+04 4.3235000000000D+00
   0.87128    1.0515    1.0801    1.0653    1.0526    1.0408    1.0309    1.0175
   0.98277   0.80722
    3    1 2.8032000000000D+04 2.5525944000000D+12
   0.87128    1.0515    1.0801    1.0653    1.0526    1.0408    1.0309    1.0175
   0.98277   0.80722
    9    0 2.8032000000000D+04 2.9170000000000D+02
   10    0 2.8032000000000D+04 1.5800000000000D+01
*---+----+-------------------+-------------------+---------+---------------------
*   1: printout of the result at time [hours]
*---+----+-------------------+-------------------+---------+---------------------
    1    0 2.9832000000000D+04
*---+----+-------------------+-------------------+---------+---------------------
    2    1 2.9832000000000D+04 4.7549000000000D+00
   0.88961    1.0879    1.1121    1.0856    1.0614    1.0383    1.0171   0.99287
   0.94639   0.76868
    3    1 2.9832000000000D+04 2.7625969000000D+12
   0.88961    1.0879    1.1121    1.0856    1.0614    1.0383    1.0171   0.99287
   0.94639   0.76868
    9    0 2.9832000000000D+04 2.9170000000000D+02
   10    0 2.9832000000000D+04 1.5800000000000D+01
*---+----+-------------------+-------------------+---------+---------------------
*   1: printout of the result at time [hours]
*---+----+-------------------+-------------------+---------+---------------------
    1    0 3.1586400000000D+04
*---+----+-------------------+-------------------+---------+---------------------
    2    1 3.1586400000000D+04 5.1646000000000D+00
   0.84886    1.0086    1.0115    1.0107    1.0191     1.033    1.0506     1.069
    1.0649   0.88371
    3    1 3.1586400000000D+04 2.9412397000000D+12
   0.84886    1.0086    1.0115    1.0107    1.0191     1.033    1.0506     1.069
    1.0649   0.88371
    9    0 3.1586400000000D+04 2.9170000000000D+02
   10    0 3.1586400000000D+04 1.5800000000000D+01
*---+----+-------------------+-------------------+---------+---------------------
*   1: printout of the result at time [hours]
*---+----+-------------------+-------------------+---------+---------------------
    1    0 3.2529600000000D+04
*---+----+-------------------+-------------------+---------+---------------------
    2    1 3.2529600000000D+04 4.5109000000000D+00
   0.71804   0.85083   0.87521   0.91312   0.96677    1.0304    1.1031    1.1862
     1.268    1.0883
    3    1 3.2529600000000D+04 2.5040005900000D+12
   0.71804   0.85083   0.87521   0.91312   0.96677    1.0304    1.1031    1.1862
     1.268    1.0883
    9    0 3.2529600000000D+04 2.8120000000000D+02
   10    0 3.2529600000000D+04 1.5800000000000D+01
* data point #3073 end
*  00:  last line of data set (finishing the program)
*---+----+-------------------+-------------------+---------+---------------------
00000    0 3.2529600000000D+04
*---+----+-------------------+-------------------+---------+---------------------
