* data point #3170 begin
*
*---+----+-------------------+-------------------+---------+---------------------
*   1: printout of the result at time [hours]
*---+----+-------------------+-------------------+---------+---------------------
    1    0 0.0000000000000D+00
*---+----+-------------------+-------------------+---------+---------------------
    2    1 0.0000000000000D+00 2.4132800000000D+01
   0.51598   0.72561   0.86235   0.98501    1.0984    1.1956    1.2666     1.301
    1.2259   0.82353
    3    1 0.0000000000000D+00 1.1832311840000D+13
   0.51598   0.72561   0.86235   0.98501    1.0984    1.1956    1.2666     1.301
    1.2259   0.82353
    9    0 0.0000000000000D+00 2.9170000000000D+02
   10    0 0.0000000000000D+00 1.5800000000000D+01
*---+----+-------------------+-------------------+---------+---------------------
*   1: printout of the result at time [hours]
*---+----+-------------------+-------------------+---------+---------------------
    1    0 1.4400000000000D+02
*---+----+-------------------+-------------------+---------+---------------------
    2    1 1.4400000000000D+02 2.3915800000000D+01
   0.72772   0.94206    1.0191    1.0629    1.0945    1.1176    1.1344    1.1242
    1.0573   0.72019
    3    1 1.4400000000000D+02 1.1749832540000D+13
   0.72772   0.94206    1.0191    1.0629    1.0945    1.1176    1.1344    1.1242
    1.0573   0.72019
    9    0 1.4400000000000D+02 2.9170000000000D+02
   10    0 1.4400000000000D+02 1.5800000000000D+01
*---+----+-------------------+-------------------+---------+---------------------
*   1: printout of the result at time [hours]
*---+----+-------------------+-------------------+---------+---------------------
    1    0 5.4000000000000D+03
*---+----+-------------------+-------------------+---------+---------------------
    2    1 5.4000000000000D+03 2.6217500000000D+01
   0.88838    1.1534    1.1566    1.1239    1.0892    1.0565    1.0258   0.99174
   0.91595   0.59857
    3    1 5.4000000000000D+03 1.2602752250000D+13
   0.88838    1.1534    1.1566    1.1239    1.0892    1.0565    1.0258   0.99174
   0.91595   0.59857
    9    0 5.4000000000000D+03 2.9170000000000D+02
   10    0 5.4000000000000D+03 1.5800000000000D+01
*---+----+-------------------+-------------------+---------+---------------------
*   1: printout of the result at time [hours]
*---+----+-------------------+-------------------+---------+---------------------
    1    0 7.2816000000000D+03
*---+----+-------------------+-------------------+---------+---------------------
    2    1 7.2816000000000D+03 2.5975500000000D+01
   0.87644    1.1085    1.0889    1.0656    1.0505    1.0408    1.0362    1.0371
     1.014   0.68191
    3    1 7.2816000000000D+03 1.2561751800000D+13
   0.87644    1.1085    1.0889    1.0656    1.0505    1.0408    1.0362    1.0371
     1.014   0.68191
    9    0 7.2816000000000D+03 2.9170000000000D+02
   10    0 7.2816000000000D+03 1.5800000000000D+01
*---+----+-------------------+-------------------+---------+---------------------
*   1: printout of the result at time [hours]
*---+----+-------------------+-------------------+---------+---------------------
    1    0 8.0174000000000D+03
*---+----+-------------------+-------------------+---------+---------------------
    2    1 8.0174000000000D+03 2.4255600000000D+01
   0.77166   0.97066   0.97845   0.99272    1.0191     1.052    1.0908     1.138
    1.1687   0.81783
    3    1 8.0174000000000D+03 1.1419536480000D+13
   0.77166   0.97066   0.97845   0.99272    1.0191     1.052    1.0908     1.138
    1.1687   0.81783
    9    0 8.0174000000000D+03 2.8110000000000D+02
   10    0 8.0174000000000D+03 1.5800000000000D+01
*---+----+-------------------+-------------------+---------+---------------------
*   1: printout of the result at time [hours]
*---+----+-------------------+-------------------+---------+---------------------
    1    0 8.0194000000000D+03
*---+----+-------------------+-------------------+---------+---------------------
    2    1 8.0194000000000D+03 2.2844800000000D+01
   0.44614   0.70673   0.85437   0.98985     1.115    1.2202    1.2941    1.3257
    1.2354   0.81253
    3    1 8.0194000000000D+03 1.1778778880000D+13
   0.44614   0.70673   0.85437   0.98985     1.115    1.2202    1.2941    1.3257
    1.2354   0.81253
    9    0 8.0194000000000D+03 2.9170000000000D+02
   10    0 8.0194000000000D+03 1.5800000000000D+01
*---+----+-------------------+-------------------+---------+---------------------
*   1: printout of the result at time [hours]
*---+----+-------------------+-------------------+---------+---------------------
    1    0 8.1624000000000D+03
*---+----+-------------------+-------------------+---------+---------------------
    2    1 8.1624000000000D+03 2.2801000000000D+01
   0.63576   0.92711    1.0191    1.0753     1.116    1.1437    1.1605    1.1466
    1.0658   0.71014
    3    1 8.1624000000000D+03 1.1769876200000D+13
   0.63576   0.92711    1.0191    1.0753     1.116    1.1437    1.1605    1.1466
    1.0658   0.71014
    9    0 8.1624000000000D+03 2.9170000000000D+02
   10    0 8.1624000000000D+03 1.5800000000000D+01
*---+----+-------------------+-------------------+---------+---------------------
*   1: printout of the result at time [hours]
*---+----+-------------------+-------------------+---------+---------------------
    1    0 1.1618400000000D+04
*---+----+-------------------+-------------------+---------+---------------------
    2    1 1.1618400000000D+04 2.1525100000000D+01
   0.84436    1.0785    1.0837     1.071    1.0595    1.0507    1.0449    1.0398
    1.0023   0.72525
    3    1 1.1618400000000D+04 1.1242559730000D+13
   0.84436    1.0785    1.0837     1.071    1.0595    1.0507    1.0449    1.0398
    1.0023   0.72525
    9    0 1.1618400000000D+04 2.9170000000000D+02
   10    0 1.1618400000000D+04 1.5800000000000D+01
*---+----+-------------------+-------------------+---------+---------------------
*   1: printout of the result at time [hours]
*---+----+-------------------+-------------------+---------+---------------------
    1    0 1.3778400000000D+04
*---+----+-------------------+-------------------+---------+---------------------
    2    1 1.3778400000000D+04 2.0706900000000D+01
   0.89931    1.0938    1.0783    1.0604    1.0461    1.0343    1.0254    1.0199
   0.99421   0.74816
    3    1 1.3778400000000D+04 1.0883546640000D+13
   0.89931    1.0938    1.0783    1.0604    1.0461    1.0343    1.0254    1.0199
   0.99421   0.74816
    9    0 1.3778400000000D+04 2.9170000000000D+02
   10    0 1.3778400000000D+04 1.5800000000000D+01
*---+----+-------------------+-------------------+---------+---------------------
*   1: printout of the result at time [hours]
*---+----+-------------------+-------------------+---------+---------------------
    1    0 1.5081600000000D+04
*---+----+-------------------+-------------------+---------+---------------------
    2    1 1.5081600000000D+04 2.0531600000000D+01
   0.89418    1.0506    1.0326    1.0213    1.0188    1.0208    1.0273    1.0428
    1.0602    0.8315
    3    1 1.5081600000000D+04 1.0832472160000D+13
   0.89418    1.0506    1.0326    1.0213    1.0188    1.0208    1.0273    1.0428
    1.0602    0.8315
    9    0 1.5081600000000D+04 2.9170000000000D+02
   10    0 1.5081600000000D+04 1.5800000000000D+01
*---+----+-------------------+-------------------+---------+---------------------
*   1: printout of the result at time [hours]
*---+----+-------------------+-------------------+---------+---------------------
    1    0 1.5503000000000D+04
*---+----+-------------------+-------------------+---------+---------------------
    2    1 1.5503000000000D+04 1.9343600000000D+01
   0.80538   0.94832   0.95013   0.96699   0.99583      1.03     1.069    1.1177
    1.1743   0.94238
    3    1 1.5503000000000D+04 1.0045131480000D+13
   0.80538   0.94832   0.95013   0.96699   0.99583      1.03     1.069    1.1177
    1.1743   0.94238
    9    0 1.5503000000000D+04 2.8640000000000D+02
   10    0 1.5503000000000D+04 1.5800000000000D+01
*---+----+-------------------+-------------------+---------+---------------------
*   1: printout of the result at time [hours]
*---+----+-------------------+-------------------+---------+---------------------
    1    0 1.5505000000000D+04
*---+----+-------------------+-------------------+---------+---------------------
    2    1 1.5505000000000D+04 1.9753300000000D+01
   0.50741   0.72828   0.86391   0.99143    1.1073    1.2025    1.2662    1.2915
    1.2217   0.81986
    3    1 1.5505000000000D+04 1.1219874400000D+13
   0.50741   0.72828   0.86391   0.99143    1.1073    1.2025    1.2662    1.2915
    1.2217   0.81986
    9    0 1.5505000000000D+04 2.9170000000000D+02
   10    0 1.5505000000000D+04 1.5800000000000D+01
*---+----+-------------------+-------------------+---------+---------------------
*   1: printout of the result at time [hours]
*---+----+-------------------+-------------------+---------+---------------------
    1    0 1.5648000000000D+04
*---+----+-------------------+-------------------+---------+---------------------
    2    1 1.5648000000000D+04 1.9497300000000D+01
   0.70282     0.933    1.0105    1.0624    1.1002    1.1258    1.1413    1.1282
    1.0688   0.72708
    3    1 1.5648000000000D+04 1.1049119910000D+13
   0.70282     0.933    1.0105    1.0624    1.1002    1.1258    1.1413    1.1282
    1.0688   0.72708
    9    0 1.5648000000000D+04 2.9170000000000D+02
   10    0 1.5648000000000D+04 1.5800000000000D+01
*---+----+-------------------+-------------------+---------+---------------------
*   1: printout of the result at time [hours]
*---+----+-------------------+-------------------+---------+---------------------
    1    0 1.9104000000000D+04
*---+----+-------------------+-------------------+---------+---------------------
    2    1 1.9104000000000D+04 1.9708300000000D+01
   0.87486    1.0736    1.0904     1.074     1.062    1.0513    1.0423    1.0315
   0.99298   0.70696
    3    1 1.9104000000000D+04 1.1326360010000D+13
   0.87486    1.0736    1.0904     1.074     1.062    1.0513    1.0423    1.0315
   0.99298   0.70696
    9    0 1.9104000000000D+04 2.9170000000000D+02
   10    0 1.9104000000000D+04 1.5800000000000D+01
*---+----+-------------------+-------------------+---------+---------------------
*   1: printout of the result at time [hours]
*---+----+-------------------+-------------------+---------+---------------------
    1    0 2.0904000000000D+04
*---+----+-------------------+-------------------+---------+---------------------
    2    1 2.0904000000000D+04 1.9882500000000D+01
   0.90703    1.1022    1.1037    1.0845    1.0636    1.0441    1.0265    1.0085
   0.96592   0.69388
    3    1 2.0904000000000D+04 1.1515944000000D+13
   0.90703    1.1022    1.1037    1.0845    1.0636    1.0441    1.0265    1.0085
   0.96592   0.69388
    9    0 2.0904000000000D+04 2.9170000000000D+02
   10    0 2.0904000000000D+04 1.5800000000000D+01
*---+----+-------------------+-------------------+---------+---------------------
*   1: printout of the result at time [hours]
*---+----+-------------------+-------------------+---------+---------------------
    1    0 2.2658400000000D+04
*---+----+-------------------+-------------------+---------+---------------------
    2    1 2.2658400000000D+04 1.9769200000000D+01
   0.87915    1.0267    1.0176    1.0143    1.0209    1.0329     1.049    1.0697
    1.0807   0.80899
    3    1 2.2658400000000D+04 1.1487882120000D+13
   0.87915    1.0267    1.0176    1.0143    1.0209    1.0329     1.049    1.0697
    1.0807   0.80899
    9    0 2.2658400000000D+04 2.9170000000000D+02
   10    0 2.2658400000000D+04 1.5800000000000D+01
*---+----+-------------------+-------------------+---------+---------------------
*   1: printout of the result at time [hours]
*---+----+-------------------+-------------------+---------+---------------------
    1    0 2.3601600000000D+04
*---+----+-------------------+-------------------+---------+---------------------
    2    1 2.3601600000000D+04 1.7222000000000D+01
   0.74428   0.86633   0.88248   0.91912   0.97207    1.0347    1.1067    1.1917
    1.2724    1.0103
    3    1 2.3601600000000D+04 9.7287078000000D+12
   0.74428   0.86633   0.88248   0.91912   0.97207    1.0347    1.1067    1.1917
    1.2724    1.0103
    9    0 2.3601600000000D+04 2.8120000000000D+02
   10    0 2.3601600000000D+04 1.5800000000000D+01
* data point #3170 end
*  00:  last line of data set (finishing the program)
*---+----+-------------------+-------------------+---------+---------------------
00000    0 2.3601600000000D+04
*---+----+-------------------+-------------------+---------+---------------------
