* data point #3824 begin
*
*---+----+-------------------+-------------------+---------+---------------------
*   1: printout of the result at time [hours]
*---+----+-------------------+-------------------+---------+---------------------
    1    0 0.0000000000000D+00
*---+----+-------------------+-------------------+---------+---------------------
    2    1 0.0000000000000D+00 1.5710400000000D+01
   0.46511   0.77885   0.93594    1.0588    1.1608    1.2366    1.2809    1.2628
    1.1378   0.68235
    3    1 0.0000000000000D+00 6.8717289600000D+12
   0.46511   0.77885   0.93594    1.0588    1.1608    1.2366    1.2809    1.2628
    1.1378   0.68235
    9    0 0.0000000000000D+00 2.9170000000000D+02
   10    0 0.0000000000000D+00 1.5800000000000D+01
*---+----+-------------------+-------------------+---------+---------------------
*   1: printout of the result at time [hours]
*---+----+-------------------+-------------------+---------+---------------------
    1    0 1.4400000000000D+02
*---+----+-------------------+-------------------+---------+---------------------
    2    1 1.4400000000000D+02 1.5532400000000D+01
   0.65283   0.99817    1.0897     1.126    1.1426    1.1462    1.1359    1.1011
   0.99418   0.61343
    3    1 1.4400000000000D+02 6.7721264000000D+12
   0.65283   0.99817    1.0897     1.126    1.1426    1.1462    1.1359    1.1011
   0.99418   0.61343
    9    0 1.4400000000000D+02 2.9170000000000D+02
   10    0 1.4400000000000D+02 1.5800000000000D+01
*---+----+-------------------+-------------------+---------+---------------------
*   1: printout of the result at time [hours]
*---+----+-------------------+-------------------+---------+---------------------
    1    0 3.6000000000000D+03
*---+----+-------------------+-------------------+---------+---------------------
    2    1 3.6000000000000D+03 1.6026700000000D+01
   0.83567    1.1402    1.1472    1.1173    1.0866    1.0594    1.0357    1.0099
   0.94249   0.62558
    3    1 3.6000000000000D+03 6.9812305200000D+12
   0.83567    1.1402    1.1472    1.1173    1.0866    1.0594    1.0357    1.0099
   0.94249   0.62558
    9    0 3.6000000000000D+03 2.9170000000000D+02
   10    0 3.6000000000000D+03 1.5800000000000D+01
*---+----+-------------------+-------------------+---------+---------------------
*   1: printout of the result at time [hours]
*---+----+-------------------+-------------------+---------+---------------------
    1    0 5.7600000000000D+03
*---+----+-------------------+-------------------+---------+---------------------
    2    1 5.7600000000000D+03 1.6427200000000D+01
   0.87751    1.1636    1.1522    1.1155    1.0802    1.0478    1.0186   0.98915
   0.92548   0.62993
    3    1 5.7600000000000D+03 7.1737582400000D+12
   0.87751    1.1636    1.1522    1.1155    1.0802    1.0478    1.0186   0.98915
   0.92548   0.62993
    9    0 5.7600000000000D+03 2.9170000000000D+02
   10    0 5.7600000000000D+03 1.5800000000000D+01
*---+----+-------------------+-------------------+---------+---------------------
*   1: printout of the result at time [hours]
*---+----+-------------------+-------------------+---------+---------------------
    1    0 7.0632000000000D+03
*---+----+-------------------+-------------------+---------+---------------------
    2    1 7.0632000000000D+03 1.6575700000000D+01
   0.86373    1.1087    1.0905    1.0674    1.0527    1.0422    1.0348    1.0307
    1.0014   0.70766
    3    1 7.0632000000000D+03 7.2452384700000D+12
   0.86373    1.1087    1.0905    1.0674    1.0527    1.0422    1.0348    1.0307
    1.0014   0.70766
    9    0 7.0632000000000D+03 2.9170000000000D+02
   10    0 7.0632000000000D+03 1.5800000000000D+01
*---+----+-------------------+-------------------+---------+---------------------
*   1: printout of the result at time [hours]
*---+----+-------------------+-------------------+---------+---------------------
    1    0 7.4846000000000D+03
*---+----+-------------------+-------------------+---------+---------------------
    2    1 7.4846000000000D+03 1.5731500000000D+01
   0.77717   0.99749    1.0046    1.0136    1.0333    1.0572    1.0839    1.1136
    1.1139   0.80526
    3    1 7.4846000000000D+03 6.7802765000000D+12
   0.77717   0.99749    1.0046    1.0136    1.0333    1.0572    1.0839    1.1136
    1.1139   0.80526
    9    0 7.4846000000000D+03 2.8640000000000D+02
   10    0 7.4846000000000D+03 1.5800000000000D+01
*---+----+-------------------+-------------------+---------+---------------------
*   1: printout of the result at time [hours]
*---+----+-------------------+-------------------+---------+---------------------
    1    0 7.4866000000000D+03
*---+----+-------------------+-------------------+---------+---------------------
    2    1 7.4866000000000D+03 2.5667900000000D+01
   0.47246    0.7223   0.86096   0.99498    1.1201    1.2239    1.2939     1.321
    1.2336   0.75674
    3    1 7.4866000000000D+03 1.3026459250000D+13
   0.47246    0.7223   0.86096   0.99498    1.1201    1.2239    1.2939     1.321
    1.2336   0.75674
    9    0 7.4866000000000D+03 2.9170000000000D+02
   10    0 7.4866000000000D+03 1.5800000000000D+01
*---+----+-------------------+-------------------+---------+---------------------
*   1: printout of the result at time [hours]
*---+----+-------------------+-------------------+---------+---------------------
    1    0 7.6296000000000D+03
*---+----+-------------------+-------------------+---------+---------------------
    2    1 7.6296000000000D+03 2.5593900000000D+01
   0.66707    0.9412    1.0216    1.0765    1.1178    1.1452      1.16    1.1434
    1.0651   0.66211
    3    1 7.6296000000000D+03 1.3004260590000D+13
   0.66707    0.9412    1.0216    1.0765    1.1178    1.1452      1.16    1.1434
    1.0651   0.66211
    9    0 7.6296000000000D+03 2.9170000000000D+02
   10    0 7.6296000000000D+03 1.5800000000000D+01
*---+----+-------------------+-------------------+---------+---------------------
*   1: printout of the result at time [hours]
*---+----+-------------------+-------------------+---------+---------------------
    1    0 1.1085600000000D+04
*---+----+-------------------+-------------------+---------+---------------------
    2    1 1.1085600000000D+04 2.3747800000000D+01
   0.86391    1.0874     1.091    1.0795     1.068    1.0578     1.049    1.0388
   0.99559   0.66899
    3    1 1.1085600000000D+04 1.2294236060000D+13
   0.86391    1.0874     1.091    1.0795     1.068    1.0578     1.049    1.0388
   0.99559   0.66899
    9    0 1.1085600000000D+04 2.9170000000000D+02
   10    0 1.1085600000000D+04 1.5800000000000D+01
*---+----+-------------------+-------------------+---------+---------------------
*   1: printout of the result at time [hours]
*---+----+-------------------+-------------------+---------+---------------------
    1    0 1.2885600000000D+04
*---+----+-------------------+-------------------+---------+---------------------
    2    1 1.2885600000000D+04 2.2795700000000D+01
   0.90583    1.1061    1.0954    1.0774    1.0605    1.0451    1.0316     1.019
   0.98102   0.67802
    3    1 1.2885600000000D+04 1.1903914540000D+13
   0.90583    1.1061    1.0954    1.0774    1.0605    1.0451    1.0316     1.019
   0.98102   0.67802
    9    0 1.2885600000000D+04 2.9170000000000D+02
   10    0 1.2885600000000D+04 1.5800000000000D+01
*---+----+-------------------+-------------------+---------+---------------------
*   1: printout of the result at time [hours]
*---+----+-------------------+-------------------+---------+---------------------
    1    0 1.4640000000000D+04
*---+----+-------------------+-------------------+---------+---------------------
    2    1 1.4640000000000D+04 2.2332400000000D+01
   0.89153    1.0418    1.0264    1.0189    1.0214    1.0294    1.0424    1.0627
    1.0783   0.78711
    3    1 1.4640000000000D+04 1.1733442960000D+13
   0.89153    1.0418    1.0264    1.0189    1.0214    1.0294    1.0424    1.0627
    1.0783   0.78711
    9    0 1.4640000000000D+04 2.9170000000000D+02
   10    0 1.4640000000000D+04 1.5800000000000D+01
*---+----+-------------------+-------------------+---------+---------------------
*   1: printout of the result at time [hours]
*---+----+-------------------+-------------------+---------+---------------------
    1    0 1.5583200000000D+04
*---+----+-------------------+-------------------+---------+---------------------
    2    1 1.5583200000000D+04 1.9342700000000D+01
   0.75625   0.88131   0.89202   0.92479    0.9736    1.0318    1.0992    1.1811
     1.279   0.98094
    3    1 1.5583200000000D+04 9.8783168900000D+12
   0.75625   0.88131   0.89202   0.92479    0.9736    1.0318    1.0992    1.1811
     1.279   0.98094
    9    0 1.5583200000000D+04 2.8120000000000D+02
   10    0 1.5583200000000D+04 1.5800000000000D+01
* data point #3824 end
*  00:  last line of data set (finishing the program)
*---+----+-------------------+-------------------+---------+---------------------
00000    0 1.5583200000000D+04
*---+----+-------------------+-------------------+---------+---------------------
