* data point #3678 begin
*
*---+----+-------------------+-------------------+---------+---------------------
*   1: printout of the result at time [hours]
*---+----+-------------------+-------------------+---------+---------------------
    1    0 0.0000000000000D+00
*---+----+-------------------+-------------------+---------+---------------------
    2    1 0.0000000000000D+00 2.1061300000000D+01
   0.63215   0.99742    1.1025    1.1525    1.1792    1.1825    1.1606    1.1063
   0.96661   0.52015
    3    1 0.0000000000000D+00 8.6246023500000D+12
   0.63215   0.99742    1.1025    1.1525    1.1792    1.1825    1.1606    1.1063
   0.96661   0.52015
    9    0 0.0000000000000D+00 2.9170000000000D+02
   10    0 0.0000000000000D+00 1.5800000000000D+01
*---+----+-------------------+-------------------+---------+---------------------
*   1: printout of the result at time [hours]
*---+----+-------------------+-------------------+---------+---------------------
    1    0 1.4400000000000D+02
*---+----+-------------------+-------------------+---------+---------------------
    2    1 1.4400000000000D+02 2.1387300000000D+01
   0.76227    1.1229    1.1761    1.1624    1.1425    1.1143    1.0776    1.0259
   0.90895   0.50712
    3    1 1.4400000000000D+02 8.8051514100000D+12
   0.76227    1.1229    1.1761    1.1624    1.1425    1.1143    1.0776    1.0259
   0.90895   0.50712
    9    0 1.4400000000000D+02 2.9170000000000D+02
   10    0 1.4400000000000D+02 1.5800000000000D+01
*---+----+-------------------+-------------------+---------+---------------------
*   1: printout of the result at time [hours]
*---+----+-------------------+-------------------+---------+---------------------
    1    0 1.4400000000000D+03
*---+----+-------------------+-------------------+---------+---------------------
    2    1 1.4400000000000D+03 2.1282000000000D+01
   0.81111    1.1323    1.1478    1.1277    1.1069    1.0861    1.0634    1.0323
   0.94263   0.54971
    3    1 1.4400000000000D+03 8.8958760000000D+12
   0.81111    1.1323    1.1478    1.1277    1.1069    1.0861    1.0634    1.0323
   0.94263   0.54971
    9    0 1.4400000000000D+03 2.9170000000000D+02
   10    0 1.4400000000000D+03 1.5800000000000D+01
*---+----+-------------------+-------------------+---------+---------------------
*   1: printout of the result at time [hours]
*---+----+-------------------+-------------------+---------+---------------------
    1    0 3.0456000000000D+03
*---+----+-------------------+-------------------+---------+---------------------
    2    1 3.0456000000000D+03 2.1214800000000D+01
   0.84234    1.1114    1.0989    1.0737     1.056    1.0445    1.0402    1.0451
    1.0278   0.66006
    3    1 3.0456000000000D+03 8.9653744800000D+12
   0.84234    1.1114    1.0989    1.0737     1.056    1.0445    1.0402    1.0451
    1.0278   0.66006
    9    0 3.0456000000000D+03 2.9170000000000D+02
   10    0 3.0456000000000D+03 1.5800000000000D+01
*---+----+-------------------+-------------------+---------+---------------------
*   1: printout of the result at time [hours]
*---+----+-------------------+-------------------+---------+---------------------
    1    0 4.9008000000000D+03
*---+----+-------------------+-------------------+---------+---------------------
    2    1 4.9008000000000D+03 1.6432200000000D+01
    0.6892   0.89112   0.91302   0.94528   0.99293    1.0502    1.1183    1.2043
    1.2919   0.90377
    3    1 4.9008000000000D+03 6.6796893000000D+12
    0.6892   0.89112   0.91302   0.94528   0.99293    1.0502    1.1183    1.2043
    1.2919   0.90377
    9    0 4.9008000000000D+03 2.7330000000000D+02
   10    0 4.9008000000000D+03 1.5800000000000D+01
*---+----+-------------------+-------------------+---------+---------------------
*   1: printout of the result at time [hours]
*---+----+-------------------+-------------------+---------+---------------------
    1    0 4.9046000000000D+03
*---+----+-------------------+-------------------+---------+---------------------
    2    1 4.9046000000000D+03 9.8484000000000D+00
   0.53796   0.72316   0.77982   0.85395    0.9497    1.0624    1.1928    1.3454
     1.494    1.0608
    3    1 4.9046000000000D+03 3.9994352400000D+12
   0.53796   0.72316   0.77982   0.85395    0.9497    1.0624    1.1928    1.3454
     1.494    1.0608
    9    0 4.9046000000000D+03 2.8340000000000D+02
   10    0 4.9046000000000D+03 1.5800000000000D+01
*---+----+-------------------+-------------------+---------+---------------------
*   1: printout of the result at time [hours]
*---+----+-------------------+-------------------+---------+---------------------
    1    0 4.9066000000000D+03
*---+----+-------------------+-------------------+---------+---------------------
    2    1 4.9066000000000D+03 2.5403000000000D+01
   0.75893    1.1139    1.1948    1.2112    1.1848    1.1372    1.0711   0.98606
   0.85238   0.48951
    3    1 4.9066000000000D+03 1.1520260500000D+13
   0.75893    1.1139    1.1948    1.2112    1.1848    1.1372    1.0711   0.98606
   0.85238   0.48951
    9    0 4.9066000000000D+03 2.9170000000000D+02
   10    0 4.9066000000000D+03 1.5800000000000D+01
*---+----+-------------------+-------------------+---------+---------------------
*   1: printout of the result at time [hours]
*---+----+-------------------+-------------------+---------+---------------------
    1    0 5.0496000000000D+03
*---+----+-------------------+-------------------+---------+---------------------
    2    1 5.0496000000000D+03 2.5576100000000D+01
   0.86194    1.1935    1.2279    1.1916     1.143     1.085    1.0211   0.94827
   0.83418   0.49347
    3    1 5.0496000000000D+03 1.1626895060000D+13
   0.86194    1.1935    1.2279    1.1916     1.143     1.085    1.0211   0.94827
   0.83418   0.49347
    9    0 5.0496000000000D+03 2.9170000000000D+02
   10    0 5.0496000000000D+03 1.5800000000000D+01
*---+----+-------------------+-------------------+---------+---------------------
*   1: printout of the result at time [hours]
*---+----+-------------------+-------------------+---------+---------------------
    1    0 6.4656000000000D+03
*---+----+-------------------+-------------------+---------+---------------------
    2    1 6.4656000000000D+03 2.4911300000000D+01
   0.86659    1.1393    1.1467    1.1238    1.0965    1.0674    1.0372    1.0028
   0.93339    0.5862
    3    1 6.4656000000000D+03 1.1474144780000D+13
   0.86659    1.1393    1.1467    1.1238    1.0965    1.0674    1.0372    1.0028
   0.93339    0.5862
    9    0 6.4656000000000D+03 2.9170000000000D+02
   10    0 6.4656000000000D+03 1.5800000000000D+01
*---+----+-------------------+-------------------+---------+---------------------
*   1: printout of the result at time [hours]
*---+----+-------------------+-------------------+---------+---------------------
    1    0 7.2912000000000D+03
*---+----+-------------------+-------------------+---------+---------------------
    2    1 7.2912000000000D+03 2.4683400000000D+01
   0.88335    1.1329    1.1242    1.0986    1.0736    1.0502    1.0292    1.0097
   0.96648   0.63188
    3    1 7.2912000000000D+03 1.1430882540000D+13
   0.88335    1.1329    1.1242    1.0986    1.0736    1.0502    1.0292    1.0097
   0.96648   0.63188
    9    0 7.2912000000000D+03 2.9170000000000D+02
   10    0 7.2912000000000D+03 1.5800000000000D+01
*---+----+-------------------+-------------------+---------+---------------------
*   1: printout of the result at time [hours]
*---+----+-------------------+-------------------+---------+---------------------
    1    0 7.9286000000000D+03
*---+----+-------------------+-------------------+---------+---------------------
    2    1 7.9286000000000D+03 2.3623800000000D+01
   0.79064    1.0091    1.0256    1.0357    1.0503    1.0667    1.0841    1.1022
    1.0941   0.74162
    3    1 7.9286000000000D+03 1.0734654720000D+13
   0.79064    1.0091    1.0256    1.0357    1.0503    1.0667    1.0841    1.1022
    1.0941   0.74162
    9    0 7.9286000000000D+03 2.8320000000000D+02
   10    0 7.9286000000000D+03 1.5800000000000D+01
*---+----+-------------------+-------------------+---------+---------------------
*   1: printout of the result at time [hours]
*---+----+-------------------+-------------------+---------+---------------------
    1    0 7.9306000000000D+03
*---+----+-------------------+-------------------+---------+---------------------
    2    1 7.9306000000000D+03 2.5478700000000D+01
   0.53472   0.80448   0.94883     1.065    1.1571    1.2205    1.2511    1.2229
    1.1118   0.68351
    3    1 7.9306000000000D+03 1.2690940470000D+13
   0.53472   0.80448   0.94883     1.065    1.1571    1.2205    1.2511    1.2229
    1.1118   0.68351
    9    0 7.9306000000000D+03 2.9170000000000D+02
   10    0 7.9306000000000D+03 1.5800000000000D+01
*---+----+-------------------+-------------------+---------+---------------------
*   1: printout of the result at time [hours]
*---+----+-------------------+-------------------+---------+---------------------
    1    0 8.0736000000000D+03
*---+----+-------------------+-------------------+---------+---------------------
    2    1 8.0736000000000D+03 2.5308300000000D+01
   0.70882   0.98742    1.0711    1.1125    1.1331    1.1492    1.1269    1.0903
   0.99533   0.62533
    3    1 8.0736000000000D+03 1.2595940910000D+13
   0.70882   0.98742    1.0711    1.1125    1.1331    1.1492    1.1269    1.0903
   0.99533   0.62533
    9    0 8.0736000000000D+03 2.9170000000000D+02
   10    0 8.0736000000000D+03 1.5800000000000D+01
*---+----+-------------------+-------------------+---------+---------------------
*   1: printout of the result at time [hours]
*---+----+-------------------+-------------------+---------+---------------------
    1    0 1.2969600000000D+04
*---+----+-------------------+-------------------+---------+---------------------
    2    1 1.2969600000000D+04 2.3743100000000D+01
   0.86733    1.1139     1.137    1.1125    1.0889    1.0657    1.0423    1.0118
   0.93964   0.62081
    3    1 1.2969600000000D+04 1.2317920280000D+13
   0.86733    1.1139     1.137    1.1125    1.0889    1.0657    1.0423    1.0118
   0.93964   0.62081
    9    0 1.2969600000000D+04 2.9170000000000D+02
   10    0 1.2969600000000D+04 1.5800000000000D+01
*---+----+-------------------+-------------------+---------+---------------------
*   1: printout of the result at time [hours]
*---+----+-------------------+-------------------+---------+---------------------
    1    0 1.5621600000000D+04
*---+----+-------------------+-------------------+---------+---------------------
    2    1 1.5621600000000D+04 2.3027100000000D+01
   0.88001    1.0612    1.0476    1.0327    1.0292    1.0343    1.0471    1.0653
    1.0579   0.74469
    3    1 1.5621600000000D+04 1.2100741050000D+13
   0.88001    1.0612    1.0476    1.0327    1.0292    1.0343    1.0471    1.0653
    1.0579   0.74469
    9    0 1.5621600000000D+04 2.9170000000000D+02
   10    0 1.5621600000000D+04 1.5800000000000D+01
*---+----+-------------------+-------------------+---------+---------------------
*   1: printout of the result at time [hours]
*---+----+-------------------+-------------------+---------+---------------------
    1    0 1.6407800000000D+04
*---+----+-------------------+-------------------+---------+---------------------
    2    1 1.6407800000000D+04 2.1494700000000D+01
   0.77317   0.92869   0.93763   0.95852   0.99462    1.0408    1.0963    1.1619
    1.2182   0.89022
    3    1 1.6407800000000D+04 1.0998837990000D+13
   0.77317   0.92869   0.93763   0.95852   0.99462    1.0408    1.0963    1.1619
    1.2182   0.89022
    9    0 1.6407800000000D+04 2.8120000000000D+02
   10    0 1.6407800000000D+04 1.5800000000000D+01
*---+----+-------------------+-------------------+---------+---------------------
*   1: printout of the result at time [hours]
*---+----+-------------------+-------------------+---------+---------------------
    1    0 1.6409800000000D+04
*---+----+-------------------+-------------------+---------+---------------------
    2    1 1.6409800000000D+04 1.8905100000000D+01
   0.43528   0.60502   0.71907    0.8494   0.98994    1.1312    1.2642    1.3785
    1.4577    1.1697
    3    1 1.6409800000000D+04 1.0573622430000D+13
   0.43528   0.60502   0.71907    0.8494   0.98994    1.1312    1.2642    1.3785
    1.4577    1.1697
    9    0 1.6409800000000D+04 2.9170000000000D+02
   10    0 1.6409800000000D+04 1.5800000000000D+01
*---+----+-------------------+-------------------+---------+---------------------
*   1: printout of the result at time [hours]
*---+----+-------------------+-------------------+---------+---------------------
    1    0 1.6552800000000D+04
*---+----+-------------------+-------------------+---------+---------------------
    2    1 1.6552800000000D+04 1.9106400000000D+01
   0.63963    0.8236   0.89075   0.95591    1.0215    1.0856    1.1468    1.2024
    1.2367   0.99715
    3    1 1.6552800000000D+04 1.0695762720000D+13
   0.63963    0.8236   0.89075   0.95591    1.0215    1.0856    1.1468    1.2024
    1.2367   0.99715
    9    0 1.6552800000000D+04 2.9170000000000D+02
   10    0 1.6552800000000D+04 1.5800000000000D+01
*---+----+-------------------+-------------------+---------+---------------------
*   1: printout of the result at time [hours]
*---+----+-------------------+-------------------+---------+---------------------
    1    0 2.1808800000000D+04
*---+----+-------------------+-------------------+---------+---------------------
    2    1 2.1808800000000D+04 1.9048800000000D+01
   0.90053    1.0652    1.0601    1.0491    1.0385    1.0294    1.0226    1.0181
    1.0015   0.81506
    3    1 2.1808800000000D+04 1.0911152640000D+13
   0.90053    1.0652    1.0601    1.0491    1.0385    1.0294    1.0226    1.0181
    1.0015   0.81506
    9    0 2.1808800000000D+04 2.9170000000000D+02
   10    0 2.1808800000000D+04 1.5800000000000D+01
*---+----+-------------------+-------------------+---------+---------------------
*   1: printout of the result at time [hours]
*---+----+-------------------+-------------------+---------+---------------------
    1    0 2.3690400000000D+04
*---+----+-------------------+-------------------+---------+---------------------
    2    1 2.3690400000000D+04 1.8801900000000D+01
   0.90198    1.0279    1.0139    1.0055    1.0052    1.0101     1.021    1.0412
    1.0751    0.8981
    3    1 2.3690400000000D+04 1.0805451930000D+13
   0.90198    1.0279    1.0139    1.0055    1.0052    1.0101     1.021    1.0412
    1.0751    0.8981
    9    0 2.3690400000000D+04 2.9170000000000D+02
   10    0 2.3690400000000D+04 1.5800000000000D+01
*---+----+-------------------+-------------------+---------+---------------------
*   1: printout of the result at time [hours]
*---+----+-------------------+-------------------+---------+---------------------
    1    0 2.4426200000000D+04
*---+----+-------------------+-------------------+---------+---------------------
    2    1 2.4426200000000D+04 1.7319500000000D+01
   0.79431   0.90245    0.9088   0.93294   0.96995    1.0146    1.0672    1.1334
    1.2086    1.0678
    3    1 2.4426200000000D+04 9.6694768500000D+12
   0.79431   0.90245    0.9088   0.93294   0.96995    1.0146    1.0672    1.1334
    1.2086    1.0678
    9    0 2.4426200000000D+04 2.8110000000000D+02
   10    0 2.4426200000000D+04 1.5800000000000D+01
*---+----+-------------------+-------------------+---------+---------------------
*   1: printout of the result at time [hours]
*---+----+-------------------+-------------------+---------+---------------------
    1    0 2.4428200000000D+04
*---+----+-------------------+-------------------+---------+---------------------
    2    1 2.4428200000000D+04 1.4570500000000D+01
   0.48694   0.68165   0.81143   0.94094    1.0651    1.1751    1.2612    1.3185
    1.2845   0.97457
    3    1 2.4428200000000D+04 9.0264247500000D+12
   0.48694   0.68165   0.81143   0.94094    1.0651    1.1751    1.2612    1.3185
    1.2845   0.97457
    9    0 2.4428200000000D+04 2.9170000000000D+02
   10    0 2.4428200000000D+04 1.5800000000000D+01
*---+----+-------------------+-------------------+---------+---------------------
*   1: printout of the result at time [hours]
*---+----+-------------------+-------------------+---------+---------------------
    1    0 2.4571200000000D+04
*---+----+-------------------+-------------------+---------+---------------------
    2    1 2.4571200000000D+04 1.4745200000000D+01
   0.68687    0.8891   0.96472     1.022     1.069    1.1071    1.1352    1.1549
    1.1157    0.8554
    3    1 2.4571200000000D+04 9.1066355200000D+12
   0.68687    0.8891   0.96472     1.022     1.069    1.1071    1.1352    1.1549
    1.1157    0.8554
    9    0 2.4571200000000D+04 2.9170000000000D+02
   10    0 2.4571200000000D+04 1.5800000000000D+01
*---+----+-------------------+-------------------+---------+---------------------
*   1: printout of the result at time [hours]
*---+----+-------------------+-------------------+---------+---------------------
    1    0 2.8027200000000D+04
*---+----+-------------------+-------------------+---------+---------------------
    2    1 2.8027200000000D+04 1.5231600000000D+01
   0.87745    1.0455    1.0534    1.0471    1.0409    1.0371    1.0365    1.0372
     1.016   0.80891
    3    1 2.8027200000000D+04 9.4039898400000D+12
   0.87745    1.0455    1.0534    1.0471    1.0409    1.0371    1.0365    1.0372
     1.016   0.80891
    9    0 2.8027200000000D+04 2.9170000000000D+02
   10    0 2.8027200000000D+04 1.5800000000000D+01
*---+----+-------------------+-------------------+---------+---------------------
*   1: printout of the result at time [hours]
*---+----+-------------------+-------------------+---------+---------------------
    1    0 3.0187200000000D+04
*---+----+-------------------+-------------------+---------+---------------------
    2    1 3.0187200000000D+04 1.5448200000000D+01
   0.91868    1.0808    1.0739    1.0581     1.043    1.0296    1.0186    1.0092
   0.98096   0.78702
    3    1 3.0187200000000D+04 9.5454427800000D+12
   0.91868    1.0808    1.0739    1.0581     1.043    1.0296    1.0186    1.0092
   0.98096   0.78702
    9    0 3.0187200000000D+04 2.9170000000000D+02
   10    0 3.0187200000000D+04 1.5800000000000D+01
*---+----+-------------------+-------------------+---------+---------------------
*   1: printout of the result at time [hours]
*---+----+-------------------+-------------------+---------+---------------------
    1    0 3.1490400000000D+04
*---+----+-------------------+-------------------+---------+---------------------
    2    1 3.1490400000000D+04 1.5556000000000D+01
   0.89869     1.026    1.0165    1.0112    1.0142     1.021     1.031    1.0465
    1.0597   0.87516
    3    1 3.1490400000000D+04 9.6011632000000D+12
   0.89869     1.026    1.0165    1.0112    1.0142     1.021     1.031    1.0465
    1.0597   0.87516
    9    0 3.1490400000000D+04 2.9170000000000D+02
   10    0 3.1490400000000D+04 1.5800000000000D+01
*---+----+-------------------+-------------------+---------+---------------------
*   1: printout of the result at time [hours]
*---+----+-------------------+-------------------+---------+---------------------
    1    0 3.1911800000000D+04
*---+----+-------------------+-------------------+---------+---------------------
    2    1 3.1911800000000D+04 1.4621100000000D+01
   0.80452   0.92107   0.93064   0.95369    0.9885    1.0285    1.0728    1.1241
    1.1838   0.99233
    3    1 3.1911800000000D+04 8.8779319200000D+12
   0.80452   0.92107   0.93064   0.95369    0.9885    1.0285    1.0728    1.1241
    1.1838   0.99233
    9    0 3.1911800000000D+04 2.8640000000000D+02
   10    0 3.1911800000000D+04 1.5800000000000D+01
*---+----+-------------------+-------------------+---------+---------------------
*   1: printout of the result at time [hours]
*---+----+-------------------+-------------------+---------+---------------------
    1    0 3.1913800000000D+04
*---+----+-------------------+-------------------+---------+---------------------
    2    1 3.1913800000000D+04 2.9707000000000D+00
   0.48642   0.70152   0.84559   0.97553    1.0923      1.19    1.2573    1.2859
    1.2223   0.94321
    3    1 3.1913800000000D+04 1.9354110500000D+12
   0.48642   0.70152   0.84559   0.97553    1.0923      1.19    1.2573    1.2859
    1.2223   0.94321
    9    0 3.1913800000000D+04 2.9170000000000D+02
   10    0 3.1913800000000D+04 1.5800000000000D+01
*---+----+-------------------+-------------------+---------+---------------------
*   1: printout of the result at time [hours]
*---+----+-------------------+-------------------+---------+---------------------
    1    0 3.2056800000000D+04
*---+----+-------------------+-------------------+---------+---------------------
    2    1 3.2056800000000D+04 3.0966000000000D+00
   0.67526   0.89776   0.98753    1.0444    1.0854    1.1154    1.1367    1.1274
    1.0789   0.85126
    3    1 3.2056800000000D+04 1.9858495800000D+12
   0.67526   0.89776   0.98753    1.0444    1.0854    1.1154    1.1367    1.1274
    1.0789   0.85126
    9    0 3.2056800000000D+04 2.9170000000000D+02
   10    0 3.2056800000000D+04 1.5800000000000D+01
*---+----+-------------------+-------------------+---------+---------------------
*   1: printout of the result at time [hours]
*---+----+-------------------+-------------------+---------+---------------------
    1    0 3.5512800000000D+04
*---+----+-------------------+-------------------+---------+---------------------
    2    1 3.5512800000000D+04 3.6213000000000D+00
   0.83285      1.03    1.0634     1.054    1.0485    1.0449    1.0433      1.04
    1.0134   0.82954
    3    1 3.5512800000000D+04 2.2481030400000D+12
   0.83285      1.03    1.0634     1.054    1.0485    1.0449    1.0433      1.04
    1.0134   0.82954
    9    0 3.5512800000000D+04 2.9170000000000D+02
   10    0 3.5512800000000D+04 1.5800000000000D+01
*---+----+-------------------+-------------------+---------+---------------------
*   1: printout of the result at time [hours]
*---+----+-------------------+-------------------+---------+---------------------
    1    0 3.7312800000000D+04
*---+----+-------------------+-------------------+---------+---------------------
    2    1 3.7312800000000D+04 3.9226000000000D+00
   0.86346    1.0587    1.0837    1.0649    1.0503    1.0378    1.0274    1.0167
   0.98557   0.81145
    3    1 3.7312800000000D+04 2.3986699000000D+12
   0.86346    1.0587    1.0837    1.0649    1.0503    1.0378    1.0274    1.0167
   0.98557   0.81145
    9    0 3.7312800000000D+04 2.9170000000000D+02
   10    0 3.7312800000000D+04 1.5800000000000D+01
*---+----+-------------------+-------------------+---------+---------------------
*   1: printout of the result at time [hours]
*---+----+-------------------+-------------------+---------+---------------------
    1    0 3.9067200000000D+04
*---+----+-------------------+-------------------+---------+---------------------
    2    1 3.9067200000000D+04 4.2508000000000D+00
   0.83514   0.99111   0.99534   0.99722    1.0085    1.0262     1.049    1.0763
    1.0934   0.92783
    3    1 3.9067200000000D+04 2.5585565200000D+12
   0.83514   0.99111   0.99534   0.99722    1.0085    1.0262     1.049    1.0763
    1.0934   0.92783
    9    0 3.9067200000000D+04 2.9170000000000D+02
   10    0 3.9067200000000D+04 1.5800000000000D+01
*---+----+-------------------+-------------------+---------+---------------------
*   1: printout of the result at time [hours]
*---+----+-------------------+-------------------+---------+---------------------
    1    0 4.0010400000000D+04
*---+----+-------------------+-------------------+---------+---------------------
    2    1 4.0010400000000D+04 3.7190000000000D+00
   0.71336   0.84351   0.86744   0.90535    0.9594    1.0242    1.0992    1.1874
    1.2694    1.1307
    3    1 4.0010400000000D+04 2.1771026000000D+12
   0.71336   0.84351   0.86744   0.90535    0.9594    1.0242    1.0992    1.1874
    1.2694    1.1307
    9    0 4.0010400000000D+04 2.8120000000000D+02
   10    0 4.0010400000000D+04 1.5800000000000D+01
* data point #3678 end
*  00:  last line of data set (finishing the program)
*---+----+-------------------+-------------------+---------+---------------------
00000    0 4.0010400000000D+04
*---+----+-------------------+-------------------+---------+---------------------
