* data point #3005 begin
*
*---+----+-------------------+-------------------+---------+---------------------
*   1: printout of the result at time [hours]
*---+----+-------------------+-------------------+---------+---------------------
    1    0 0.0000000000000D+00
*---+----+-------------------+-------------------+---------+---------------------
    2    1 0.0000000000000D+00 2.6251700000000D+01
   0.64358   0.98999    1.0895    1.1406      1.17    1.1762    1.1573    1.1076
   0.97959   0.54564
    3    1 0.0000000000000D+00 1.1498244600000D+13
   0.64358   0.98999    1.0895    1.1406      1.17    1.1762    1.1573    1.1076
   0.97959   0.54564
    9    0 0.0000000000000D+00 2.9170000000000D+02
   10    0 0.0000000000000D+00 1.5800000000000D+01
*---+----+-------------------+-------------------+---------+---------------------
*   1: printout of the result at time [hours]
*---+----+-------------------+-------------------+---------+---------------------
    1    0 1.4400000000000D+02
*---+----+-------------------+-------------------+---------+---------------------
    2    1 1.4400000000000D+02 2.6514200000000D+01
   0.77743    1.1189    1.1664    1.1532    1.1349    1.1083    1.0733    1.0244
   0.91641   0.52674
    3    1 1.4400000000000D+02 1.1639733800000D+13
   0.77743    1.1189    1.1664    1.1532    1.1349    1.1083    1.0733    1.0244
   0.91641   0.52674
    9    0 1.4400000000000D+02 2.9170000000000D+02
   10    0 1.4400000000000D+02 1.5800000000000D+01
*---+----+-------------------+-------------------+---------+---------------------
*   1: printout of the result at time [hours]
*---+----+-------------------+-------------------+---------+---------------------
    1    0 1.4400000000000D+03
*---+----+-------------------+-------------------+---------+---------------------
    2    1 1.4400000000000D+03 2.6303600000000D+01
   0.82696    1.1268    1.1368    1.1176    1.0987    1.0797    1.0591    1.0313
   0.95105    0.5719
    3    1 1.4400000000000D+03 1.1578844720000D+13
   0.82696    1.1268    1.1368    1.1176    1.0987    1.0797    1.0591    1.0313
   0.95105    0.5719
    9    0 1.4400000000000D+03 2.9170000000000D+02
   10    0 1.4400000000000D+03 1.5800000000000D+01
*---+----+-------------------+-------------------+---------+---------------------
*   1: printout of the result at time [hours]
*---+----+-------------------+-------------------+---------+---------------------
    1    0 3.0456000000000D+03
*---+----+-------------------+-------------------+---------+---------------------
    2    1 3.0456000000000D+03 2.5982800000000D+01
   0.85726    1.1041    1.0873    1.0633    1.0475    1.0378    1.0356    1.0438
     1.037   0.68645
    3    1 3.0456000000000D+03 1.1481799320000D+13
   0.85726    1.1041    1.0873    1.0633    1.0475    1.0378    1.0356    1.0438
     1.037   0.68645
    9    0 3.0456000000000D+03 2.9170000000000D+02
   10    0 3.0456000000000D+03 1.5800000000000D+01
*---+----+-------------------+-------------------+---------+---------------------
*   1: printout of the result at time [hours]
*---+----+-------------------+-------------------+---------+---------------------
    1    0 4.9008000000000D+03
*---+----+-------------------+-------------------+---------+---------------------
    2    1 4.9008000000000D+03 1.9766400000000D+01
   0.69755   0.87978    0.8988   0.93219   0.98162     1.041    1.1118    1.2026
    1.3068   0.94787
    3    1 4.9008000000000D+03 8.3552572800000D+12
   0.69755   0.87978    0.8988   0.93219   0.98162     1.041    1.1118    1.2026
    1.3068   0.94787
    9    0 4.9008000000000D+03 2.7330000000000D+02
   10    0 4.9008000000000D+03 1.5800000000000D+01
*---+----+-------------------+-------------------+---------+---------------------
*   1: printout of the result at time [hours]
*---+----+-------------------+-------------------+---------+---------------------
    1    0 4.9046000000000D+03
*---+----+-------------------+-------------------+---------+---------------------
    2    1 4.9046000000000D+03 1.1948300000000D+01
   0.54476   0.71374   0.76697   0.84096    0.9372    1.0508    1.1829    1.3402
    1.5106    1.1119
    3    1 4.9046000000000D+03 5.0493515800000D+12
   0.54476   0.71374   0.76697   0.84096    0.9372    1.0508    1.1829    1.3402
    1.5106    1.1119
    9    0 4.9046000000000D+03 2.8340000000000D+02
   10    0 4.9046000000000D+03 1.5800000000000D+01
*---+----+-------------------+-------------------+---------+---------------------
*   1: printout of the result at time [hours]
*---+----+-------------------+-------------------+---------+---------------------
    1    0 4.9066000000000D+03
*---+----+-------------------+-------------------+---------+---------------------
    2    1 4.9066000000000D+03 2.3593500000000D+01
   0.72537    1.1003    1.1914    1.2131    1.1911     1.148    1.0855    1.0018
   0.86189   0.48157
    3    1 4.9066000000000D+03 1.3384592550000D+13
   0.72537    1.1003    1.1914    1.2131    1.1911     1.148    1.0855    1.0018
   0.86189   0.48157
    9    0 4.9066000000000D+03 2.9170000000000D+02
   10    0 4.9066000000000D+03 1.5800000000000D+01
*---+----+-------------------+-------------------+---------+---------------------
*   1: printout of the result at time [hours]
*---+----+-------------------+-------------------+---------+---------------------
    1    0 5.0496000000000D+03
*---+----+-------------------+-------------------+---------+---------------------
    2    1 5.0496000000000D+03 2.2784200000000D+01
   0.81543    1.1692    1.2185    1.1913    1.1502    1.0989    1.0405   0.97098
   0.85256    0.4924
    3    1 5.0496000000000D+03 1.2927755080000D+13
   0.81543    1.1692    1.2185    1.1913    1.1502    1.0989    1.0405   0.97098
   0.85256    0.4924
    9    0 5.0496000000000D+03 2.9170000000000D+02
   10    0 5.0496000000000D+03 1.5800000000000D+01
*---+----+-------------------+-------------------+---------+---------------------
*   1: printout of the result at time [hours]
*---+----+-------------------+-------------------+---------+---------------------
    1    0 6.4656000000000D+03
*---+----+-------------------+-------------------+---------+---------------------
    2    1 6.4656000000000D+03 2.2679700000000D+01
   0.82563    1.1294    1.1568    1.1321    1.1071    1.0799    1.0507    1.0151
   0.93498   0.56831
    3    1 6.4656000000000D+03 1.2841246140000D+13
   0.82563    1.1294    1.1568    1.1321    1.1071    1.0799    1.0507    1.0151
   0.93498   0.56831
    9    0 6.4656000000000D+03 2.9170000000000D+02
   10    0 6.4656000000000D+03 1.5800000000000D+01
*---+----+-------------------+-------------------+---------+---------------------
*   1: printout of the result at time [hours]
*---+----+-------------------+-------------------+---------+---------------------
    1    0 7.2912000000000D+03
*---+----+-------------------+-------------------+---------+---------------------
    2    1 7.2912000000000D+03 2.2478800000000D+01
   0.84275    1.1233     1.132    1.1103    1.0869    1.0647    1.0441    1.0223
   0.96535   0.60822
    3    1 7.2912000000000D+03 1.2684786840000D+13
   0.84275    1.1233     1.132    1.1103    1.0869    1.0647    1.0441    1.0223
   0.96535   0.60822
    9    0 7.2912000000000D+03 2.9170000000000D+02
   10    0 7.2912000000000D+03 1.5800000000000D+01
*---+----+-------------------+-------------------+---------+---------------------
*   1: printout of the result at time [hours]
*---+----+-------------------+-------------------+---------+---------------------
    1    0 7.9286000000000D+03
*---+----+-------------------+-------------------+---------+---------------------
    2    1 7.9286000000000D+03 2.1955400000000D+01
   0.75781    1.0097    1.0372    1.0489    1.0635    1.0794    1.0959    1.1163
    1.0852   0.70611
    3    1 7.9286000000000D+03 1.2090838780000D+13
   0.75781    1.0097    1.0372    1.0489    1.0635    1.0794    1.0959    1.1163
    1.0852   0.70611
    9    0 7.9286000000000D+03 2.8320000000000D+02
   10    0 7.9286000000000D+03 1.5800000000000D+01
*---+----+-------------------+-------------------+---------+---------------------
*   1: printout of the result at time [hours]
*---+----+-------------------+-------------------+---------+---------------------
    1    0 7.9306000000000D+03
*---+----+-------------------+-------------------+---------+---------------------
    2    1 7.9306000000000D+03 2.2011900000000D+01
   0.44317   0.66764   0.79466   0.92482    1.0571    1.1826    1.2909    1.3671
    1.3621   0.90978
    3    1 7.9306000000000D+03 1.1274495180000D+13
   0.44317   0.66764   0.79466   0.92482    1.0571    1.1826    1.2909    1.3671
    1.3621   0.90978
    9    0 7.9306000000000D+03 2.9170000000000D+02
   10    0 7.9306000000000D+03 1.5800000000000D+01
*---+----+-------------------+-------------------+---------+---------------------
*   1: printout of the result at time [hours]
*---+----+-------------------+-------------------+---------+---------------------
    1    0 8.0736000000000D+03
*---+----+-------------------+-------------------+---------+---------------------
    2    1 8.0736000000000D+03 2.2129700000000D+01
   0.63914    0.8884   0.96246    1.0199    1.0724      1.12    1.1607    1.1882
    1.1653   0.78352
    3    1 8.0736000000000D+03 1.1314915610000D+13
   0.63914    0.8884   0.96246    1.0199    1.0724      1.12    1.1607    1.1882
    1.1653   0.78352
    9    0 8.0736000000000D+03 2.9170000000000D+02
   10    0 8.0736000000000D+03 1.5800000000000D+01
*---+----+-------------------+-------------------+---------+---------------------
*   1: printout of the result at time [hours]
*---+----+-------------------+-------------------+---------+---------------------
    1    0 1.3329600000000D+04
*---+----+-------------------+-------------------+---------+---------------------
    2    1 1.3329600000000D+04 2.1881800000000D+01
   0.88539    1.1076    1.1095    1.0899    1.0691    1.0498    1.0323    1.0139
   0.96848   0.67398
    3    1 1.3329600000000D+04 1.1466063200000D+13
   0.88539    1.1076    1.1095    1.0899    1.0691    1.0498    1.0323    1.0139
   0.96848   0.67398
    9    0 1.3329600000000D+04 2.9170000000000D+02
   10    0 1.3329600000000D+04 1.5800000000000D+01
*---+----+-------------------+-------------------+---------+---------------------
*   1: printout of the result at time [hours]
*---+----+-------------------+-------------------+---------+---------------------
    1    0 1.5211200000000D+04
*---+----+-------------------+-------------------+---------+---------------------
    2    1 1.5211200000000D+04 2.1478800000000D+01
    0.8872    1.0706    1.0555     1.041    1.0338    1.0318    1.0351    1.0447
     1.041   0.75945
    3    1 1.5211200000000D+04 1.1319327600000D+13
    0.8872    1.0706    1.0555     1.041    1.0338    1.0318    1.0351    1.0447
     1.041   0.75945
    9    0 1.5211200000000D+04 2.9170000000000D+02
   10    0 1.5211200000000D+04 1.5800000000000D+01
*---+----+-------------------+-------------------+---------+---------------------
*   1: printout of the result at time [hours]
*---+----+-------------------+-------------------+---------+---------------------
    1    0 1.5947000000000D+04
*---+----+-------------------+-------------------+---------+---------------------
    2    1 1.5947000000000D+04 1.9911800000000D+01
    0.7812   0.93794   0.94788   0.96802    1.0001    1.0391     1.085    1.1404
    1.1971   0.90323
    3    1 1.5947000000000D+04 1.0212762220000D+13
    0.7812   0.93794   0.94788   0.96802    1.0001    1.0391     1.085    1.1404
    1.1971   0.90323
    9    0 1.5947000000000D+04 2.8110000000000D+02
   10    0 1.5947000000000D+04 1.5800000000000D+01
*---+----+-------------------+-------------------+---------+---------------------
*   1: printout of the result at time [hours]
*---+----+-------------------+-------------------+---------+---------------------
    1    0 1.5949000000000D+04
*---+----+-------------------+-------------------+---------+---------------------
    2    1 1.5949000000000D+04 1.5246200000000D+01
   0.46248   0.62822   0.74071   0.87241    1.0111    1.1432     1.257    1.3438
    1.4032    1.1379
    3    1 1.5949000000000D+04 8.5958075600000D+12
   0.46248   0.62822   0.74071   0.87241    1.0111    1.1432     1.257    1.3438
    1.4032    1.1379
    9    0 1.5949000000000D+04 2.9170000000000D+02
   10    0 1.5949000000000D+04 1.5800000000000D+01
*---+----+-------------------+-------------------+---------+---------------------
*   1: printout of the result at time [hours]
*---+----+-------------------+-------------------+---------+---------------------
    1    0 1.6092000000000D+04
*---+----+-------------------+-------------------+---------+---------------------
    2    1 1.6092000000000D+04 1.5641100000000D+01
   0.67578    0.8532   0.91573   0.97832    1.0382    1.0909     1.134    1.1664
    1.1828   0.96477
    3    1 1.6092000000000D+04 8.8090675200000D+12
   0.67578    0.8532   0.91573   0.97832    1.0382    1.0909     1.134    1.1664
    1.1828   0.96477
    9    0 1.6092000000000D+04 2.9170000000000D+02
   10    0 1.6092000000000D+04 1.5800000000000D+01
*---+----+-------------------+-------------------+---------+---------------------
*   1: printout of the result at time [hours]
*---+----+-------------------+-------------------+---------+---------------------
    1    0 1.9548000000000D+04
*---+----+-------------------+-------------------+---------+---------------------
    2    1 1.9548000000000D+04 1.6399100000000D+01
   0.88115    1.0409    1.0438    1.0398    1.0361    1.0334    1.0322    1.0319
    1.0213   0.83944
    3    1 1.9548000000000D+04 9.2769708700000D+12
   0.88115    1.0409    1.0438    1.0398    1.0361    1.0334    1.0322    1.0319
    1.0213   0.83944
    9    0 1.9548000000000D+04 2.9170000000000D+02
   10    0 1.9548000000000D+04 1.5800000000000D+01
*---+----+-------------------+-------------------+---------+---------------------
*   1: printout of the result at time [hours]
*---+----+-------------------+-------------------+---------+---------------------
    1    0 2.1348000000000D+04
*---+----+-------------------+-------------------+---------+---------------------
    2    1 2.1348000000000D+04 1.6556300000000D+01
   0.91687    1.0786    1.0711    1.0566    1.0416    1.0278    1.0156    1.0046
    0.9821   0.80519
    3    1 2.1348000000000D+04 9.4072896600000D+12
   0.91687    1.0786    1.0711    1.0566    1.0416    1.0278    1.0156    1.0046
    0.9821   0.80519
    9    0 2.1348000000000D+04 2.9170000000000D+02
   10    0 2.1348000000000D+04 1.5800000000000D+01
*---+----+-------------------+-------------------+---------+---------------------
*   1: printout of the result at time [hours]
*---+----+-------------------+-------------------+---------+---------------------
    1    0 2.3102400000000D+04
*---+----+-------------------+-------------------+---------+---------------------
    2    1 2.3102400000000D+04 1.6556300000000D+01
   0.90358    1.0281    1.0159    1.0081    1.0076    1.0121     1.022    1.0394
    1.0678   0.89549
    3    1 2.3102400000000D+04 9.4221903300000D+12
   0.90358    1.0281    1.0159    1.0081    1.0076    1.0121     1.022    1.0394
    1.0678   0.89549
    9    0 2.3102400000000D+04 2.9170000000000D+02
   10    0 2.3102400000000D+04 1.5800000000000D+01
*---+----+-------------------+-------------------+---------+---------------------
*   1: printout of the result at time [hours]
*---+----+-------------------+-------------------+---------+---------------------
    1    0 2.4045600000000D+04
*---+----+-------------------+-------------------+---------+---------------------
    2    1 2.4045600000000D+04 1.4006900000000D+01
   0.76541   0.86964   0.88285   0.91483   0.96031    1.0146    1.0782    1.1559
    1.2427    1.1155
    3    1 2.4045600000000D+04 7.7346101800000D+12
   0.76541   0.86964   0.88285   0.91483   0.96031    1.0146    1.0782    1.1559
    1.2427    1.1155
    9    0 2.4045600000000D+04 2.8120000000000D+02
   10    0 2.4045600000000D+04 1.5800000000000D+01
* data point #3005 end
*  00:  last line of data set (finishing the program)
*---+----+-------------------+-------------------+---------+---------------------
00000    0 2.4045600000000D+04
*---+----+-------------------+-------------------+---------+---------------------
