* data point #379 begin
*
*---+----+-------------------+-------------------+---------+---------------------
*   1: printout of the result at time [hours]
*---+----+-------------------+-------------------+---------+---------------------
    1    0 0.0000000000000D+00
*---+----+-------------------+-------------------+---------+---------------------
    2    1 0.0000000000000D+00 2.4502300000000D+01
   0.51595   0.72561   0.86237   0.98501    1.0984    1.1956    1.2666     1.301
    1.2259   0.82351
    3    1 0.0000000000000D+00 1.2074733440000D+13
   0.51595   0.72561   0.86237   0.98501    1.0984    1.1956    1.2666     1.301
    1.2259   0.82351
    9    0 0.0000000000000D+00 2.9170000000000D+02
   10    0 0.0000000000000D+00 1.5800000000000D+01
*---+----+-------------------+-------------------+---------+---------------------
*   1: printout of the result at time [hours]
*---+----+-------------------+-------------------+---------+---------------------
    1    0 1.4400000000000D+02
*---+----+-------------------+-------------------+---------+---------------------
    2    1 1.4400000000000D+02 2.4183800000000D+01
   0.72772   0.94204    1.0192    1.0629    1.0945    1.1176    1.1344    1.1242
    1.0573   0.72019
    3    1 1.4400000000000D+02 1.1951633960000D+13
   0.72772   0.94204    1.0192    1.0629    1.0945    1.1176    1.1344    1.1242
    1.0573   0.72019
    9    0 1.4400000000000D+02 2.9170000000000D+02
   10    0 1.4400000000000D+02 1.5800000000000D+01
*---+----+-------------------+-------------------+---------+---------------------
*   1: printout of the result at time [hours]
*---+----+-------------------+-------------------+---------+---------------------
    1    0 5.4000000000000D+03
*---+----+-------------------+-------------------+---------+---------------------
    2    1 5.4000000000000D+03 2.5600900000000D+01
   0.88837    1.1534    1.1566    1.1239    1.0892    1.0565    1.0257   0.99176
   0.91594   0.59857
    3    1 5.4000000000000D+03 1.2815810540000D+13
   0.88837    1.1534    1.1566    1.1239    1.0892    1.0565    1.0257   0.99176
   0.91594   0.59857
    9    0 5.4000000000000D+03 2.9170000000000D+02
   10    0 5.4000000000000D+03 1.5800000000000D+01
*---+----+-------------------+-------------------+---------+---------------------
*   1: printout of the result at time [hours]
*---+----+-------------------+-------------------+---------+---------------------
    1    0 7.2816000000000D+03
*---+----+-------------------+-------------------+---------+---------------------
    2    1 7.2816000000000D+03 2.5418000000000D+01
   0.87643    1.1085    1.0889    1.0656    1.0505    1.0408    1.0363    1.0371
     1.014   0.68192
    3    1 7.2816000000000D+03 1.2775086800000D+13
   0.87643    1.1085    1.0889    1.0656    1.0505    1.0408    1.0363    1.0371
     1.014   0.68192
    9    0 7.2816000000000D+03 2.9170000000000D+02
   10    0 7.2816000000000D+03 1.5800000000000D+01
*---+----+-------------------+-------------------+---------+---------------------
*   1: printout of the result at time [hours]
*---+----+-------------------+-------------------+---------+---------------------
    1    0 8.0174000000000D+03
*---+----+-------------------+-------------------+---------+---------------------
    2    1 8.0174000000000D+03 2.3831000000000D+01
   0.77168   0.97067   0.97847   0.99274    1.0191     1.052    1.0908     1.138
    1.1687    0.8178
    3    1 8.0174000000000D+03 1.1650975900000D+13
   0.77168   0.97067   0.97847   0.99274    1.0191     1.052    1.0908     1.138
    1.1687    0.8178
    9    0 8.0174000000000D+03 2.8110000000000D+02
   10    0 8.0174000000000D+03 1.5800000000000D+01
*---+----+-------------------+-------------------+---------+---------------------
*   1: printout of the result at time [hours]
*---+----+-------------------+-------------------+---------+---------------------
    1    0 8.0194000000000D+03
*---+----+-------------------+-------------------+---------+---------------------
    2    1 8.0194000000000D+03 2.1502800000000D+01
   0.44613    0.7067   0.85435   0.98982     1.115    1.2203    1.2941    1.3257
    1.2354   0.81255
    3    1 8.0194000000000D+03 1.1043838080000D+13
   0.44613    0.7067   0.85435   0.98982     1.115    1.2203    1.2941    1.3257
    1.2354   0.81255
    9    0 8.0194000000000D+03 2.9170000000000D+02
   10    0 8.0194000000000D+03 1.5800000000000D+01
*---+----+-------------------+-------------------+---------+---------------------
*   1: printout of the result at time [hours]
*---+----+-------------------+-------------------+---------+---------------------
    1    0 8.1624000000000D+03
*---+----+-------------------+-------------------+---------+---------------------
    2    1 8.1624000000000D+03 2.1507500000000D+01
   0.63578   0.92712    1.0191    1.0753     1.116    1.1437    1.1605    1.1466
    1.0658   0.71012
    3    1 8.1624000000000D+03 1.1054855000000D+13
   0.63578   0.92712    1.0191    1.0753     1.116    1.1437    1.1605    1.1466
    1.0658   0.71012
    9    0 8.1624000000000D+03 2.9170000000000D+02
   10    0 8.1624000000000D+03 1.5800000000000D+01
*---+----+-------------------+-------------------+---------+---------------------
*   1: printout of the result at time [hours]
*---+----+-------------------+-------------------+---------+---------------------
    1    0 1.1618400000000D+04
*---+----+-------------------+-------------------+---------+---------------------
    2    1 1.1618400000000D+04 2.0357900000000D+01
   0.84434    1.0785    1.0837     1.071    1.0595    1.0507     1.045    1.0397
    1.0023   0.72522
    3    1 1.1618400000000D+04 1.0608501690000D+13
   0.84434    1.0785    1.0837     1.071    1.0595    1.0507     1.045    1.0397
    1.0023   0.72522
    9    0 1.1618400000000D+04 2.9170000000000D+02
   10    0 1.1618400000000D+04 1.5800000000000D+01
*---+----+-------------------+-------------------+---------+---------------------
*   1: printout of the result at time [hours]
*---+----+-------------------+-------------------+---------+---------------------
    1    0 1.3778400000000D+04
*---+----+-------------------+-------------------+---------+---------------------
    2    1 1.3778400000000D+04 1.9629800000000D+01
    0.8993    1.0938    1.0783    1.0604    1.0461    1.0343    1.0254    1.0199
    0.9942   0.74815
    3    1 1.3778400000000D+04 1.0289941160000D+13
    0.8993    1.0938    1.0783    1.0604    1.0461    1.0343    1.0254    1.0199
    0.9942   0.74815
    9    0 1.3778400000000D+04 2.9170000000000D+02
   10    0 1.3778400000000D+04 1.5800000000000D+01
*---+----+-------------------+-------------------+---------+---------------------
*   1: printout of the result at time [hours]
*---+----+-------------------+-------------------+---------+---------------------
    1    0 1.5081600000000D+04
*---+----+-------------------+-------------------+---------+---------------------
    2    1 1.5081600000000D+04 1.9542800000000D+01
   0.89414    1.0506    1.0326    1.0212    1.0188    1.0208    1.0273    1.0428
    1.0602   0.83151
    3    1 1.5081600000000D+04 1.0277558520000D+13
   0.89414    1.0506    1.0326    1.0212    1.0188    1.0208    1.0273    1.0428
    1.0602   0.83151
    9    0 1.5081600000000D+04 2.9170000000000D+02
   10    0 1.5081600000000D+04 1.5800000000000D+01
*---+----+-------------------+-------------------+---------+---------------------
*   1: printout of the result at time [hours]
*---+----+-------------------+-------------------+---------+---------------------
    1    0 1.5503000000000D+04
*---+----+-------------------+-------------------+---------+---------------------
    2    1 1.5503000000000D+04 1.8413500000000D+01
   0.80539   0.94833   0.95012   0.96701   0.99585      1.03    1.0689    1.1177
    1.1743   0.94235
    3    1 1.5503000000000D+04 9.5308276000000D+12
   0.80539   0.94833   0.95012   0.96701   0.99585      1.03    1.0689    1.1177
    1.1743   0.94235
    9    0 1.5503000000000D+04 2.8640000000000D+02
   10    0 1.5503000000000D+04 1.5800000000000D+01
*---+----+-------------------+-------------------+---------+---------------------
*   1: printout of the result at time [hours]
*---+----+-------------------+-------------------+---------+---------------------
    1    0 1.5505000000000D+04
*---+----+-------------------+-------------------+---------+---------------------
    2    1 1.5505000000000D+04 2.0812000000000D+01
    0.5074   0.72828   0.86392   0.99145    1.1073    1.2025    1.2661    1.2915
    1.2217   0.81986
    3    1 1.5505000000000D+04 1.1956494000000D+13
    0.5074   0.72828   0.86392   0.99145    1.1073    1.2025    1.2661    1.2915
    1.2217   0.81986
    9    0 1.5505000000000D+04 2.9170000000000D+02
   10    0 1.5505000000000D+04 1.5800000000000D+01
*---+----+-------------------+-------------------+---------+---------------------
*   1: printout of the result at time [hours]
*---+----+-------------------+-------------------+---------+---------------------
    1    0 1.5648000000000D+04
*---+----+-------------------+-------------------+---------+---------------------
    2    1 1.5648000000000D+04 2.0535900000000D+01
   0.70282     0.933    1.0105    1.0623    1.1002    1.1258    1.1413    1.1282
    1.0688   0.72707
    3    1 1.5648000000000D+04 1.1765017110000D+13
   0.70282     0.933    1.0105    1.0623    1.1002    1.1258    1.1413    1.1282
    1.0688   0.72707
    9    0 1.5648000000000D+04 2.9170000000000D+02
   10    0 1.5648000000000D+04 1.5800000000000D+01
*---+----+-------------------+-------------------+---------+---------------------
*   1: printout of the result at time [hours]
*---+----+-------------------+-------------------+---------+---------------------
    1    0 1.9104000000000D+04
*---+----+-------------------+-------------------+---------+---------------------
    2    1 1.9104000000000D+04 2.0437100000000D+01
   0.87483    1.0736    1.0904     1.074     1.062    1.0513    1.0423    1.0316
     0.993   0.70695
    3    1 1.9104000000000D+04 1.1890304780000D+13
   0.87483    1.0736    1.0904     1.074     1.062    1.0513    1.0423    1.0316
     0.993   0.70695
    9    0 1.9104000000000D+04 2.9170000000000D+02
   10    0 1.9104000000000D+04 1.5800000000000D+01
*---+----+-------------------+-------------------+---------+---------------------
*   1: printout of the result at time [hours]
*---+----+-------------------+-------------------+---------+---------------------
    1    0 2.0904000000000D+04
*---+----+-------------------+-------------------+---------+---------------------
    2    1 2.0904000000000D+04 2.0463900000000D+01
   0.90701    1.1022    1.1037    1.0845    1.0636    1.0442    1.0265    1.0085
    0.9659   0.69386
    3    1 2.0904000000000D+04 1.2018448470000D+13
   0.90701    1.1022    1.1037    1.0845    1.0636    1.0442    1.0265    1.0085
    0.9659   0.69386
    9    0 2.0904000000000D+04 2.9170000000000D+02
   10    0 2.0904000000000D+04 1.5800000000000D+01
*---+----+-------------------+-------------------+---------+---------------------
*   1: printout of the result at time [hours]
*---+----+-------------------+-------------------+---------+---------------------
    1    0 2.2658400000000D+04
*---+----+-------------------+-------------------+---------+---------------------
    2    1 2.2658400000000D+04 2.0266400000000D+01
   0.87914    1.0267    1.0176    1.0142    1.0209    1.0329     1.049    1.0697
    1.0808   0.80897
    3    1 2.2658400000000D+04 1.1951096080000D+13
   0.87914    1.0267    1.0176    1.0142    1.0209    1.0329     1.049    1.0697
    1.0808   0.80897
    9    0 2.2658400000000D+04 2.9170000000000D+02
   10    0 2.2658400000000D+04 1.5800000000000D+01
*---+----+-------------------+-------------------+---------+---------------------
*   1: printout of the result at time [hours]
*---+----+-------------------+-------------------+---------+---------------------
    1    0 2.3601600000000D+04
*---+----+-------------------+-------------------+---------+---------------------
    2    1 2.3601600000000D+04 1.7665400000000D+01
   0.74428   0.86633   0.88252   0.91908   0.97207    1.0347    1.1067    1.1917
    1.2724    1.0103
    3    1 2.3601600000000D+04 1.0120507660000D+13
   0.74428   0.86633   0.88252   0.91908   0.97207    1.0347    1.1067    1.1917
    1.2724    1.0103
    9    0 2.3601600000000D+04 2.8120000000000D+02
   10    0 2.3601600000000D+04 1.5800000000000D+01
* data point #379 end
*  00:  last line of data set (finishing the program)
*---+----+-------------------+-------------------+---------+---------------------
00000    0 2.3601600000000D+04
*---+----+-------------------+-------------------+---------+---------------------
