* data point #3295 begin
*
*---+----+-------------------+-------------------+---------+---------------------
*   1: printout of the result at time [hours]
*---+----+-------------------+-------------------+---------+---------------------
    1    0 0.0000000000000D+00
*---+----+-------------------+-------------------+---------+---------------------
    2    1 0.0000000000000D+00 2.5653200000000D+01
   0.59361   0.86769    1.0155    1.1144    1.1803    1.2149    1.2103    1.1602
    1.0188   0.62417
    3    1 0.0000000000000D+00 1.1574723840000D+13
   0.59361   0.86769    1.0155    1.1144    1.1803    1.2149    1.2103    1.1602
    1.0188   0.62417
    9    0 0.0000000000000D+00 2.9170000000000D+02
   10    0 0.0000000000000D+00 1.5800000000000D+01
*---+----+-------------------+-------------------+---------+---------------------
*   1: printout of the result at time [hours]
*---+----+-------------------+-------------------+---------+---------------------
    1    0 1.4400000000000D+02
*---+----+-------------------+-------------------+---------+---------------------
    2    1 1.4400000000000D+02 2.6112000000000D+01
    0.7546    1.0184    1.1034    1.1336    1.1411    1.1333    1.1102    1.0625
   0.94585   0.59712
    3    1 1.4400000000000D+02 1.1854848000000D+13
    0.7546    1.0184    1.1034    1.1336    1.1411    1.1333    1.1102    1.0625
   0.94585   0.59712
    9    0 1.4400000000000D+02 2.9170000000000D+02
   10    0 1.4400000000000D+02 1.5800000000000D+01
*---+----+-------------------+-------------------+---------+---------------------
*   1: printout of the result at time [hours]
*---+----+-------------------+-------------------+---------+---------------------
    1    0 3.2400000000000D+03
*---+----+-------------------+-------------------+---------+---------------------
    2    1 3.2400000000000D+03 2.5808800000000D+01
   0.86095    1.1057    1.1209     1.101    1.0798    1.0615    1.0458    1.0269
   0.96235   0.63509
    3    1 3.2400000000000D+03 1.2233371200000D+13
   0.86095    1.1057    1.1209     1.101    1.0798    1.0615    1.0458    1.0269
   0.96235   0.63509
    9    0 3.2400000000000D+03 2.9170000000000D+02
   10    0 3.2400000000000D+03 1.5800000000000D+01
*---+----+-------------------+-------------------+---------+---------------------
*   1: printout of the result at time [hours]
*---+----+-------------------+-------------------+---------+---------------------
    1    0 5.8800000000000D+03
*---+----+-------------------+-------------------+---------+---------------------
    2    1 5.8800000000000D+03 2.5583900000000D+01
   0.87633     1.148    1.1323    1.0977    1.0676    1.0426    1.0233    1.0091
   0.96459   0.63857
    3    1 5.8800000000000D+03 1.2477268030000D+13
   0.87633     1.148    1.1323    1.0977    1.0676    1.0426    1.0233    1.0091
   0.96459   0.63857
    9    0 5.8800000000000D+03 2.9170000000000D+02
   10    0 5.8800000000000D+03 1.5800000000000D+01
*---+----+-------------------+-------------------+---------+---------------------
*   1: printout of the result at time [hours]
*---+----+-------------------+-------------------+---------+---------------------
    1    0 6.7656000000000D+03
*---+----+-------------------+-------------------+---------+---------------------
    2    1 6.7656000000000D+03 2.5316800000000D+01
   0.88412    1.1353    1.1068    1.0747    1.0513    1.0341    1.0232    1.0209
   0.99926   0.67042
    3    1 6.7656000000000D+03 1.2412827040000D+13
   0.88412    1.1353    1.1068    1.0747    1.0513    1.0341    1.0232    1.0209
   0.99926   0.67042
    9    0 6.7656000000000D+03 2.9170000000000D+02
   10    0 6.7656000000000D+03 1.5800000000000D+01
*---+----+-------------------+-------------------+---------+---------------------
*   1: printout of the result at time [hours]
*---+----+-------------------+-------------------+---------+---------------------
    1    0 7.8446000000000D+03
*---+----+-------------------+-------------------+---------+---------------------
    2    1 7.8446000000000D+03 2.2400000000000D+01
   0.74156   0.94504   0.95353   0.97366    1.0078    1.0495    1.0984    1.1601
    1.2193   0.85103
    3    1 7.8446000000000D+03 1.0675840000000D+13
   0.74156   0.94504   0.95353   0.97366    1.0078    1.0495    1.0984    1.1601
    1.2193   0.85103
    9    0 7.8446000000000D+03 2.7920000000000D+02
   10    0 7.8446000000000D+03 1.5800000000000D+01
*---+----+-------------------+-------------------+---------+---------------------
*   1: printout of the result at time [hours]
*---+----+-------------------+-------------------+---------+---------------------
    1    0 7.8466000000000D+03
*---+----+-------------------+-------------------+---------+---------------------
    2    1 7.8466000000000D+03 1.2850300000000D+01
   0.51781    0.8294   0.98908    1.1102    1.1989    1.2499    1.2543    1.1961
    1.0319   0.62255
    3    1 7.8466000000000D+03 7.4480338800000D+12
   0.51781    0.8294   0.98908    1.1102    1.1989    1.2499    1.2543    1.1961
    1.0319   0.62255
    9    0 7.8466000000000D+03 2.9170000000000D+02
   10    0 7.8466000000000D+03 1.5800000000000D+01
*---+----+-------------------+-------------------+---------+---------------------
*   1: printout of the result at time [hours]
*---+----+-------------------+-------------------+---------+---------------------
    1    0 7.9896000000000D+03
*---+----+-------------------+-------------------+---------+---------------------
    2    1 7.9896000000000D+03 1.3251900000000D+01
   0.66534   0.98386    1.0836    1.1344    1.1602    1.1659    1.1486    1.0955
   0.96198   0.60067
    3    1 7.9896000000000D+03 7.6834516200000D+12
   0.66534   0.98386    1.0836    1.1344    1.1602    1.1659    1.1486    1.0955
   0.96198   0.60067
    9    0 7.9896000000000D+03 2.9170000000000D+02
   10    0 7.9896000000000D+03 1.5800000000000D+01
*---+----+-------------------+-------------------+---------+---------------------
*   1: printout of the result at time [hours]
*---+----+-------------------+-------------------+---------+---------------------
    1    0 1.1445600000000D+04
*---+----+-------------------+-------------------+---------+---------------------
    2    1 1.1445600000000D+04 1.3856400000000D+01
   0.81868    1.0757    1.0891    1.0788    1.0692    1.0631    1.0598    1.0526
   0.99947   0.69361
    3    1 1.1445600000000D+04 7.9120044000000D+12
   0.81868    1.0757    1.0891    1.0788    1.0692    1.0631    1.0598    1.0526
   0.99947   0.69361
    9    0 1.1445600000000D+04 2.9170000000000D+02
   10    0 1.1445600000000D+04 1.5800000000000D+01
*---+----+-------------------+-------------------+---------+---------------------
*   1: printout of the result at time [hours]
*---+----+-------------------+-------------------+---------+---------------------
    1    0 1.3605600000000D+04
*---+----+-------------------+-------------------+---------+---------------------
    2    1 1.3605600000000D+04 1.4237000000000D+01
   0.87287    1.1037    1.0912    1.0683    1.0509    1.0388    1.0322    1.0287
   0.99452   0.71869
    3    1 1.3605600000000D+04 8.0752264000000D+12
   0.87287    1.1037    1.0912    1.0683    1.0509    1.0388    1.0322    1.0287
   0.99452   0.71869
    9    0 1.3605600000000D+04 2.9170000000000D+02
   10    0 1.3605600000000D+04 1.5800000000000D+01
*---+----+-------------------+-------------------+---------+---------------------
*   1: printout of the result at time [hours]
*---+----+-------------------+-------------------+---------+---------------------
    1    0 1.4834400000000D+04
*---+----+-------------------+-------------------+---------+---------------------
    2    1 1.4834400000000D+04 1.4469900000000D+01
   0.87554    1.0751    1.0514    1.0309    1.0209    1.0192    1.0265    1.0467
    1.0572   0.79655
    3    1 1.4834400000000D+04 8.1653645700000D+12
   0.87554    1.0751    1.0514    1.0309    1.0209    1.0192    1.0265    1.0467
    1.0572   0.79655
    9    0 1.4834400000000D+04 2.9170000000000D+02
   10    0 1.4834400000000D+04 1.5800000000000D+01
*---+----+-------------------+-------------------+---------+---------------------
*   1: printout of the result at time [hours]
*---+----+-------------------+-------------------+---------+---------------------
    1    0 1.6328600000000D+04
*---+----+-------------------+-------------------+---------+---------------------
    2    1 1.6328600000000D+04 1.2403000000000D+01
   0.72636   0.87713   0.88664   0.91663   0.96356     1.021    1.0909     1.183
    1.2957    1.0389
    3    1 1.6328600000000D+04 6.6802558000000D+12
   0.72636   0.87713   0.88664   0.91663   0.96356     1.021    1.0909     1.183
    1.2957    1.0389
    9    0 1.6328600000000D+04 2.7520000000000D+02
   10    0 1.6328600000000D+04 1.5800000000000D+01
*---+----+-------------------+-------------------+---------+---------------------
*   1: printout of the result at time [hours]
*---+----+-------------------+-------------------+---------+---------------------
    1    0 1.6330600000000D+04
*---+----+-------------------+-------------------+---------+---------------------
    2    1 1.6330600000000D+04 2.4176900000000D+01
   0.68938   0.96514    1.0584    1.1123    1.1437    1.1516    1.1348    1.0898
   0.98842   0.66638
    3    1 1.6330600000000D+04 1.3207840470000D+13
   0.68938   0.96514    1.0584    1.1123    1.1437    1.1516    1.1348    1.0898
   0.98842   0.66638
    9    0 1.6330600000000D+04 2.9170000000000D+02
   10    0 1.6330600000000D+04 1.5800000000000D+01
*---+----+-------------------+-------------------+---------+---------------------
*   1: printout of the result at time [hours]
*---+----+-------------------+-------------------+---------+---------------------
    1    0 1.6473600000000D+04
*---+----+-------------------+-------------------+---------+---------------------
    2    1 1.6473600000000D+04 2.3544400000000D+01
   0.80826    1.0695    1.1134    1.1187    1.1109    1.0931    1.0656     1.025
   0.94247   0.65306
    3    1 1.6473600000000D+04 1.2817571360000D+13
   0.80826    1.0695    1.1134    1.1187    1.1109    1.0931    1.0656     1.025
   0.94247   0.65306
    9    0 1.6473600000000D+04 2.9170000000000D+02
   10    0 1.6473600000000D+04 1.5800000000000D+01
*---+----+-------------------+-------------------+---------+---------------------
*   1: printout of the result at time [hours]
*---+----+-------------------+-------------------+---------+---------------------
    1    0 1.7769600000000D+04
*---+----+-------------------+-------------------+---------+---------------------
    2    1 1.7769600000000D+04 2.3163900000000D+01
   0.84399    1.0695     1.089    1.0847    1.0777    1.0683    1.0556    1.0351
   0.97648   0.69967
    3    1 1.7769600000000D+04 1.2670653300000D+13
   0.84399    1.0695     1.089    1.0847    1.0777    1.0683    1.0556    1.0351
   0.97648   0.69967
    9    0 1.7769600000000D+04 2.9170000000000D+02
   10    0 1.7769600000000D+04 1.5800000000000D+01
*---+----+-------------------+-------------------+---------+---------------------
*   1: printout of the result at time [hours]
*---+----+-------------------+-------------------+---------+---------------------
    1    0 1.9375200000000D+04
*---+----+-------------------+-------------------+---------+---------------------
    2    1 1.9375200000000D+04 2.2633900000000D+01
   0.86189    1.0465     1.048    1.0395    1.0356    1.0356    1.0404    1.0509
    1.0449   0.79668
    3    1 1.9375200000000D+04 1.2430537880000D+13
   0.86189    1.0465     1.048    1.0395    1.0356    1.0356    1.0404    1.0509
    1.0449   0.79668
    9    0 1.9375200000000D+04 2.9170000000000D+02
   10    0 1.9375200000000D+04 1.5800000000000D+01
*---+----+-------------------+-------------------+---------+---------------------
*   1: printout of the result at time [hours]
*---+----+-------------------+-------------------+---------+---------------------
    1    0 2.1230400000000D+04
*---+----+-------------------+-------------------+---------+---------------------
    2    1 2.1230400000000D+04 1.8024100000000D+01
   0.69446   0.83466   0.86323   0.90584   0.96315    1.0306    1.1091    1.2042
    1.3132    1.0816
    3    1 2.1230400000000D+04 9.4626525000000D+12
   0.69446   0.83466   0.86323   0.90584   0.96315    1.0306    1.1091    1.2042
    1.3132    1.0816
    9    0 2.1230400000000D+04 2.7330000000000D+02
   10    0 2.1230400000000D+04 1.5800000000000D+01
*---+----+-------------------+-------------------+---------+---------------------
*   1: printout of the result at time [hours]
*---+----+-------------------+-------------------+---------+---------------------
    1    0 2.1234200000000D+04
*---+----+-------------------+-------------------+---------+---------------------
    2    1 2.1234200000000D+04 1.1139500000000D+01
   0.53952   0.67472   0.73405   0.81422   0.91638    1.0369    1.1768    1.3391
    1.4973     1.271
    3    1 2.1234200000000D+04 5.8393259000000D+12
   0.53952   0.67472   0.73405   0.81422   0.91638    1.0369    1.1768    1.3391
    1.4973     1.271
    9    0 2.1234200000000D+04 2.8340000000000D+02
   10    0 2.1234200000000D+04 1.5800000000000D+01
*---+----+-------------------+-------------------+---------+---------------------
*   1: printout of the result at time [hours]
*---+----+-------------------+-------------------+---------+---------------------
    1    0 2.1236200000000D+04
*---+----+-------------------+-------------------+---------+---------------------
    2    1 2.1236200000000D+04 1.5733800000000D+01
   0.74667    1.0072    1.0969    1.1393    1.1628    1.1376    1.1037    1.0487
   0.94809   0.60888
    3    1 2.1236200000000D+04 8.8345287000000D+12
   0.74667    1.0072    1.0969    1.1393    1.1628    1.1376    1.1037    1.0487
   0.94809   0.60888
    9    0 2.1236200000000D+04 2.9170000000000D+02
   10    0 2.1236200000000D+04 1.5800000000000D+01
*---+----+-------------------+-------------------+---------+---------------------
*   1: printout of the result at time [hours]
*---+----+-------------------+-------------------+---------+---------------------
    1    0 2.1379200000000D+04
*---+----+-------------------+-------------------+---------+---------------------
    2    1 2.1379200000000D+04 1.6258600000000D+01
   0.84934    1.0861    1.1292    1.1316    1.1157    1.0887    1.0537    1.0084
    0.9264   0.61075
    3    1 2.1379200000000D+04 9.0869315400000D+12
   0.84934    1.0861    1.1292    1.1316    1.1157    1.0887    1.0537    1.0084
    0.9264   0.61075
    9    0 2.1379200000000D+04 2.9170000000000D+02
   10    0 2.1379200000000D+04 1.5800000000000D+01
*---+----+-------------------+-------------------+---------+---------------------
*   1: printout of the result at time [hours]
*---+----+-------------------+-------------------+---------+---------------------
    1    0 2.2795200000000D+04
*---+----+-------------------+-------------------+---------+---------------------
    2    1 2.2795200000000D+04 1.6623800000000D+01
   0.85853     1.051    1.0713    1.0721    1.0686    1.0631    1.0561    1.0465
    1.0108   0.70201
    3    1 2.2795200000000D+04 9.2810675400000D+12
   0.85853     1.051    1.0713    1.0721    1.0686    1.0631    1.0561    1.0465
    1.0108   0.70201
    9    0 2.2795200000000D+04 2.9170000000000D+02
   10    0 2.2795200000000D+04 1.5800000000000D+01
*---+----+-------------------+-------------------+---------+---------------------
*   1: printout of the result at time [hours]
*---+----+-------------------+-------------------+---------+---------------------
    1    0 2.3620800000000D+04
*---+----+-------------------+-------------------+---------+---------------------
    2    1 2.3620800000000D+04 1.6783500000000D+01
   0.87693    1.0473    1.0544    1.0501    1.0464    1.0441    1.0442    1.0481
    1.0393   0.74913
    3    1 2.3620800000000D+04 9.3551229000000D+12
   0.87693    1.0473    1.0544    1.0501    1.0464    1.0441    1.0442    1.0481
    1.0393   0.74913
    9    0 2.3620800000000D+04 2.9170000000000D+02
   10    0 2.3620800000000D+04 1.5800000000000D+01
*---+----+-------------------+-------------------+---------+---------------------
*   1: printout of the result at time [hours]
*---+----+-------------------+-------------------+---------+---------------------
    1    0 2.4258200000000D+04
*---+----+-------------------+-------------------+---------+---------------------
    2    1 2.4258200000000D+04 1.5971700000000D+01
   0.78821   0.93828   0.96126   0.98631    1.0174    1.0516    1.0887    1.1306
    1.1708   0.86678
    3    1 2.4258200000000D+04 8.7317283900000D+12
   0.78821   0.93828   0.96126   0.98631    1.0174    1.0516    1.0887    1.1306
    1.1708   0.86678
    9    0 2.4258200000000D+04 2.8320000000000D+02
   10    0 2.4258200000000D+04 1.5800000000000D+01
*---+----+-------------------+-------------------+---------+---------------------
*   1: printout of the result at time [hours]
*---+----+-------------------+-------------------+---------+---------------------
    1    0 2.4260200000000D+04
*---+----+-------------------+-------------------+---------+---------------------
    2    1 2.4260200000000D+04 1.2999200000000D+01
   0.45426   0.69674   0.84944   0.98152    1.1013    1.2048    1.2815    1.3172
    1.2353   0.87782
    3    1 2.4260200000000D+04 7.8489169600000D+12
   0.45426   0.69674   0.84944   0.98152    1.1013    1.2048    1.2815    1.3172
    1.2353   0.87782
    9    0 2.4260200000000D+04 2.9170000000000D+02
   10    0 2.4260200000000D+04 1.5800000000000D+01
*---+----+-------------------+-------------------+---------+---------------------
*   1: printout of the result at time [hours]
*---+----+-------------------+-------------------+---------+---------------------
    1    0 2.4403200000000D+04
*---+----+-------------------+-------------------+---------+---------------------
    2    1 2.4403200000000D+04 1.3038500000000D+01
   0.63788   0.89727   0.99682    1.0548    1.0969      1.13    1.1527    1.1526
    1.0881   0.79304
    3    1 2.4403200000000D+04 7.8361385000000D+12
   0.63788   0.89727   0.99682    1.0548    1.0969      1.13    1.1527    1.1526
    1.0881   0.79304
    9    0 2.4403200000000D+04 2.9170000000000D+02
   10    0 2.4403200000000D+04 1.5800000000000D+01
*---+----+-------------------+-------------------+---------+---------------------
*   1: printout of the result at time [hours]
*---+----+-------------------+-------------------+---------+---------------------
    1    0 2.9659200000000D+04
*---+----+-------------------+-------------------+---------+---------------------
    2    1 2.9659200000000D+04 1.2260300000000D+01
   0.85659    1.0374    1.0484    1.0441    1.0402    1.0386      1.04    1.0426
    1.0257   0.82633
    3    1 2.9659200000000D+04 7.5192419900000D+12
   0.85659    1.0374    1.0484    1.0441    1.0402    1.0386      1.04    1.0426
    1.0257   0.82633
    9    0 2.9659200000000D+04 2.9170000000000D+02
   10    0 2.9659200000000D+04 1.5800000000000D+01
*---+----+-------------------+-------------------+---------+---------------------
*   1: printout of the result at time [hours]
*---+----+-------------------+-------------------+---------+---------------------
    1    0 3.1540800000000D+04
*---+----+-------------------+-------------------+---------+---------------------
    2    1 3.1540800000000D+04 1.2419000000000D+01
   0.85828   0.99791   0.99428   0.99275    1.0001    1.0141    1.0353    1.0672
    1.1071   0.93293
    3    1 3.1540800000000D+04 7.5967023000000D+12
   0.85828   0.99791   0.99428   0.99275    1.0001    1.0141    1.0353    1.0672
    1.1071   0.93293
    9    0 3.1540800000000D+04 2.9170000000000D+02
   10    0 3.1540800000000D+04 1.5800000000000D+01
*---+----+-------------------+-------------------+---------+---------------------
*   1: printout of the result at time [hours]
*---+----+-------------------+-------------------+---------+---------------------
    1    0 3.2276600000000D+04
*---+----+-------------------+-------------------+---------+---------------------
    2    1 3.2276600000000D+04 1.1794100000000D+01
   0.76835   0.88883   0.90054    0.9269   0.96718    1.0164    1.0749     1.148
    1.2272    1.0816
    3    1 3.2276600000000D+04 7.0410777000000D+12
   0.76835   0.88883   0.90054    0.9269   0.96718    1.0164    1.0749     1.148
    1.2272    1.0816
    9    0 3.2276600000000D+04 2.8110000000000D+02
   10    0 3.2276600000000D+04 1.5800000000000D+01
*---+----+-------------------+-------------------+---------+---------------------
*   1: printout of the result at time [hours]
*---+----+-------------------+-------------------+---------+---------------------
    1    0 3.2278600000000D+04
*---+----+-------------------+-------------------+---------+---------------------
    2    1 3.2278600000000D+04 1.0875100000000D+01
   0.46289   0.69075   0.84358   0.98132    1.1069     1.213    1.2871    1.3184
    1.2422   0.85388
    3    1 3.2278600000000D+04 7.0677274900000D+12
   0.46289   0.69075   0.84358   0.98132    1.1069     1.213    1.2871    1.3184
    1.2422   0.85388
    9    0 3.2278600000000D+04 2.9170000000000D+02
   10    0 3.2278600000000D+04 1.5800000000000D+01
*---+----+-------------------+-------------------+---------+---------------------
*   1: printout of the result at time [hours]
*---+----+-------------------+-------------------+---------+---------------------
    1    0 3.2421600000000D+04
*---+----+-------------------+-------------------+---------+---------------------
    2    1 3.2421600000000D+04 1.1081900000000D+01
   0.65314   0.89479   0.99505     1.058     1.104    1.1373    1.1601    1.1494
    1.0867   0.76151
    3    1 3.2421600000000D+04 7.1677729200000D+12
   0.65314   0.89479   0.99505     1.058     1.104    1.1373    1.1601    1.1494
    1.0867   0.76151
    9    0 3.2421600000000D+04 2.9170000000000D+02
   10    0 3.2421600000000D+04 1.5800000000000D+01
*---+----+-------------------+-------------------+---------+---------------------
*   1: printout of the result at time [hours]
*---+----+-------------------+-------------------+---------+---------------------
    1    0 3.5877600000000D+04
*---+----+-------------------+-------------------+---------+---------------------
    2    1 3.5877600000000D+04 1.1008900000000D+01
    0.8435    1.0303    1.0506    1.0501    1.0482    1.0485    1.0514    1.0608
    1.0356   0.78091
    3    1 3.5877600000000D+04 7.1546841100000D+12
    0.8435    1.0303    1.0506    1.0501    1.0482    1.0485    1.0514    1.0608
    1.0356   0.78091
    9    0 3.5877600000000D+04 2.9170000000000D+02
   10    0 3.5877600000000D+04 1.5800000000000D+01
*---+----+-------------------+-------------------+---------+---------------------
*   1: printout of the result at time [hours]
*---+----+-------------------+-------------------+---------+---------------------
    1    0 3.7677600000000D+04
*---+----+-------------------+-------------------+---------+---------------------
    2    1 3.7677600000000D+04 1.0908200000000D+01
   0.89071    1.0472    1.0513    1.0442    1.0381    1.0345    1.0338    1.0363
    1.0273   0.79665
    3    1 3.7677600000000D+04 7.0586962200000D+12
   0.89071    1.0472    1.0513    1.0442    1.0381    1.0345    1.0338    1.0363
    1.0273   0.79665
    9    0 3.7677600000000D+04 2.9170000000000D+02
   10    0 3.7677600000000D+04 1.5800000000000D+01
*---+----+-------------------+-------------------+---------+---------------------
*   1: printout of the result at time [hours]
*---+----+-------------------+-------------------+---------+---------------------
    1    0 3.9432000000000D+04
*---+----+-------------------+-------------------+---------+---------------------
    2    1 3.9432000000000D+04 1.1232900000000D+01
   0.88036   0.99778   0.99075   0.99004   0.99921     1.015    1.0372    1.0701
    1.1116   0.90805
    3    1 3.9432000000000D+04 7.2160149600000D+12
   0.88036   0.99778   0.99075   0.99004   0.99921     1.015    1.0372    1.0701
    1.1116   0.90805
    9    0 3.9432000000000D+04 2.9170000000000D+02
   10    0 3.9432000000000D+04 1.5800000000000D+01
*---+----+-------------------+-------------------+---------+---------------------
*   1: printout of the result at time [hours]
*---+----+-------------------+-------------------+---------+---------------------
    1    0 4.0375200000000D+04
*---+----+-------------------+-------------------+---------+---------------------
    2    1 4.0375200000000D+04 9.8427000000000D+00
   0.76016   0.85861   0.87171   0.90504   0.95462    1.0145    1.0851    1.1731
    1.2799    1.0974
    3    1 4.0375200000000D+04 6.1516875000000D+12
   0.76016   0.85861   0.87171   0.90504   0.95462    1.0145    1.0851    1.1731
    1.2799    1.0974
    9    0 4.0375200000000D+04 2.8120000000000D+02
   10    0 4.0375200000000D+04 1.5800000000000D+01
* data point #3295 end
*  00:  last line of data set (finishing the program)
*---+----+-------------------+-------------------+---------+---------------------
00000    0 4.0375200000000D+04
*---+----+-------------------+-------------------+---------+---------------------
