* data point #3055 begin
*
*---+----+-------------------+-------------------+---------+---------------------
*   1: printout of the result at time [hours]
*---+----+-------------------+-------------------+---------+---------------------
    1    0 0.0000000000000D+00
*---+----+-------------------+-------------------+---------+---------------------
    2    1 0.0000000000000D+00 2.9470100000000D+01
   0.56878   0.82972   0.97845    1.0862    1.1655    1.2137    1.2236    1.1822
     1.051   0.70091
    3    1 0.0000000000000D+00 1.2825387520000D+13
   0.56878   0.82972   0.97845    1.0862    1.1655    1.2137    1.2236    1.1822
     1.051   0.70091
    9    0 0.0000000000000D+00 2.9170000000000D+02
   10    0 0.0000000000000D+00 1.5800000000000D+01
*---+----+-------------------+-------------------+---------+---------------------
*   1: printout of the result at time [hours]
*---+----+-------------------+-------------------+---------+---------------------
    1    0 1.4400000000000D+02
*---+----+-------------------+-------------------+---------+---------------------
    2    1 1.4400000000000D+02 2.9152600000000D+01
    0.7541    1.0136    1.0975    1.1271    1.1449    1.1254    1.1007    1.0509
   0.94098   0.64488
    3    1 1.4400000000000D+02 1.2751347240000D+13
    0.7541    1.0136    1.0975    1.1271    1.1449    1.1254    1.1007    1.0509
   0.94098   0.64488
    9    0 1.4400000000000D+02 2.9170000000000D+02
   10    0 1.4400000000000D+02 1.5800000000000D+01
*---+----+-------------------+-------------------+---------+---------------------
*   1: printout of the result at time [hours]
*---+----+-------------------+-------------------+---------+---------------------
    1    0 5.0400000000000D+03
*---+----+-------------------+-------------------+---------+---------------------
    2    1 5.0400000000000D+03 2.7532300000000D+01
   0.87087    1.1496    1.1647    1.1335    1.0967    1.0611     1.026   0.98401
   0.89713   0.61629
    3    1 5.0400000000000D+03 1.2728182290000D+13
   0.87087    1.1496    1.1647    1.1335    1.0967    1.0611     1.026   0.98401
   0.89713   0.61629
    9    0 5.0400000000000D+03 2.9170000000000D+02
   10    0 5.0400000000000D+03 1.5800000000000D+01
*---+----+-------------------+-------------------+---------+---------------------
*   1: printout of the result at time [hours]
*---+----+-------------------+-------------------+---------+---------------------
    1    0 7.6920000000000D+03
*---+----+-------------------+-------------------+---------+---------------------
    2    1 7.6920000000000D+03 2.6682200000000D+01
   0.86792    1.0984    1.0735    1.0494    1.0375    1.0345    1.0391    1.0489
    1.0271    0.7237
    3    1 7.6920000000000D+03 1.2644694580000D+13
   0.86792    1.0984    1.0735    1.0494    1.0375    1.0345    1.0391    1.0489
    1.0271    0.7237
    9    0 7.6920000000000D+03 2.9170000000000D+02
   10    0 7.6920000000000D+03 1.5800000000000D+01
*---+----+-------------------+-------------------+---------+---------------------
*   1: printout of the result at time [hours]
*---+----+-------------------+-------------------+---------+---------------------
    1    0 8.4782000000000D+03
*---+----+-------------------+-------------------+---------+---------------------
    2    1 8.4782000000000D+03 2.4908300000000D+01
   0.76264   0.95787   0.96181   0.97594    1.0055    1.0444    1.0917    1.1486
    1.1837   0.86794
    3    1 8.4782000000000D+03 1.1530052070000D+13
   0.76264   0.95787   0.96181   0.97594    1.0055    1.0444    1.0917    1.1486
    1.1837   0.86794
    9    0 8.4782000000000D+03 2.8120000000000D+02
   10    0 8.4782000000000D+03 1.5800000000000D+01
*---+----+-------------------+-------------------+---------+---------------------
*   1: printout of the result at time [hours]
*---+----+-------------------+-------------------+---------+---------------------
    1    0 8.4802000000000D+03
*---+----+-------------------+-------------------+---------+---------------------
    2    1 8.4802000000000D+03 2.4377900000000D+01
   0.48126   0.72832   0.86849   0.99762    1.1151    1.2118    1.2774     1.303
    1.2175   0.79945
    3    1 8.4802000000000D+03 1.2479047010000D+13
   0.48126   0.72832   0.86849   0.99762    1.1151    1.2118    1.2774     1.303
    1.2175   0.79945
    9    0 8.4802000000000D+03 2.9170000000000D+02
   10    0 8.4802000000000D+03 1.5800000000000D+01
*---+----+-------------------+-------------------+---------+---------------------
*   1: printout of the result at time [hours]
*---+----+-------------------+-------------------+---------+---------------------
    1    0 8.6232000000000D+03
*---+----+-------------------+-------------------+---------+---------------------
    2    1 8.6232000000000D+03 2.4025700000000D+01
   0.67815   0.94515    1.0252    1.0745    1.1091    1.1317    1.1447    1.1297
    1.0562   0.70562
    3    1 8.6232000000000D+03 1.2310768680000D+13
   0.67815   0.94515    1.0252    1.0745    1.1091    1.1317    1.1447    1.1297
    1.0562   0.70562
    9    0 8.6232000000000D+03 2.9170000000000D+02
   10    0 8.6232000000000D+03 1.5800000000000D+01
*---+----+-------------------+-------------------+---------+---------------------
*   1: printout of the result at time [hours]
*---+----+-------------------+-------------------+---------+---------------------
    1    0 1.2079200000000D+04
*---+----+-------------------+-------------------+---------+---------------------
    2    1 1.2079200000000D+04 2.3243700000000D+01
   0.87039    1.0959    1.0975    1.0799    1.0628    1.0483    1.0371    1.0262
   0.98293   0.69894
    3    1 1.2079200000000D+04 1.2151806360000D+13
   0.87039    1.0959    1.0975    1.0799    1.0628    1.0483    1.0371    1.0262
   0.98293   0.69894
    9    0 1.2079200000000D+04 2.9170000000000D+02
   10    0 1.2079200000000D+04 1.5800000000000D+01
*---+----+-------------------+-------------------+---------+---------------------
*   1: printout of the result at time [hours]
*---+----+-------------------+-------------------+---------+---------------------
    1    0 1.4239200000000D+04
*---+----+-------------------+-------------------+---------+---------------------
    2    1 1.4239200000000D+04 2.2852000000000D+01
   0.91156    1.1224    1.1074     1.082    1.0587    1.0377    1.0194     1.003
   0.96088   0.69688
    3    1 1.4239200000000D+04 1.2111560000000D+13
   0.91156    1.1224    1.1074     1.082    1.0587    1.0377    1.0194     1.003
   0.96088   0.69688
    9    0 1.4239200000000D+04 2.9170000000000D+02
   10    0 1.4239200000000D+04 1.5800000000000D+01
*---+----+-------------------+-------------------+---------+---------------------
*   1: printout of the result at time [hours]
*---+----+-------------------+-------------------+---------+---------------------
    1    0 1.5542400000000D+04
*---+----+-------------------+-------------------+---------+---------------------
    2    1 1.5542400000000D+04 2.2571900000000D+01
   0.89594    1.0732     1.047    1.0338    1.0295    1.0291    1.0319    1.0408
    1.0373    0.7815
    3    1 1.5542400000000D+04 1.2035337080000D+13
   0.89594    1.0732     1.047    1.0338    1.0295    1.0291    1.0319    1.0408
    1.0373    0.7815
    9    0 1.5542400000000D+04 2.9170000000000D+02
   10    0 1.5542400000000D+04 1.5800000000000D+01
*---+----+-------------------+-------------------+---------+---------------------
*   1: printout of the result at time [hours]
*---+----+-------------------+-------------------+---------+---------------------
    1    0 1.5963800000000D+04
*---+----+-------------------+-------------------+---------+---------------------
    2    1 1.5963800000000D+04 2.1338400000000D+01
   0.80329   0.95696   0.96052   0.97786    1.0071     1.041    1.0787    1.1233
    1.1588   0.89233
    3    1 1.5963800000000D+04 1.1196258480000D+13
   0.80329   0.95696   0.96052   0.97786    1.0071     1.041    1.0787    1.1233
    1.1588   0.89233
    9    0 1.5963800000000D+04 2.8640000000000D+02
   10    0 1.5963800000000D+04 1.5800000000000D+01
*---+----+-------------------+-------------------+---------+---------------------
*   1: printout of the result at time [hours]
*---+----+-------------------+-------------------+---------+---------------------
    1    0 1.5965800000000D+04
*---+----+-------------------+-------------------+---------+---------------------
    2    1 1.5965800000000D+04 1.7427800000000D+01
   0.45387   0.63542   0.75707   0.89363     1.035    1.1677    1.2794     1.358
    1.3754    1.0445
    3    1 1.5965800000000D+04 9.8519353400000D+12
   0.45387   0.63542   0.75707   0.89363     1.035    1.1677    1.2794     1.358
    1.3754    1.0445
    9    0 1.5965800000000D+04 2.9170000000000D+02
   10    0 1.5965800000000D+04 1.5800000000000D+01
*---+----+-------------------+-------------------+---------+---------------------
*   1: printout of the result at time [hours]
*---+----+-------------------+-------------------+---------+---------------------
    1    0 1.6108800000000D+04
*---+----+-------------------+-------------------+---------+---------------------
    2    1 1.6108800000000D+04 1.7726700000000D+01
   0.65624   0.85267   0.92538   0.99285    1.0558    1.1104    1.1539    1.1828
    1.1732   0.89678
    3    1 1.6108800000000D+04 1.0019130840000D+13
   0.65624   0.85267   0.92538   0.99285    1.0558    1.1104    1.1539    1.1828
    1.1732   0.89678
    9    0 1.6108800000000D+04 2.9170000000000D+02
   10    0 1.6108800000000D+04 1.5800000000000D+01
*---+----+-------------------+-------------------+---------+---------------------
*   1: printout of the result at time [hours]
*---+----+-------------------+-------------------+---------+---------------------
    1    0 1.9564800000000D+04
*---+----+-------------------+-------------------+---------+---------------------
    2    1 1.9564800000000D+04 1.7946000000000D+01
    0.8564    1.0294    1.0372    1.0378    1.0392    1.0417     1.046    1.0578
      1.04    0.8145
    3    1 1.9564800000000D+04 1.0247166000000D+13
    0.8564    1.0294    1.0372    1.0378    1.0392    1.0417     1.046    1.0578
      1.04    0.8145
    9    0 1.9564800000000D+04 2.9170000000000D+02
   10    0 1.9564800000000D+04 1.5800000000000D+01
*---+----+-------------------+-------------------+---------+---------------------
*   1: printout of the result at time [hours]
*---+----+-------------------+-------------------+---------+---------------------
    1    0 2.1364800000000D+04
*---+----+-------------------+-------------------+---------+---------------------
    2    1 2.1364800000000D+04 1.7831500000000D+01
   0.89611     1.066    1.0609     1.051    1.0417    1.0337    1.0278    1.0241
    1.0055    0.7932
    3    1 2.1364800000000D+04 1.0240630450000D+13
   0.89611     1.066    1.0609     1.051    1.0417    1.0337    1.0278    1.0241
    1.0055    0.7932
    9    0 2.1364800000000D+04 2.9170000000000D+02
   10    0 2.1364800000000D+04 1.5800000000000D+01
*---+----+-------------------+-------------------+---------+---------------------
*   1: printout of the result at time [hours]
*---+----+-------------------+-------------------+---------+---------------------
    1    0 2.3119200000000D+04
*---+----+-------------------+-------------------+---------+---------------------
    2    1 2.3119200000000D+04 1.7762600000000D+01
   0.88365     1.014    1.0032   0.99985    1.0054    1.0165    1.0334    1.0596
    1.0933    0.8912
    3    1 2.3119200000000D+04 1.0224152560000D+13
   0.88365     1.014    1.0032   0.99985    1.0054    1.0165    1.0334    1.0596
    1.0933    0.8912
    9    0 2.3119200000000D+04 2.9170000000000D+02
   10    0 2.3119200000000D+04 1.5800000000000D+01
*---+----+-------------------+-------------------+---------+---------------------
*   1: printout of the result at time [hours]
*---+----+-------------------+-------------------+---------+---------------------
    1    0 2.4062400000000D+04
*---+----+-------------------+-------------------+---------+---------------------
    2    1 2.4062400000000D+04 1.5177600000000D+01
   0.74946    0.8583   0.87175   0.90667   0.95694     1.017    1.0875    1.1748
    1.2718    1.1058
    3    1 2.4062400000000D+04 8.4584764800000D+12
   0.74946    0.8583   0.87175   0.90667   0.95694     1.017    1.0875    1.1748
    1.2718    1.1058
    9    0 2.4062400000000D+04 2.8120000000000D+02
   10    0 2.4062400000000D+04 1.5800000000000D+01
* data point #3055 end
*  00:  last line of data set (finishing the program)
*---+----+-------------------+-------------------+---------+---------------------
00000    0 2.4062400000000D+04
*---+----+-------------------+-------------------+---------+---------------------
