* data point #3092 begin
*
*---+----+-------------------+-------------------+---------+---------------------
*   1: printout of the result at time [hours]
*---+----+-------------------+-------------------+---------+---------------------
    1    0 0.0000000000000D+00
*---+----+-------------------+-------------------+---------+---------------------
    2    1 0.0000000000000D+00 2.4396500000000D+01
   0.63222   0.99748    1.1026    1.1525    1.1792    1.1825    1.1605    1.1063
   0.96653   0.52016
    3    1 0.0000000000000D+00 1.0549046600000D+13
   0.63222   0.99748    1.1026    1.1525    1.1792    1.1825    1.1605    1.1063
   0.96653   0.52016
    9    0 0.0000000000000D+00 2.9170000000000D+02
   10    0 0.0000000000000D+00 1.5800000000000D+01
*---+----+-------------------+-------------------+---------+---------------------
*   1: printout of the result at time [hours]
*---+----+-------------------+-------------------+---------+---------------------
    1    0 1.4400000000000D+02
*---+----+-------------------+-------------------+---------+---------------------
    2    1 1.4400000000000D+02 2.4563900000000D+01
    0.7623    1.1229    1.1762    1.1624    1.1425    1.1143    1.0776    1.0259
   0.90894   0.50717
    3    1 1.4400000000000D+02 1.0690209280000D+13
    0.7623    1.1229    1.1762    1.1624    1.1425    1.1143    1.0776    1.0259
   0.90894   0.50717
    9    0 1.4400000000000D+02 2.9170000000000D+02
   10    0 1.4400000000000D+02 1.5800000000000D+01
*---+----+-------------------+-------------------+---------+---------------------
*   1: printout of the result at time [hours]
*---+----+-------------------+-------------------+---------+---------------------
    1    0 1.4400000000000D+03
*---+----+-------------------+-------------------+---------+---------------------
    2    1 1.4400000000000D+03 2.4235900000000D+01
   0.81111    1.1323    1.1478    1.1277     1.107    1.0861    1.0634    1.0323
   0.94265   0.54976
    3    1 1.4400000000000D+03 1.0719538570000D+13
   0.81111    1.1323    1.1478    1.1277     1.107    1.0861    1.0634    1.0323
   0.94265   0.54976
    9    0 1.4400000000000D+03 2.9170000000000D+02
   10    0 1.4400000000000D+03 1.5800000000000D+01
*---+----+-------------------+-------------------+---------+---------------------
*   1: printout of the result at time [hours]
*---+----+-------------------+-------------------+---------+---------------------
    1    0 3.0456000000000D+03
*---+----+-------------------+-------------------+---------+---------------------
    2    1 3.0456000000000D+03 2.3888800000000D+01
   0.84232    1.1114    1.0988    1.0737     1.056    1.0445    1.0402    1.0451
    1.0278    0.6601
    3    1 3.0456000000000D+03 1.0704571280000D+13
   0.84232    1.1114    1.0988    1.0737     1.056    1.0445    1.0402    1.0451
    1.0278    0.6601
    9    0 3.0456000000000D+03 2.9170000000000D+02
   10    0 3.0456000000000D+03 1.5800000000000D+01
*---+----+-------------------+-------------------+---------+---------------------
*   1: printout of the result at time [hours]
*---+----+-------------------+-------------------+---------+---------------------
    1    0 4.9008000000000D+03
*---+----+-------------------+-------------------+---------+---------------------
    2    1 4.9008000000000D+03 1.8434000000000D+01
   0.68916   0.89113   0.91304   0.94526   0.99295    1.0502    1.1183    1.2043
    1.2919   0.90382
    3    1 4.9008000000000D+03 7.9579578000000D+12
   0.68916   0.89113   0.91304   0.94526   0.99295    1.0502    1.1183    1.2043
    1.2919   0.90382
    9    0 4.9008000000000D+03 2.7330000000000D+02
   10    0 4.9008000000000D+03 1.5800000000000D+01
*---+----+-------------------+-------------------+---------+---------------------
*   1: printout of the result at time [hours]
*---+----+-------------------+-------------------+---------+---------------------
    1    0 4.9046000000000D+03
*---+----+-------------------+-------------------+---------+---------------------
    2    1 4.9046000000000D+03 1.1093000000000D+01
     0.538   0.72316   0.77977   0.85387    0.9497    1.0624    1.1927    1.3454
    1.4941    1.0608
    3    1 4.9046000000000D+03 4.7844109000000D+12
     0.538   0.72316   0.77977   0.85387    0.9497    1.0624    1.1927    1.3454
    1.4941    1.0608
    9    0 4.9046000000000D+03 2.8340000000000D+02
   10    0 4.9046000000000D+03 1.5800000000000D+01
*---+----+-------------------+-------------------+---------+---------------------
*   1: printout of the result at time [hours]
*---+----+-------------------+-------------------+---------+---------------------
    1    0 4.9066000000000D+03
*---+----+-------------------+-------------------+---------+---------------------
    2    1 4.9066000000000D+03 2.5908600000000D+01
   0.75886    1.1138    1.1948    1.2112    1.1848    1.1373    1.0712   0.98612
   0.85242   0.48953
    3    1 4.9066000000000D+03 1.2425764560000D+13
   0.75886    1.1138    1.1948    1.2112    1.1848    1.1373    1.0712   0.98612
   0.85242   0.48953
    9    0 4.9066000000000D+03 2.9170000000000D+02
   10    0 4.9066000000000D+03 1.5800000000000D+01
*---+----+-------------------+-------------------+---------+---------------------
*   1: printout of the result at time [hours]
*---+----+-------------------+-------------------+---------+---------------------
    1    0 5.0496000000000D+03
*---+----+-------------------+-------------------+---------+---------------------
    2    1 5.0496000000000D+03 2.6162400000000D+01
   0.86192    1.1935    1.2279    1.1916     1.143     1.085    1.0212   0.94827
   0.83421   0.49349
    3    1 5.0496000000000D+03 1.2584114400000D+13
   0.86192    1.1935    1.2279    1.1916     1.143     1.085    1.0212   0.94827
   0.83421   0.49349
    9    0 5.0496000000000D+03 2.9170000000000D+02
   10    0 5.0496000000000D+03 1.5800000000000D+01
*---+----+-------------------+-------------------+---------+---------------------
*   1: printout of the result at time [hours]
*---+----+-------------------+-------------------+---------+---------------------
    1    0 6.4656000000000D+03
*---+----+-------------------+-------------------+---------+---------------------
    2    1 6.4656000000000D+03 2.5552400000000D+01
   0.86661    1.1393    1.1467    1.1238    1.0965    1.0674    1.0372    1.0028
   0.93338   0.58621
    3    1 6.4656000000000D+03 1.2408245440000D+13
   0.86661    1.1393    1.1467    1.1238    1.0965    1.0674    1.0372    1.0028
   0.93338   0.58621
    9    0 6.4656000000000D+03 2.9170000000000D+02
   10    0 6.4656000000000D+03 1.5800000000000D+01
*---+----+-------------------+-------------------+---------+---------------------
*   1: printout of the result at time [hours]
*---+----+-------------------+-------------------+---------+---------------------
    1    0 7.2912000000000D+03
*---+----+-------------------+-------------------+---------+---------------------
    2    1 7.2912000000000D+03 2.5317400000000D+01
   0.88335    1.1329    1.1242    1.0986    1.0736    1.0502    1.0292    1.0097
   0.96645   0.63186
    3    1 7.2912000000000D+03 1.2337169020000D+13
   0.88335    1.1329    1.1242    1.0986    1.0736    1.0502    1.0292    1.0097
   0.96645   0.63186
    9    0 7.2912000000000D+03 2.9170000000000D+02
   10    0 7.2912000000000D+03 1.5800000000000D+01
*---+----+-------------------+-------------------+---------+---------------------
*   1: printout of the result at time [hours]
*---+----+-------------------+-------------------+---------+---------------------
    1    0 7.9286000000000D+03
*---+----+-------------------+-------------------+---------+---------------------
    2    1 7.9286000000000D+03 2.4141700000000D+01
   0.79067    1.0091    1.0257    1.0357    1.0503    1.0667    1.0841    1.1022
    1.0941   0.74158
    3    1 7.9286000000000D+03 1.1527661750000D+13
   0.79067    1.0091    1.0257    1.0357    1.0503    1.0667    1.0841    1.1022
    1.0941   0.74158
    9    0 7.9286000000000D+03 2.8320000000000D+02
   10    0 7.9286000000000D+03 1.5800000000000D+01
*---+----+-------------------+-------------------+---------+---------------------
*   1: printout of the result at time [hours]
*---+----+-------------------+-------------------+---------+---------------------
    1    0 7.9306000000000D+03
*---+----+-------------------+-------------------+---------+---------------------
    2    1 7.9306000000000D+03 2.3053800000000D+01
   0.53475   0.80451   0.94882     1.065    1.1572    1.2205    1.2511    1.2229
    1.1118   0.68344
    3    1 7.9306000000000D+03 1.2347615280000D+13
   0.53475   0.80451   0.94882     1.065    1.1572    1.2205    1.2511    1.2229
    1.1118   0.68344
    9    0 7.9306000000000D+03 2.9170000000000D+02
   10    0 7.9306000000000D+03 1.5800000000000D+01
*---+----+-------------------+-------------------+---------+---------------------
*   1: printout of the result at time [hours]
*---+----+-------------------+-------------------+---------+---------------------
    1    0 8.0736000000000D+03
*---+----+-------------------+-------------------+---------+---------------------
    2    1 8.0736000000000D+03 2.2817900000000D+01
   0.70883   0.98743    1.0711    1.1125    1.1331    1.1492    1.1269    1.0903
   0.99527    0.6253
    3    1 8.0736000000000D+03 1.2212140080000D+13
   0.70883   0.98743    1.0711    1.1125    1.1331    1.1492    1.1269    1.0903
   0.99527    0.6253
    9    0 8.0736000000000D+03 2.9170000000000D+02
   10    0 8.0736000000000D+03 1.5800000000000D+01
*---+----+-------------------+-------------------+---------+---------------------
*   1: printout of the result at time [hours]
*---+----+-------------------+-------------------+---------+---------------------
    1    0 1.2969600000000D+04
*---+----+-------------------+-------------------+---------+---------------------
    2    1 1.2969600000000D+04 2.2005200000000D+01
   0.86734    1.1139     1.137    1.1125     1.089    1.0657    1.0423    1.0118
   0.93964   0.62081
    3    1 1.2969600000000D+04 1.2116063120000D+13
   0.86734    1.1139     1.137    1.1125     1.089    1.0657    1.0423    1.0118
   0.93964   0.62081
    9    0 1.2969600000000D+04 2.9170000000000D+02
   10    0 1.2969600000000D+04 1.5800000000000D+01
*---+----+-------------------+-------------------+---------+---------------------
*   1: printout of the result at time [hours]
*---+----+-------------------+-------------------+---------+---------------------
    1    0 1.5621600000000D+04
*---+----+-------------------+-------------------+---------+---------------------
    2    1 1.5621600000000D+04 2.1393500000000D+01
   0.87999    1.0613    1.0476    1.0327    1.0292    1.0343     1.047    1.0653
    1.0579   0.74471
    3    1 1.5621600000000D+04 1.1918318850000D+13
   0.87999    1.0613    1.0476    1.0327    1.0292    1.0343     1.047    1.0653
    1.0579   0.74471
    9    0 1.5621600000000D+04 2.9170000000000D+02
   10    0 1.5621600000000D+04 1.5800000000000D+01
*---+----+-------------------+-------------------+---------+---------------------
*   1: printout of the result at time [hours]
*---+----+-------------------+-------------------+---------+---------------------
    1    0 1.6407800000000D+04
*---+----+-------------------+-------------------+---------+---------------------
    2    1 1.6407800000000D+04 2.0012200000000D+01
   0.77318   0.92868   0.93763   0.95852   0.99464    1.0408    1.0963    1.1619
    1.2182   0.89021
    3    1 1.6407800000000D+04 1.0868625820000D+13
   0.77318   0.92868   0.93763   0.95852   0.99464    1.0408    1.0963    1.1619
    1.2182   0.89021
    9    0 1.6407800000000D+04 2.8120000000000D+02
   10    0 1.6407800000000D+04 1.5800000000000D+01
*---+----+-------------------+-------------------+---------+---------------------
*   1: printout of the result at time [hours]
*---+----+-------------------+-------------------+---------+---------------------
    1    0 1.6409800000000D+04
*---+----+-------------------+-------------------+---------+---------------------
    2    1 1.6409800000000D+04 1.8306200000000D+01
   0.43521   0.60493   0.71894   0.84933   0.98988    1.1312    1.2642    1.3785
    1.4579    1.1699
    3    1 1.6409800000000D+04 1.0665192120000D+13
   0.43521   0.60493   0.71894   0.84933   0.98988    1.1312    1.2642    1.3785
    1.4579    1.1699
    9    0 1.6409800000000D+04 2.9170000000000D+02
   10    0 1.6409800000000D+04 1.5800000000000D+01
*---+----+-------------------+-------------------+---------+---------------------
*   1: printout of the result at time [hours]
*---+----+-------------------+-------------------+---------+---------------------
    1    0 1.6552800000000D+04
*---+----+-------------------+-------------------+---------+---------------------
    2    1 1.6552800000000D+04 1.8469300000000D+01
   0.63955   0.82347   0.89067   0.95586    1.0215    1.0856    1.1468    1.2025
    1.2368   0.99728
    3    1 1.6552800000000D+04 1.0765754970000D+13
   0.63955   0.82347   0.89067   0.95586    1.0215    1.0856    1.1468    1.2025
    1.2368   0.99728
    9    0 1.6552800000000D+04 2.9170000000000D+02
   10    0 1.6552800000000D+04 1.5800000000000D+01
*---+----+-------------------+-------------------+---------+---------------------
*   1: printout of the result at time [hours]
*---+----+-------------------+-------------------+---------+---------------------
    1    0 2.1808800000000D+04
*---+----+-------------------+-------------------+---------+---------------------
    2    1 2.1808800000000D+04 1.8663000000000D+01
    0.9005    1.0652    1.0601    1.0491    1.0385    1.0294    1.0226    1.0181
    1.0015   0.81509
    3    1 2.1808800000000D+04 1.1091420900000D+13
    0.9005    1.0652    1.0601    1.0491    1.0385    1.0294    1.0226    1.0181
    1.0015   0.81509
    9    0 2.1808800000000D+04 2.9170000000000D+02
   10    0 2.1808800000000D+04 1.5800000000000D+01
*---+----+-------------------+-------------------+---------+---------------------
*   1: printout of the result at time [hours]
*---+----+-------------------+-------------------+---------+---------------------
    1    0 2.3690400000000D+04
*---+----+-------------------+-------------------+---------+---------------------
    2    1 2.3690400000000D+04 1.8470500000000D+01
   0.90198     1.028    1.0139    1.0055    1.0052    1.0102     1.021    1.0412
     1.075   0.89808
    3    1 2.3690400000000D+04 1.1006570950000D+13
   0.90198     1.028    1.0139    1.0055    1.0052    1.0102     1.021    1.0412
     1.075   0.89808
    9    0 2.3690400000000D+04 2.9170000000000D+02
   10    0 2.3690400000000D+04 1.5800000000000D+01
*---+----+-------------------+-------------------+---------+---------------------
*   1: printout of the result at time [hours]
*---+----+-------------------+-------------------+---------+---------------------
    1    0 2.4426200000000D+04
*---+----+-------------------+-------------------+---------+---------------------
    2    1 2.4426200000000D+04 1.7044400000000D+01
   0.79434   0.90247    0.9088   0.93292   0.96994    1.0146    1.0672    1.1334
    1.2086    1.0677
    3    1 2.4426200000000D+04 9.8721164800000D+12
   0.79434   0.90247    0.9088   0.93292   0.96994    1.0146    1.0672    1.1334
    1.2086    1.0677
    9    0 2.4426200000000D+04 2.8110000000000D+02
   10    0 2.4426200000000D+04 1.5800000000000D+01
*---+----+-------------------+-------------------+---------+---------------------
*   1: printout of the result at time [hours]
*---+----+-------------------+-------------------+---------+---------------------
    1    0 2.4428200000000D+04
*---+----+-------------------+-------------------+---------+---------------------
    2    1 2.4428200000000D+04 1.4368500000000D+01
   0.48808   0.68309   0.81275   0.94185    1.0656    1.1751    1.2606    1.3173
    1.2828   0.97289
    3    1 2.4428200000000D+04 9.2274507000000D+12
   0.48808   0.68309   0.81275   0.94185    1.0656    1.1751    1.2606    1.3173
    1.2828   0.97289
    9    0 2.4428200000000D+04 2.9170000000000D+02
   10    0 2.4428200000000D+04 1.5800000000000D+01
*---+----+-------------------+-------------------+---------+---------------------
*   1: printout of the result at time [hours]
*---+----+-------------------+-------------------+---------+---------------------
    1    0 2.4571200000000D+04
*---+----+-------------------+-------------------+---------+---------------------
    2    1 2.4571200000000D+04 1.4452800000000D+01
   0.68776   0.89007   0.96542    1.0224    1.0692     1.107    1.1348    1.1541
    1.1147   0.85451
    3    1 2.4571200000000D+04 9.2483467200000D+12
   0.68776   0.89007   0.96542    1.0224    1.0692     1.107    1.1348    1.1541
    1.1147   0.85451
    9    0 2.4571200000000D+04 2.9170000000000D+02
   10    0 2.4571200000000D+04 1.5800000000000D+01
*---+----+-------------------+-------------------+---------+---------------------
*   1: printout of the result at time [hours]
*---+----+-------------------+-------------------+---------+---------------------
    1    0 2.8027200000000D+04
*---+----+-------------------+-------------------+---------+---------------------
    2    1 2.8027200000000D+04 1.5009300000000D+01
   0.87759    1.0458    1.0535    1.0472    1.0408     1.037    1.0364    1.0371
     1.016    0.8087
    3    1 2.8027200000000D+04 9.5654268900000D+12
   0.87759    1.0458    1.0535    1.0472    1.0408     1.037    1.0364    1.0371
     1.016    0.8087
    9    0 2.8027200000000D+04 2.9170000000000D+02
   10    0 2.8027200000000D+04 1.5800000000000D+01
*---+----+-------------------+-------------------+---------+---------------------
*   1: printout of the result at time [hours]
*---+----+-------------------+-------------------+---------+---------------------
    1    0 3.0187200000000D+04
*---+----+-------------------+-------------------+---------+---------------------
    2    1 3.0187200000000D+04 1.5311500000000D+01
   0.91853    1.0807    1.0738     1.058     1.043    1.0297    1.0188    1.0094
   0.98109   0.78706
    3    1 3.0187200000000D+04 9.7656747000000D+12
   0.91853    1.0807    1.0738     1.058     1.043    1.0297    1.0188    1.0094
   0.98109   0.78706
    9    0 3.0187200000000D+04 2.9170000000000D+02
   10    0 3.0187200000000D+04 1.5800000000000D+01
*---+----+-------------------+-------------------+---------+---------------------
*   1: printout of the result at time [hours]
*---+----+-------------------+-------------------+---------+---------------------
    1    0 3.1490400000000D+04
*---+----+-------------------+-------------------+---------+---------------------
    2    1 3.1490400000000D+04 1.5416100000000D+01
   0.89835    1.0255     1.016     1.011    1.0141     1.021    1.0312     1.047
    1.0603   0.87564
    3    1 3.1490400000000D+04 9.8030979900000D+12
   0.89835    1.0255     1.016     1.011    1.0141     1.021    1.0312     1.047
    1.0603   0.87564
    9    0 3.1490400000000D+04 2.9170000000000D+02
   10    0 3.1490400000000D+04 1.5800000000000D+01
*---+----+-------------------+-------------------+---------+---------------------
*   1: printout of the result at time [hours]
*---+----+-------------------+-------------------+---------+---------------------
    1    0 3.1911800000000D+04
*---+----+-------------------+-------------------+---------+---------------------
    2    1 3.1911800000000D+04 1.4515000000000D+01
    0.8042    0.9207   0.93021   0.95343   0.98829    1.0285     1.073    1.1245
    1.1844   0.99283
    3    1 3.1911800000000D+04 9.0805840000000D+12
    0.8042    0.9207   0.93021   0.95343   0.98829    1.0285     1.073    1.1245
    1.1844   0.99283
    9    0 3.1911800000000D+04 2.8640000000000D+02
   10    0 3.1911800000000D+04 1.5800000000000D+01
*---+----+-------------------+-------------------+---------+---------------------
*   1: printout of the result at time [hours]
*---+----+-------------------+-------------------+---------+---------------------
    1    0 3.1913800000000D+04
*---+----+-------------------+-------------------+---------+---------------------
    2    1 3.1913800000000D+04 1.8950000000000D+00
   0.48602   0.70132   0.84591   0.97573    1.0929    1.1905    1.2575     1.286
    1.2222   0.94195
    3    1 3.1913800000000D+04 1.2700290000000D+12
   0.48602   0.70132   0.84591   0.97573    1.0929    1.1905    1.2575     1.286
    1.2222   0.94195
    9    0 3.1913800000000D+04 2.9170000000000D+02
   10    0 3.1913800000000D+04 1.5800000000000D+01
*---+----+-------------------+-------------------+---------+---------------------
*   1: printout of the result at time [hours]
*---+----+-------------------+-------------------+---------+---------------------
    1    0 3.2056800000000D+04
*---+----+-------------------+-------------------+---------+---------------------
    2    1 3.2056800000000D+04 1.9984000000000D+00
   0.67504   0.89772   0.98779    1.0448    1.0859    1.1159    1.1369    1.1274
    1.0784   0.85018
    3    1 3.2056800000000D+04 1.3101510400000D+12
   0.67504   0.89772   0.98779    1.0448    1.0859    1.1159    1.1369    1.1274
    1.0784   0.85018
    9    0 3.2056800000000D+04 2.9170000000000D+02
   10    0 3.2056800000000D+04 1.5800000000000D+01
*---+----+-------------------+-------------------+---------+---------------------
*   1: printout of the result at time [hours]
*---+----+-------------------+-------------------+---------+---------------------
    1    0 3.5512800000000D+04
*---+----+-------------------+-------------------+---------+---------------------
    2    1 3.5512800000000D+04 2.3826000000000D+00
   0.83228      1.03    1.0635    1.0543    1.0489    1.0451    1.0438      1.04
    1.0132   0.82893
    3    1 3.5512800000000D+04 1.5024675600000D+12
   0.83228      1.03    1.0635    1.0543    1.0489    1.0451    1.0438      1.04
    1.0132   0.82893
    9    0 3.5512800000000D+04 2.9170000000000D+02
   10    0 3.5512800000000D+04 1.5800000000000D+01
*---+----+-------------------+-------------------+---------+---------------------
*   1: printout of the result at time [hours]
*---+----+-------------------+-------------------+---------+---------------------
    1    0 3.7312800000000D+04
*---+----+-------------------+-------------------+---------+---------------------
    2    1 3.7312800000000D+04 2.6087000000000D+00
   0.86288    1.0588    1.0841    1.0653    1.0507    1.0381    1.0277    1.0166
   0.98517   0.81075
    3    1 3.7312800000000D+04 1.6121766000000D+12
   0.86288    1.0588    1.0841    1.0653    1.0507    1.0381    1.0277    1.0166
   0.98517   0.81075
    9    0 3.7312800000000D+04 2.9170000000000D+02
   10    0 3.7312800000000D+04 1.5800000000000D+01
*---+----+-------------------+-------------------+---------+---------------------
*   1: printout of the result at time [hours]
*---+----+-------------------+-------------------+---------+---------------------
    1    0 3.9067200000000D+04
*---+----+-------------------+-------------------+---------+---------------------
    2    1 3.9067200000000D+04 2.8726000000000D+00
   0.83478   0.99109   0.99561   0.99735    1.0088    1.0266    1.0492    1.0764
    1.0931   0.92703
    3    1 3.9067200000000D+04 1.7324650600000D+12
   0.83478   0.99109   0.99561   0.99735    1.0088    1.0266    1.0492    1.0764
    1.0931   0.92703
    9    0 3.9067200000000D+04 2.9170000000000D+02
   10    0 3.9067200000000D+04 1.5800000000000D+01
*---+----+-------------------+-------------------+---------+---------------------
*   1: printout of the result at time [hours]
*---+----+-------------------+-------------------+---------+---------------------
    1    0 4.0010400000000D+04
*---+----+-------------------+-------------------+---------+---------------------
    2    1 4.0010400000000D+04 2.4976000000000D+00
   0.71308   0.84361   0.86763   0.90567   0.95972    1.0242    1.0995    1.1875
    1.2692    1.1299
    3    1 4.0010400000000D+04 1.4715859200000D+12
   0.71308   0.84361   0.86763   0.90567   0.95972    1.0242    1.0995    1.1875
    1.2692    1.1299
    9    0 4.0010400000000D+04 2.8120000000000D+02
   10    0 4.0010400000000D+04 1.5800000000000D+01
* data point #3092 end
*  00:  last line of data set (finishing the program)
*---+----+-------------------+-------------------+---------+---------------------
00000    0 4.0010400000000D+04
*---+----+-------------------+-------------------+---------+---------------------
