* data point #3604 begin
*
*---+----+-------------------+-------------------+---------+---------------------
*   1: printout of the result at time [hours]
*---+----+-------------------+-------------------+---------+---------------------
    1    0 0.0000000000000D+00
*---+----+-------------------+-------------------+---------+---------------------
    2    1 0.0000000000000D+00 2.6036800000000D+01
   0.59366   0.86773    1.0156    1.1145    1.1803    1.2149    1.2103    1.1602
    1.0187   0.62412
    3    1 0.0000000000000D+00 1.1453588320000D+13
   0.59366   0.86773    1.0156    1.1145    1.1803    1.2149    1.2103    1.1602
    1.0187   0.62412
    9    0 0.0000000000000D+00 2.9170000000000D+02
   10    0 0.0000000000000D+00 1.5800000000000D+01
*---+----+-------------------+-------------------+---------+---------------------
*   1: printout of the result at time [hours]
*---+----+-------------------+-------------------+---------+---------------------
    1    0 1.4400000000000D+02
*---+----+-------------------+-------------------+---------+---------------------
    2    1 1.4400000000000D+02 2.6242000000000D+01
   0.75463    1.0184    1.1034    1.1336    1.1411    1.1333    1.1102    1.0625
   0.94581   0.59706
    3    1 1.4400000000000D+02 1.1604212400000D+13
   0.75463    1.0184    1.1034    1.1336    1.1411    1.1333    1.1102    1.0625
   0.94581   0.59706
    9    0 1.4400000000000D+02 2.9170000000000D+02
   10    0 1.4400000000000D+02 1.5800000000000D+01
*---+----+-------------------+-------------------+---------+---------------------
*   1: printout of the result at time [hours]
*---+----+-------------------+-------------------+---------+---------------------
    1    0 3.2400000000000D+03
*---+----+-------------------+-------------------+---------+---------------------
    2    1 3.2400000000000D+03 2.6512200000000D+01
   0.86096    1.1057    1.1209     1.101    1.0798    1.0615    1.0458    1.0269
   0.96235   0.63507
    3    1 3.2400000000000D+03 1.2092214420000D+13
   0.86096    1.1057    1.1209     1.101    1.0798    1.0615    1.0458    1.0269
   0.96235   0.63507
    9    0 3.2400000000000D+03 2.9170000000000D+02
   10    0 3.2400000000000D+03 1.5800000000000D+01
*---+----+-------------------+-------------------+---------+---------------------
*   1: printout of the result at time [hours]
*---+----+-------------------+-------------------+---------+---------------------
    1    0 5.8800000000000D+03
*---+----+-------------------+-------------------+---------+---------------------
    2    1 5.8800000000000D+03 2.6682100000000D+01
   0.87636     1.148    1.1323    1.0977    1.0676    1.0426    1.0233    1.0091
   0.96462   0.63856
    3    1 5.8800000000000D+03 1.2487222800000D+13
   0.87636     1.148    1.1323    1.0977    1.0676    1.0426    1.0233    1.0091
   0.96462   0.63856
    9    0 5.8800000000000D+03 2.9170000000000D+02
   10    0 5.8800000000000D+03 1.5800000000000D+01
*---+----+-------------------+-------------------+---------+---------------------
*   1: printout of the result at time [hours]
*---+----+-------------------+-------------------+---------+---------------------
    1    0 6.7656000000000D+03
*---+----+-------------------+-------------------+---------+---------------------
    2    1 6.7656000000000D+03 2.6505400000000D+01
   0.88412    1.1353    1.1068    1.0747    1.0513    1.0341    1.0231    1.0209
   0.99927   0.67043
    3    1 6.7656000000000D+03 1.2462839080000D+13
   0.88412    1.1353    1.1068    1.0747    1.0513    1.0341    1.0231    1.0209
   0.99927   0.67043
    9    0 6.7656000000000D+03 2.9170000000000D+02
   10    0 6.7656000000000D+03 1.5800000000000D+01
*---+----+-------------------+-------------------+---------+---------------------
*   1: printout of the result at time [hours]
*---+----+-------------------+-------------------+---------+---------------------
    1    0 7.8446000000000D+03
*---+----+-------------------+-------------------+---------+---------------------
    2    1 7.8446000000000D+03 2.3676300000000D+01
   0.74159   0.94504   0.95353   0.97363    1.0078    1.0494    1.0984    1.1601
    1.2193   0.85102
    3    1 7.8446000000000D+03 1.0815333840000D+13
   0.74159   0.94504   0.95353   0.97363    1.0078    1.0494    1.0984    1.1601
    1.2193   0.85102
    9    0 7.8446000000000D+03 2.7920000000000D+02
   10    0 7.8446000000000D+03 1.5800000000000D+01
*---+----+-------------------+-------------------+---------+---------------------
*   1: printout of the result at time [hours]
*---+----+-------------------+-------------------+---------+---------------------
    1    0 7.8466000000000D+03
*---+----+-------------------+-------------------+---------+---------------------
    2    1 7.8466000000000D+03 2.3777800000000D+01
   0.51788   0.82947    0.9892    1.1102    1.1989    1.2498    1.2542     1.196
    1.0318   0.62256
    3    1 7.8466000000000D+03 1.1770011000000D+13
   0.51788   0.82947    0.9892    1.1102    1.1989    1.2498    1.2542     1.196
    1.0318   0.62256
    9    0 7.8466000000000D+03 2.9170000000000D+02
   10    0 7.8466000000000D+03 1.5800000000000D+01
*---+----+-------------------+-------------------+---------+---------------------
*   1: printout of the result at time [hours]
*---+----+-------------------+-------------------+---------+---------------------
    1    0 7.9896000000000D+03
*---+----+-------------------+-------------------+---------+---------------------
    2    1 7.9896000000000D+03 2.4138100000000D+01
   0.66534   0.98388    1.0837    1.1344    1.1602    1.1658    1.1485    1.0954
   0.96196   0.60071
    3    1 7.9896000000000D+03 1.1945945690000D+13
   0.66534   0.98388    1.0837    1.1344    1.1602    1.1658    1.1485    1.0954
   0.96196   0.60071
    9    0 7.9896000000000D+03 2.9170000000000D+02
   10    0 7.9896000000000D+03 1.5800000000000D+01
*---+----+-------------------+-------------------+---------+---------------------
*   1: printout of the result at time [hours]
*---+----+-------------------+-------------------+---------+---------------------
    1    0 1.1445600000000D+04
*---+----+-------------------+-------------------+---------+---------------------
    2    1 1.1445600000000D+04 2.3165800000000D+01
   0.81866    1.0756    1.0891    1.0787    1.0692    1.0631    1.0598    1.0525
   0.99953    0.6937
    3    1 1.1445600000000D+04 1.1756643500000D+13
   0.81866    1.0756    1.0891    1.0787    1.0692    1.0631    1.0598    1.0525
   0.99953    0.6937
    9    0 1.1445600000000D+04 2.9170000000000D+02
   10    0 1.1445600000000D+04 1.5800000000000D+01
*---+----+-------------------+-------------------+---------+---------------------
*   1: printout of the result at time [hours]
*---+----+-------------------+-------------------+---------+---------------------
    1    0 1.3605600000000D+04
*---+----+-------------------+-------------------+---------+---------------------
    2    1 1.3605600000000D+04 2.2631900000000D+01
   0.87284    1.1038    1.0912    1.0683    1.0508    1.0388    1.0323    1.0287
   0.99453   0.71876
    3    1 1.3605600000000D+04 1.1659954880000D+13
   0.87284    1.1038    1.0912    1.0683    1.0508    1.0388    1.0323    1.0287
   0.99453   0.71876
    9    0 1.3605600000000D+04 2.9170000000000D+02
   10    0 1.3605600000000D+04 1.5800000000000D+01
*---+----+-------------------+-------------------+---------+---------------------
*   1: printout of the result at time [hours]
*---+----+-------------------+-------------------+---------+---------------------
    1    0 1.4834400000000D+04
*---+----+-------------------+-------------------+---------+---------------------
    2    1 1.4834400000000D+04 2.2432500000000D+01
   0.87552    1.0751    1.0514    1.0309     1.021    1.0191    1.0265    1.0467
    1.0572   0.79661
    3    1 1.4834400000000D+04 1.1608818750000D+13
   0.87552    1.0751    1.0514    1.0309     1.021    1.0191    1.0265    1.0467
    1.0572   0.79661
    9    0 1.4834400000000D+04 2.9170000000000D+02
   10    0 1.4834400000000D+04 1.5800000000000D+01
*---+----+-------------------+-------------------+---------+---------------------
*   1: printout of the result at time [hours]
*---+----+-------------------+-------------------+---------+---------------------
    1    0 1.6328600000000D+04
*---+----+-------------------+-------------------+---------+---------------------
    2    1 1.6328600000000D+04 1.9015300000000D+01
   0.72636   0.87708   0.88665   0.91663   0.96354     1.021     1.091     1.183
    1.2957     1.039
    3    1 1.6328600000000D+04 9.4753239900000D+12
   0.72636   0.87708   0.88665   0.91663   0.96354     1.021     1.091     1.183
    1.2957     1.039
    9    0 1.6328600000000D+04 2.7520000000000D+02
   10    0 1.6328600000000D+04 1.5800000000000D+01
*---+----+-------------------+-------------------+---------+---------------------
*   1: printout of the result at time [hours]
*---+----+-------------------+-------------------+---------+---------------------
    1    0 1.6330600000000D+04
*---+----+-------------------+-------------------+---------+---------------------
    2    1 1.6330600000000D+04 2.4021800000000D+01
   0.68933   0.96508    1.0583    1.1123    1.1438    1.1517    1.1348    1.0898
   0.98848   0.66639
    3    1 1.6330600000000D+04 1.3418577480000D+13
   0.68933   0.96508    1.0583    1.1123    1.1438    1.1517    1.1348    1.0898
   0.98848   0.66639
    9    0 1.6330600000000D+04 2.9170000000000D+02
   10    0 1.6330600000000D+04 1.5800000000000D+01
*---+----+-------------------+-------------------+---------+---------------------
*   1: printout of the result at time [hours]
*---+----+-------------------+-------------------+---------+---------------------
    1    0 1.6473600000000D+04
*---+----+-------------------+-------------------+---------+---------------------
    2    1 1.6473600000000D+04 2.3281000000000D+01
   0.80821    1.0695    1.1134    1.1187    1.1109    1.0931    1.0657     1.025
   0.94249   0.65311
    3    1 1.6473600000000D+04 1.2960532700000D+13
   0.80821    1.0695    1.1134    1.1187    1.1109    1.0931    1.0657     1.025
   0.94249   0.65311
    9    0 1.6473600000000D+04 2.9170000000000D+02
   10    0 1.6473600000000D+04 1.5800000000000D+01
*---+----+-------------------+-------------------+---------+---------------------
*   1: printout of the result at time [hours]
*---+----+-------------------+-------------------+---------+---------------------
    1    0 1.7769600000000D+04
*---+----+-------------------+-------------------+---------+---------------------
    2    1 1.7769600000000D+04 2.2799100000000D+01
   0.84398    1.0695     1.089    1.0847    1.0777    1.0683    1.0556     1.035
   0.97649   0.69968
    3    1 1.7769600000000D+04 1.2772055820000D+13
   0.84398    1.0695     1.089    1.0847    1.0777    1.0683    1.0556     1.035
   0.97649   0.69968
    9    0 1.7769600000000D+04 2.9170000000000D+02
   10    0 1.7769600000000D+04 1.5800000000000D+01
*---+----+-------------------+-------------------+---------+---------------------
*   1: printout of the result at time [hours]
*---+----+-------------------+-------------------+---------+---------------------
    1    0 1.9375200000000D+04
*---+----+-------------------+-------------------+---------+---------------------
    2    1 1.9375200000000D+04 2.2163300000000D+01
   0.86188    1.0465     1.048    1.0396    1.0356    1.0356    1.0404    1.0508
    1.0449   0.79668
    3    1 1.9375200000000D+04 1.2480154230000D+13
   0.86188    1.0465     1.048    1.0396    1.0356    1.0356    1.0404    1.0508
    1.0449   0.79668
    9    0 1.9375200000000D+04 2.9170000000000D+02
   10    0 1.9375200000000D+04 1.5800000000000D+01
*---+----+-------------------+-------------------+---------+---------------------
*   1: printout of the result at time [hours]
*---+----+-------------------+-------------------+---------+---------------------
    1    0 2.1230400000000D+04
*---+----+-------------------+-------------------+---------+---------------------
    2    1 2.1230400000000D+04 1.7682300000000D+01
   0.69442   0.83468   0.86324   0.90582   0.96317    1.0306    1.1091    1.2043
    1.3132    1.0815
    3    1 2.1230400000000D+04 9.5236867800000D+12
   0.69442   0.83468   0.86324   0.90582   0.96317    1.0306    1.1091    1.2043
    1.3132    1.0815
    9    0 2.1230400000000D+04 2.7330000000000D+02
   10    0 2.1230400000000D+04 1.5800000000000D+01
*---+----+-------------------+-------------------+---------+---------------------
*   1: printout of the result at time [hours]
*---+----+-------------------+-------------------+---------+---------------------
    1    0 2.1234200000000D+04
*---+----+-------------------+-------------------+---------+---------------------
    2    1 2.1234200000000D+04 1.0946600000000D+01
   0.53953   0.67473   0.73411   0.81423   0.91645    1.0369    1.1768     1.339
    1.4973    1.2709
    3    1 2.1234200000000D+04 5.8805135200000D+12
   0.53953   0.67473   0.73411   0.81423   0.91645    1.0369    1.1768     1.339
    1.4973    1.2709
    9    0 2.1234200000000D+04 2.8340000000000D+02
   10    0 2.1234200000000D+04 1.5800000000000D+01
*---+----+-------------------+-------------------+---------+---------------------
*   1: printout of the result at time [hours]
*---+----+-------------------+-------------------+---------+---------------------
    1    0 2.1236200000000D+04
*---+----+-------------------+-------------------+---------+---------------------
    2    1 2.1236200000000D+04 1.5864400000000D+01
   0.74677    1.0073     1.097    1.1394    1.1629    1.1376    1.1037    1.0486
   0.94803   0.60878
    3    1 2.1236200000000D+04 9.5297450800000D+12
   0.74677    1.0073     1.097    1.1394    1.1629    1.1376    1.1037    1.0486
   0.94803   0.60878
    9    0 2.1236200000000D+04 2.9170000000000D+02
   10    0 2.1236200000000D+04 1.5800000000000D+01
*---+----+-------------------+-------------------+---------+---------------------
*   1: printout of the result at time [hours]
*---+----+-------------------+-------------------+---------+---------------------
    1    0 2.1379200000000D+04
*---+----+-------------------+-------------------+---------+---------------------
    2    1 2.1379200000000D+04 1.5985200000000D+01
   0.84935    1.0862    1.1293    1.1316    1.1157    1.0887    1.0537    1.0084
   0.92636   0.61075
    3    1 2.1379200000000D+04 9.5607481200000D+12
   0.84935    1.0862    1.1293    1.1316    1.1157    1.0887    1.0537    1.0084
   0.92636   0.61075
    9    0 2.1379200000000D+04 2.9170000000000D+02
   10    0 2.1379200000000D+04 1.5800000000000D+01
*---+----+-------------------+-------------------+---------+---------------------
*   1: printout of the result at time [hours]
*---+----+-------------------+-------------------+---------+---------------------
    1    0 2.2795200000000D+04
*---+----+-------------------+-------------------+---------+---------------------
    2    1 2.2795200000000D+04 1.6176300000000D+01
   0.85854     1.051    1.0713    1.0721    1.0686    1.0631    1.0562    1.0464
    1.0108   0.70201
    3    1 2.2795200000000D+04 9.6944565900000D+12
   0.85854     1.051    1.0713    1.0721    1.0686    1.0631    1.0562    1.0464
    1.0108   0.70201
    9    0 2.2795200000000D+04 2.9170000000000D+02
   10    0 2.2795200000000D+04 1.5800000000000D+01
*---+----+-------------------+-------------------+---------+---------------------
*   1: printout of the result at time [hours]
*---+----+-------------------+-------------------+---------+---------------------
    1    0 2.3620800000000D+04
*---+----+-------------------+-------------------+---------+---------------------
    2    1 2.3620800000000D+04 1.6218600000000D+01
   0.87696    1.0473    1.0544    1.0501    1.0464     1.044    1.0442    1.0481
    1.0393   0.74914
    3    1 2.3620800000000D+04 9.7181851200000D+12
   0.87696    1.0473    1.0544    1.0501    1.0464     1.044    1.0442    1.0481
    1.0393   0.74914
    9    0 2.3620800000000D+04 2.9170000000000D+02
   10    0 2.3620800000000D+04 1.5800000000000D+01
*---+----+-------------------+-------------------+---------+---------------------
*   1: printout of the result at time [hours]
*---+----+-------------------+-------------------+---------+---------------------
    1    0 2.4258200000000D+04
*---+----+-------------------+-------------------+---------+---------------------
    2    1 2.4258200000000D+04 1.5549100000000D+01
   0.78821   0.93832   0.96121    0.9863    1.0174    1.0516    1.0887    1.1305
    1.1708    0.8668
    3    1 2.4258200000000D+04 9.1350962500000D+12
   0.78821   0.93832   0.96121    0.9863    1.0174    1.0516    1.0887    1.1305
    1.1708    0.8668
    9    0 2.4258200000000D+04 2.8320000000000D+02
   10    0 2.4258200000000D+04 1.5800000000000D+01
*---+----+-------------------+-------------------+---------+---------------------
*   1: printout of the result at time [hours]
*---+----+-------------------+-------------------+---------+---------------------
    1    0 2.4260200000000D+04
*---+----+-------------------+-------------------+---------+---------------------
    2    1 2.4260200000000D+04 3.6032000000000D+00
   0.45432    0.6966   0.84952   0.98163    1.1012    1.2048    1.2816    1.3172
    1.2353   0.87783
    3    1 2.4260200000000D+04 2.2469555200000D+12
   0.45432    0.6966   0.84952   0.98163    1.1012    1.2048    1.2816    1.3172
    1.2353   0.87783
    9    0 2.4260200000000D+04 2.9170000000000D+02
   10    0 2.4260200000000D+04 1.5800000000000D+01
*---+----+-------------------+-------------------+---------+---------------------
*   1: printout of the result at time [hours]
*---+----+-------------------+-------------------+---------+---------------------
    1    0 2.4403200000000D+04
*---+----+-------------------+-------------------+---------+---------------------
    2    1 2.4403200000000D+04 3.7679000000000D+00
   0.63776   0.89732   0.99684    1.0547    1.0969    1.1301    1.1526    1.1526
    1.0881   0.79301
    3    1 2.4403200000000D+04 2.3165049200000D+12
   0.63776   0.89732   0.99684    1.0547    1.0969    1.1301    1.1526    1.1526
    1.0881   0.79301
    9    0 2.4403200000000D+04 2.9170000000000D+02
   10    0 2.4403200000000D+04 1.5800000000000D+01
*---+----+-------------------+-------------------+---------+---------------------
*   1: printout of the result at time [hours]
*---+----+-------------------+-------------------+---------+---------------------
    1    0 2.9659200000000D+04
*---+----+-------------------+-------------------+---------+---------------------
    2    1 2.9659200000000D+04 4.2117000000000D+00
   0.85666    1.0373    1.0485     1.044    1.0402    1.0388      1.04    1.0426
    1.0257   0.82627
    3    1 2.9659200000000D+04 2.4697408800000D+12
   0.85666    1.0373    1.0485     1.044    1.0402    1.0388      1.04    1.0426
    1.0257   0.82627
    9    0 2.9659200000000D+04 2.9170000000000D+02
   10    0 2.9659200000000D+04 1.5800000000000D+01
*---+----+-------------------+-------------------+---------+---------------------
*   1: printout of the result at time [hours]
*---+----+-------------------+-------------------+---------+---------------------
    1    0 3.1540800000000D+04
*---+----+-------------------+-------------------+---------+---------------------
    2    1 3.1540800000000D+04 4.5142000000000D+00
   0.85818   0.99796    0.9942   0.99265    1.0002    1.0141    1.0354    1.0673
    1.1072   0.93283
    3    1 3.1540800000000D+04 2.6033391400000D+12
   0.85818   0.99796    0.9942   0.99265    1.0002    1.0141    1.0354    1.0673
    1.1072   0.93283
    9    0 3.1540800000000D+04 2.9170000000000D+02
   10    0 3.1540800000000D+04 1.5800000000000D+01
*---+----+-------------------+-------------------+---------+---------------------
*   1: printout of the result at time [hours]
*---+----+-------------------+-------------------+---------+---------------------
    1    0 3.2276600000000D+04
*---+----+-------------------+-------------------+---------+---------------------
    2    1 3.2276600000000D+04 4.2425000000000D+00
   0.76841   0.88886   0.90041   0.92681   0.96712    1.0164    1.0748    1.1481
    1.2273    1.0817
    3    1 3.2276600000000D+04 2.3804667500000D+12
   0.76841   0.88886   0.90041   0.92681   0.96712    1.0164    1.0748    1.1481
    1.2273    1.0817
    9    0 3.2276600000000D+04 2.8110000000000D+02
   10    0 3.2276600000000D+04 1.5800000000000D+01
*---+----+-------------------+-------------------+---------+---------------------
*   1: printout of the result at time [hours]
*---+----+-------------------+-------------------+---------+---------------------
    1    0 3.2278600000000D+04
*---+----+-------------------+-------------------+---------+---------------------
    2    1 3.2278600000000D+04 3.9038000000000D+00
   0.46237   0.68984   0.84251   0.98033    1.1061    1.2127    1.2872    1.3195
    1.2439   0.85558
    3    1 3.2278600000000D+04 2.5405930400000D+12
   0.46237   0.68984   0.84251   0.98033    1.1061    1.2127    1.2872    1.3195
    1.2439   0.85558
    9    0 3.2278600000000D+04 2.9170000000000D+02
   10    0 3.2278600000000D+04 1.5800000000000D+01
*---+----+-------------------+-------------------+---------+---------------------
*   1: printout of the result at time [hours]
*---+----+-------------------+-------------------+---------+---------------------
    1    0 3.2421600000000D+04
*---+----+-------------------+-------------------+---------+---------------------
    2    1 3.2421600000000D+04 4.1341000000000D+00
   0.65286   0.89403   0.99417    1.0573    1.1035    1.1371    1.1603    1.1502
    1.0878   0.76268
    3    1 3.2421600000000D+04 2.6611201700000D+12
   0.65286   0.89403   0.99417    1.0573    1.1035    1.1371    1.1603    1.1502
    1.0878   0.76268
    9    0 3.2421600000000D+04 2.9170000000000D+02
   10    0 3.2421600000000D+04 1.5800000000000D+01
*---+----+-------------------+-------------------+---------+---------------------
*   1: printout of the result at time [hours]
*---+----+-------------------+-------------------+---------+---------------------
    1    0 3.5877600000000D+04
*---+----+-------------------+-------------------+---------+---------------------
    2    1 3.5877600000000D+04 4.5779000000000D+00
    0.8434    1.0302    1.0503    1.0498    1.0481    1.0485    1.0514     1.061
    1.0361   0.78136
    3    1 3.5877600000000D+04 2.8657654000000D+12
    0.8434    1.0302    1.0503    1.0498    1.0481    1.0485    1.0514     1.061
    1.0361   0.78136
    9    0 3.5877600000000D+04 2.9170000000000D+02
   10    0 3.5877600000000D+04 1.5800000000000D+01
*---+----+-------------------+-------------------+---------+---------------------
*   1: printout of the result at time [hours]
*---+----+-------------------+-------------------+---------+---------------------
    1    0 3.7677600000000D+04
*---+----+-------------------+-------------------+---------+---------------------
    2    1 3.7677600000000D+04 4.7460000000000D+00
   0.89064    1.0472    1.0512     1.044    1.0379    1.0343    1.0337    1.0362
    1.0276   0.79709
    3    1 3.7677600000000D+04 2.9339772000000D+12
   0.89064    1.0472    1.0512     1.044    1.0379    1.0343    1.0337    1.0362
    1.0276   0.79709
    9    0 3.7677600000000D+04 2.9170000000000D+02
   10    0 3.7677600000000D+04 1.5800000000000D+01
*---+----+-------------------+-------------------+---------+---------------------
*   1: printout of the result at time [hours]
*---+----+-------------------+-------------------+---------+---------------------
    1    0 3.9432000000000D+04
*---+----+-------------------+-------------------+---------+---------------------
    2    1 3.9432000000000D+04 5.1180000000000D+00
   0.88042   0.99766   0.99062   0.99004   0.99902    1.0148    1.0371    1.0701
    1.1118   0.90836
    3    1 3.9432000000000D+04 3.1199328000000D+12
   0.88042   0.99766   0.99062   0.99004   0.99902    1.0148    1.0371    1.0701
    1.1118   0.90836
    9    0 3.9432000000000D+04 2.9170000000000D+02
   10    0 3.9432000000000D+04 1.5800000000000D+01
*---+----+-------------------+-------------------+---------+---------------------
*   1: printout of the result at time [hours]
*---+----+-------------------+-------------------+---------+---------------------
    1    0 4.0375200000000D+04
*---+----+-------------------+-------------------+---------+---------------------
    2    1 4.0375200000000D+04 4.4598000000000D+00
   0.76012   0.85856   0.87156   0.90497   0.95453    1.0144     1.085    1.1729
    1.2801    1.0978
    3    1 4.0375200000000D+04 2.6482292400000D+12
   0.76012   0.85856   0.87156   0.90497   0.95453    1.0144     1.085    1.1729
    1.2801    1.0978
    9    0 4.0375200000000D+04 2.8120000000000D+02
   10    0 4.0375200000000D+04 1.5800000000000D+01
* data point #3604 end
*  00:  last line of data set (finishing the program)
*---+----+-------------------+-------------------+---------+---------------------
00000    0 4.0375200000000D+04
*---+----+-------------------+-------------------+---------+---------------------
