* data point #3168 begin
*
*---+----+-------------------+-------------------+---------+---------------------
*   1: printout of the result at time [hours]
*---+----+-------------------+-------------------+---------+---------------------
    1    0 0.0000000000000D+00
*---+----+-------------------+-------------------+---------+---------------------
    2    1 0.0000000000000D+00 2.3724800000000D+01
   0.51457   0.72388    0.8607   0.98357    1.0974    1.1953    1.2672    1.3028
    1.2283   0.82618
    3    1 0.0000000000000D+00 1.1610917120000D+13
   0.51457   0.72388    0.8607   0.98357    1.0974    1.1953    1.2672    1.3028
    1.2283   0.82618
    9    0 0.0000000000000D+00 2.9170000000000D+02
   10    0 0.0000000000000D+00 1.5800000000000D+01
*---+----+-------------------+-------------------+---------+---------------------
*   1: printout of the result at time [hours]
*---+----+-------------------+-------------------+---------+---------------------
    1    0 1.4400000000000D+02
*---+----+-------------------+-------------------+---------+---------------------
    2    1 1.4400000000000D+02 2.3529600000000D+01
   0.72615   0.94026    1.0177    1.0618     1.094    1.1177    1.1352    1.1257
    1.0592   0.72232
    3    1 1.4400000000000D+02 1.1536562880000D+13
   0.72615   0.94026    1.0177    1.0618     1.094    1.1177    1.1352    1.1257
    1.0592   0.72232
    9    0 1.4400000000000D+02 2.9170000000000D+02
   10    0 1.4400000000000D+02 1.5800000000000D+01
*---+----+-------------------+-------------------+---------+---------------------
*   1: printout of the result at time [hours]
*---+----+-------------------+-------------------+---------+---------------------
    1    0 5.4000000000000D+03
*---+----+-------------------+-------------------+---------+---------------------
    2    1 5.4000000000000D+03 2.5963600000000D+01
   0.88794    1.1521     1.156    1.1236    1.0891    1.0566    1.0261   0.99231
   0.91659   0.59961
    3    1 5.4000000000000D+03 1.2472913440000D+13
   0.88794    1.1521     1.156    1.1236    1.0891    1.0566    1.0261   0.99231
   0.91659   0.59961
    9    0 5.4000000000000D+03 2.9170000000000D+02
   10    0 5.4000000000000D+03 1.5800000000000D+01
*---+----+-------------------+-------------------+---------+---------------------
*   1: printout of the result at time [hours]
*---+----+-------------------+-------------------+---------+---------------------
    1    0 7.2816000000000D+03
*---+----+-------------------+-------------------+---------+---------------------
    2    1 7.2816000000000D+03 2.5829400000000D+01
   0.87578    1.1089    1.0896    1.0661    1.0509    1.0411    1.0363     1.037
    1.0132   0.68108
    3    1 7.2816000000000D+03 1.2462685500000D+13
   0.87578    1.1089    1.0896    1.0661    1.0509    1.0411    1.0363     1.037
    1.0132   0.68108
    9    0 7.2816000000000D+03 2.9170000000000D+02
   10    0 7.2816000000000D+03 1.5800000000000D+01
*---+----+-------------------+-------------------+---------+---------------------
*   1: printout of the result at time [hours]
*---+----+-------------------+-------------------+---------+---------------------
    1    0 8.0174000000000D+03
*---+----+-------------------+-------------------+---------+---------------------
    2    1 8.0174000000000D+03 2.4124300000000D+01
    0.7713    0.9713   0.97926    0.9934    1.0196    1.0523    1.0909    1.1378
    1.1677   0.81648
    3    1 8.0174000000000D+03 1.1338421000000D+13
    0.7713    0.9713   0.97926    0.9934    1.0196    1.0523    1.0909    1.1378
    1.1677   0.81648
    9    0 8.0174000000000D+03 2.8110000000000D+02
   10    0 8.0174000000000D+03 1.5800000000000D+01
*---+----+-------------------+-------------------+---------+---------------------
*   1: printout of the result at time [hours]
*---+----+-------------------+-------------------+---------+---------------------
    1    0 8.0194000000000D+03
*---+----+-------------------+-------------------+---------+---------------------
    2    1 8.0194000000000D+03 2.2961100000000D+01
   0.44863   0.71151   0.85945   0.99407    1.1174    1.2202     1.291    1.3196
    1.2291   0.80915
    3    1 8.0194000000000D+03 1.1841039270000D+13
   0.44863   0.71151   0.85945   0.99407    1.1174    1.2202     1.291    1.3196
    1.2291   0.80915
    9    0 8.0194000000000D+03 2.9170000000000D+02
   10    0 8.0194000000000D+03 1.5800000000000D+01
*---+----+-------------------+-------------------+---------+---------------------
*   1: printout of the result at time [hours]
*---+----+-------------------+-------------------+---------+---------------------
    1    0 8.1624000000000D+03
*---+----+-------------------+-------------------+---------+---------------------
    2    1 8.1624000000000D+03 2.2877600000000D+01
     0.638   0.93152    1.0234    1.0785    1.1174    1.1431    1.1579    1.1419
    1.0609   0.70746
    3    1 8.1624000000000D+03 1.1800266080000D+13
     0.638   0.93152    1.0234    1.0785    1.1174    1.1431    1.1579    1.1419
    1.0609   0.70746
    9    0 8.1624000000000D+03 2.9170000000000D+02
   10    0 8.1624000000000D+03 1.5800000000000D+01
*---+----+-------------------+-------------------+---------+---------------------
*   1: printout of the result at time [hours]
*---+----+-------------------+-------------------+---------+---------------------
    1    0 1.1618400000000D+04
*---+----+-------------------+-------------------+---------+---------------------
    2    1 1.1618400000000D+04 2.1485500000000D+01
   0.84522    1.0802    1.0851     1.072    1.0599    1.0504    1.0439     1.038
    1.0007   0.72454
    3    1 1.1618400000000D+04 1.1211133900000D+13
   0.84522    1.0802    1.0851     1.072    1.0599    1.0504    1.0439     1.038
    1.0007   0.72454
    9    0 1.1618400000000D+04 2.9170000000000D+02
   10    0 1.1618400000000D+04 1.5800000000000D+01
*---+----+-------------------+-------------------+---------+---------------------
*   1: printout of the result at time [hours]
*---+----+-------------------+-------------------+---------+---------------------
    1    0 1.3778400000000D+04
*---+----+-------------------+-------------------+---------+---------------------
    2    1 1.3778400000000D+04 2.0637900000000D+01
   0.89961    1.0946    1.0789    1.0608    1.0463    1.0342     1.025     1.019
   0.99346   0.74799
    3    1 1.3778400000000D+04 1.0843152660000D+13
   0.89961    1.0946    1.0789    1.0608    1.0463    1.0342     1.025     1.019
   0.99346   0.74799
    9    0 1.3778400000000D+04 2.9170000000000D+02
   10    0 1.3778400000000D+04 1.5800000000000D+01
*---+----+-------------------+-------------------+---------+---------------------
*   1: printout of the result at time [hours]
*---+----+-------------------+-------------------+---------+---------------------
    1    0 1.5081600000000D+04
*---+----+-------------------+-------------------+---------+---------------------
    2    1 1.5081600000000D+04 2.0461700000000D+01
    0.8943     1.051     1.033    1.0215     1.019    1.0208    1.0271    1.0422
    1.0596   0.83141
    3    1 1.5081600000000D+04 1.0781269730000D+13
    0.8943     1.051     1.033    1.0215     1.019    1.0208    1.0271    1.0422
    1.0596   0.83141
    9    0 1.5081600000000D+04 2.9170000000000D+02
   10    0 1.5081600000000D+04 1.5800000000000D+01
*---+----+-------------------+-------------------+---------+---------------------
*   1: printout of the result at time [hours]
*---+----+-------------------+-------------------+---------+---------------------
    1    0 1.5503000000000D+04
*---+----+-------------------+-------------------+---------+---------------------
    2    1 1.5503000000000D+04 1.9281000000000D+01
   0.80551   0.94871   0.95042   0.96727   0.99601    1.0301    1.0688    1.1172
    1.1737   0.94227
    3    1 1.5503000000000D+04 1.0004910900000D+13
   0.80551   0.94871   0.95042   0.96727   0.99601    1.0301    1.0688    1.1172
    1.1737   0.94227
    9    0 1.5503000000000D+04 2.8640000000000D+02
   10    0 1.5503000000000D+04 1.5800000000000D+01
*---+----+-------------------+-------------------+---------+---------------------
*   1: printout of the result at time [hours]
*---+----+-------------------+-------------------+---------+---------------------
    1    0 1.5505000000000D+04
*---+----+-------------------+-------------------+---------+---------------------
    2    1 1.5505000000000D+04 1.9756400000000D+01
   0.50358   0.72154   0.85613   0.98409    1.1015    1.1993    1.2665    1.2971
    1.2344   0.83583
    3    1 1.5505000000000D+04 1.1201878800000D+13
   0.50358   0.72154   0.85613   0.98409    1.1015    1.1993    1.2665    1.2971
    1.2344   0.83583
    9    0 1.5505000000000D+04 2.9170000000000D+02
   10    0 1.5505000000000D+04 1.5800000000000D+01
*---+----+-------------------+-------------------+---------+---------------------
*   1: printout of the result at time [hours]
*---+----+-------------------+-------------------+---------+---------------------
    1    0 1.5648000000000D+04
*---+----+-------------------+-------------------+---------+---------------------
    2    1 1.5648000000000D+04 1.9509700000000D+01
   0.69914   0.92641    1.0035    1.0563     1.096     1.124    1.1423    1.1329
    1.0793    0.7402
    3    1 1.5648000000000D+04 1.1040539230000D+13
   0.69914   0.92641    1.0035    1.0563     1.096     1.124    1.1423    1.1329
    1.0793    0.7402
    9    0 1.5648000000000D+04 2.9170000000000D+02
   10    0 1.5648000000000D+04 1.5800000000000D+01
*---+----+-------------------+-------------------+---------+---------------------
*   1: printout of the result at time [hours]
*---+----+-------------------+-------------------+---------+---------------------
    1    0 1.9104000000000D+04
*---+----+-------------------+-------------------+---------+---------------------
    2    1 1.9104000000000D+04 1.9760700000000D+01
    0.8733    1.0705    1.0871    1.0713    1.0601    1.0504    1.0424    1.0332
   0.99764   0.71409
    3    1 1.9104000000000D+04 1.1336713590000D+13
    0.8733    1.0705    1.0871    1.0713    1.0601    1.0504    1.0424    1.0332
   0.99764   0.71409
    9    0 1.9104000000000D+04 2.9170000000000D+02
   10    0 1.9104000000000D+04 1.5800000000000D+01
*---+----+-------------------+-------------------+---------+---------------------
*   1: printout of the result at time [hours]
*---+----+-------------------+-------------------+---------+---------------------
    1    0 2.0904000000000D+04
*---+----+-------------------+-------------------+---------+---------------------
    2    1 2.0904000000000D+04 1.9952600000000D+01
   0.90615    1.1004    1.1019    1.0829    1.0624    1.0433    1.0263    1.0092
   0.96865   0.69886
    3    1 2.0904000000000D+04 1.1556545920000D+13
   0.90615    1.1004    1.1019    1.0829    1.0624    1.0433    1.0263    1.0092
   0.96865   0.69886
    9    0 2.0904000000000D+04 2.9170000000000D+02
   10    0 2.0904000000000D+04 1.5800000000000D+01
*---+----+-------------------+-------------------+---------+---------------------
*   1: printout of the result at time [hours]
*---+----+-------------------+-------------------+---------+---------------------
    1    0 2.2658400000000D+04
*---+----+-------------------+-------------------+---------+---------------------
    2    1 2.2658400000000D+04 1.9851200000000D+01
   0.87879    1.0261    1.0169    1.0134      1.02     1.032    1.0483    1.0695
    1.0821   0.81285
    3    1 2.2658400000000D+04 1.1539502560000D+13
   0.87879    1.0261    1.0169    1.0134      1.02     1.032    1.0483    1.0695
    1.0821   0.81285
    9    0 2.2658400000000D+04 2.9170000000000D+02
   10    0 2.2658400000000D+04 1.5800000000000D+01
*---+----+-------------------+-------------------+---------+---------------------
*   1: printout of the result at time [hours]
*---+----+-------------------+-------------------+---------+---------------------
    1    0 2.3601600000000D+04
*---+----+-------------------+-------------------+---------+---------------------
    2    1 2.3601600000000D+04 1.7297000000000D+01
   0.74412   0.86593   0.88194   0.91843   0.97132    1.0339    1.1058     1.191
    1.2732    1.0143
    3    1 2.3601600000000D+04 9.7693456000000D+12
   0.74412   0.86593   0.88194   0.91843   0.97132    1.0339    1.1058     1.191
    1.2732    1.0143
    9    0 2.3601600000000D+04 2.8120000000000D+02
   10    0 2.3601600000000D+04 1.5800000000000D+01
* data point #3168 end
*  00:  last line of data set (finishing the program)
*---+----+-------------------+-------------------+---------+---------------------
00000    0 2.3601600000000D+04
*---+----+-------------------+-------------------+---------+---------------------
