* data point #312 begin
*
*---+----+-------------------+-------------------+---------+---------------------
*   1: printout of the result at time [hours]
*---+----+-------------------+-------------------+---------+---------------------
    1    0 0.0000000000000D+00
*---+----+-------------------+-------------------+---------+---------------------
    2    1 0.0000000000000D+00 2.5883900000000D+01
   0.56881    0.8297   0.97845    1.0862    1.1655    1.2137    1.2236    1.1822
     1.051    0.7009
    3    1 0.0000000000000D+00 1.3045485600000D+13
   0.56881    0.8297   0.97845    1.0862    1.1655    1.2137    1.2236    1.1822
     1.051    0.7009
    9    0 0.0000000000000D+00 2.9170000000000D+02
   10    0 0.0000000000000D+00 1.5800000000000D+01
*---+----+-------------------+-------------------+---------+---------------------
*   1: printout of the result at time [hours]
*---+----+-------------------+-------------------+---------+---------------------
    1    0 1.4400000000000D+02
*---+----+-------------------+-------------------+---------+---------------------
    2    1 1.4400000000000D+02 2.5680100000000D+01
   0.75409    1.0136    1.0975    1.1271    1.1449    1.1253    1.1007    1.0509
   0.94096    0.6449
    3    1 1.4400000000000D+02 1.2965882490000D+13
   0.75409    1.0136    1.0975    1.1271    1.1449    1.1253    1.1007    1.0509
   0.94096    0.6449
    9    0 1.4400000000000D+02 2.9170000000000D+02
   10    0 1.4400000000000D+02 1.5800000000000D+01
*---+----+-------------------+-------------------+---------+---------------------
*   1: printout of the result at time [hours]
*---+----+-------------------+-------------------+---------+---------------------
    1    0 5.0400000000000D+03
*---+----+-------------------+-------------------+---------+---------------------
    2    1 5.0400000000000D+03 2.6412300000000D+01
   0.87084    1.1496    1.1647    1.1335    1.0968    1.0611     1.026   0.98401
   0.89712    0.6163
    3    1 5.0400000000000D+03 1.2928820850000D+13
   0.87084    1.1496    1.1647    1.1335    1.0968    1.0611     1.026   0.98401
   0.89712    0.6163
    9    0 5.0400000000000D+03 2.9170000000000D+02
   10    0 5.0400000000000D+03 1.5800000000000D+01
*---+----+-------------------+-------------------+---------+---------------------
*   1: printout of the result at time [hours]
*---+----+-------------------+-------------------+---------+---------------------
    1    0 7.6920000000000D+03
*---+----+-------------------+-------------------+---------+---------------------
    2    1 7.6920000000000D+03 2.5901700000000D+01
   0.86794    1.0983    1.0735    1.0494    1.0375    1.0346    1.0391    1.0489
    1.0271    0.7237
    3    1 7.6920000000000D+03 1.2795439800000D+13
   0.86794    1.0983    1.0735    1.0494    1.0375    1.0346    1.0391    1.0489
    1.0271    0.7237
    9    0 7.6920000000000D+03 2.9170000000000D+02
   10    0 7.6920000000000D+03 1.5800000000000D+01
*---+----+-------------------+-------------------+---------+---------------------
*   1: printout of the result at time [hours]
*---+----+-------------------+-------------------+---------+---------------------
    1    0 8.4782000000000D+03
*---+----+-------------------+-------------------+---------+---------------------
    2    1 8.4782000000000D+03 2.4201000000000D+01
   0.76265   0.95785   0.96182   0.97595    1.0055    1.0443    1.0917    1.1486
    1.1837   0.86794
    3    1 8.4782000000000D+03 1.1652781500000D+13
   0.76265   0.95785   0.96182   0.97595    1.0055    1.0443    1.0917    1.1486
    1.1837   0.86794
    9    0 8.4782000000000D+03 2.8120000000000D+02
   10    0 8.4782000000000D+03 1.5800000000000D+01
*---+----+-------------------+-------------------+---------+---------------------
*   1: printout of the result at time [hours]
*---+----+-------------------+-------------------+---------+---------------------
    1    0 8.4802000000000D+03
*---+----+-------------------+-------------------+---------+---------------------
    2    1 8.4802000000000D+03 2.2813500000000D+01
   0.48125   0.72834   0.86852   0.99765    1.1151    1.2118    1.2774     1.303
    1.2175   0.79944
    3    1 8.4802000000000D+03 1.2148188750000D+13
   0.48125   0.72834   0.86852   0.99765    1.1151    1.2118    1.2774     1.303
    1.2175   0.79944
    9    0 8.4802000000000D+03 2.9170000000000D+02
   10    0 8.4802000000000D+03 1.5800000000000D+01
*---+----+-------------------+-------------------+---------+---------------------
*   1: printout of the result at time [hours]
*---+----+-------------------+-------------------+---------+---------------------
    1    0 8.6232000000000D+03
*---+----+-------------------+-------------------+---------+---------------------
    2    1 8.6232000000000D+03 2.2574700000000D+01
   0.67815   0.94517    1.0252    1.0744    1.1091    1.1317    1.1447    1.1297
    1.0562   0.70561
    3    1 8.6232000000000D+03 1.2027800160000D+13
   0.67815   0.94517    1.0252    1.0744    1.1091    1.1317    1.1447    1.1297
    1.0562   0.70561
    9    0 8.6232000000000D+03 2.9170000000000D+02
   10    0 8.6232000000000D+03 1.5800000000000D+01
*---+----+-------------------+-------------------+---------+---------------------
*   1: printout of the result at time [hours]
*---+----+-------------------+-------------------+---------+---------------------
    1    0 1.2079200000000D+04
*---+----+-------------------+-------------------+---------+---------------------
    2    1 1.2079200000000D+04 2.1782700000000D+01
   0.87042    1.0959    1.0975    1.0799    1.0628    1.0484    1.0371    1.0262
   0.98294   0.69895
    3    1 1.2079200000000D+04 1.1738697030000D+13
   0.87042    1.0959    1.0975    1.0799    1.0628    1.0484    1.0371    1.0262
   0.98294   0.69895
    9    0 1.2079200000000D+04 2.9170000000000D+02
   10    0 1.2079200000000D+04 1.5800000000000D+01
*---+----+-------------------+-------------------+---------+---------------------
*   1: printout of the result at time [hours]
*---+----+-------------------+-------------------+---------+---------------------
    1    0 1.4239200000000D+04
*---+----+-------------------+-------------------+---------+---------------------
    2    1 1.4239200000000D+04 2.1327700000000D+01
   0.91158    1.1224    1.1074     1.082    1.0587    1.0377    1.0194     1.003
   0.96086   0.69689
    3    1 1.4239200000000D+04 1.1598003260000D+13
   0.91158    1.1224    1.1074     1.082    1.0587    1.0377    1.0194     1.003
   0.96086   0.69689
    9    0 1.4239200000000D+04 2.9170000000000D+02
   10    0 1.4239200000000D+04 1.5800000000000D+01
*---+----+-------------------+-------------------+---------+---------------------
*   1: printout of the result at time [hours]
*---+----+-------------------+-------------------+---------+---------------------
    1    0 1.5542400000000D+04
*---+----+-------------------+-------------------+---------+---------------------
    2    1 1.5542400000000D+04 2.1124700000000D+01
   0.89592    1.0732     1.047    1.0338    1.0295    1.0291    1.0319    1.0408
    1.0373    0.7815
    3    1 1.5542400000000D+04 1.1531973730000D+13
   0.89592    1.0732     1.047    1.0338    1.0295    1.0291    1.0319    1.0408
    1.0373    0.7815
    9    0 1.5542400000000D+04 2.9170000000000D+02
   10    0 1.5542400000000D+04 1.5800000000000D+01
*---+----+-------------------+-------------------+---------+---------------------
*   1: printout of the result at time [hours]
*---+----+-------------------+-------------------+---------+---------------------
    1    0 1.5963800000000D+04
*---+----+-------------------+-------------------+---------+---------------------
    2    1 1.5963800000000D+04 1.9952000000000D+01
   0.80328     0.957   0.96056   0.97785    1.0071     1.041    1.0787    1.1233
    1.1588   0.89229
    3    1 1.5963800000000D+04 1.0714224000000D+13
   0.80328     0.957   0.96056   0.97785    1.0071     1.041    1.0787    1.1233
    1.1588   0.89229
    9    0 1.5963800000000D+04 2.8640000000000D+02
   10    0 1.5963800000000D+04 1.5800000000000D+01
*---+----+-------------------+-------------------+---------+---------------------
*   1: printout of the result at time [hours]
*---+----+-------------------+-------------------+---------+---------------------
    1    0 1.5965800000000D+04
*---+----+-------------------+-------------------+---------+---------------------
    2    1 1.5965800000000D+04 1.6743400000000D+01
   0.45391   0.63541   0.75707   0.89361     1.035    1.1677    1.2794     1.358
    1.3754    1.0445
    3    1 1.5965800000000D+04 9.7614022000000D+12
   0.45391   0.63541   0.75707   0.89361     1.035    1.1677    1.2794     1.358
    1.3754    1.0445
    9    0 1.5965800000000D+04 2.9170000000000D+02
   10    0 1.5965800000000D+04 1.5800000000000D+01
*---+----+-------------------+-------------------+---------+---------------------
*   1: printout of the result at time [hours]
*---+----+-------------------+-------------------+---------+---------------------
    1    0 1.6108800000000D+04
*---+----+-------------------+-------------------+---------+---------------------
    2    1 1.6108800000000D+04 1.7048200000000D+01
    0.6562    0.8527   0.92538   0.99289    1.0558    1.1103    1.1539    1.1828
    1.1732   0.89681
    3    1 1.6108800000000D+04 9.9391006000000D+12
    0.6562    0.8527   0.92538   0.99289    1.0558    1.1103    1.1539    1.1828
    1.1732   0.89681
    9    0 1.6108800000000D+04 2.9170000000000D+02
   10    0 1.6108800000000D+04 1.5800000000000D+01
*---+----+-------------------+-------------------+---------+---------------------
*   1: printout of the result at time [hours]
*---+----+-------------------+-------------------+---------+---------------------
    1    0 1.9564800000000D+04
*---+----+-------------------+-------------------+---------+---------------------
    2    1 1.9564800000000D+04 1.7288500000000D+01
   0.85641    1.0295    1.0372    1.0378    1.0391    1.0417     1.046    1.0578
    1.0399   0.81453
    3    1 1.9564800000000D+04 1.0156993750000D+13
   0.85641    1.0295    1.0372    1.0378    1.0391    1.0417     1.046    1.0578
    1.0399   0.81453
    9    0 1.9564800000000D+04 2.9170000000000D+02
   10    0 1.9564800000000D+04 1.5800000000000D+01
*---+----+-------------------+-------------------+---------+---------------------
*   1: printout of the result at time [hours]
*---+----+-------------------+-------------------+---------+---------------------
    1    0 2.1364800000000D+04
*---+----+-------------------+-------------------+---------+---------------------
    2    1 2.1364800000000D+04 1.7183600000000D+01
   0.89609     1.066    1.0609     1.051    1.0417    1.0337    1.0278    1.0241
    1.0055    0.7932
    3    1 2.1364800000000D+04 1.0140042360000D+13
   0.89609     1.066    1.0609     1.051    1.0417    1.0337    1.0278    1.0241
    1.0055    0.7932
    9    0 2.1364800000000D+04 2.9170000000000D+02
   10    0 2.1364800000000D+04 1.5800000000000D+01
*---+----+-------------------+-------------------+---------+---------------------
*   1: printout of the result at time [hours]
*---+----+-------------------+-------------------+---------+---------------------
    1    0 2.3119200000000D+04
*---+----+-------------------+-------------------+---------+---------------------
    2    1 2.3119200000000D+04 1.7153500000000D+01
   0.88361     1.014    1.0032   0.99985    1.0054    1.0165    1.0334    1.0596
    1.0932   0.89119
    3    1 2.3119200000000D+04 1.0142864550000D+13
   0.88361     1.014    1.0032   0.99985    1.0054    1.0165    1.0334    1.0596
    1.0932   0.89119
    9    0 2.3119200000000D+04 2.9170000000000D+02
   10    0 2.3119200000000D+04 1.5800000000000D+01
*---+----+-------------------+-------------------+---------+---------------------
*   1: printout of the result at time [hours]
*---+----+-------------------+-------------------+---------+---------------------
    1    0 2.4062400000000D+04
*---+----+-------------------+-------------------+---------+---------------------
    2    1 2.4062400000000D+04 1.4660900000000D+01
   0.74948   0.85827   0.87171    0.9067   0.95697     1.017    1.0875    1.1748
    1.2718    1.1058
    3    1 2.4062400000000D+04 8.3977635200000D+12
   0.74948   0.85827   0.87171    0.9067   0.95697     1.017    1.0875    1.1748
    1.2718    1.1058
    9    0 2.4062400000000D+04 2.8120000000000D+02
   10    0 2.4062400000000D+04 1.5800000000000D+01
* data point #312 end
*  00:  last line of data set (finishing the program)
*---+----+-------------------+-------------------+---------+---------------------
00000    0 2.4062400000000D+04
*---+----+-------------------+-------------------+---------+---------------------
