* data point #3461 begin
*
*---+----+-------------------+-------------------+---------+---------------------
*   1: printout of the result at time [hours]
*---+----+-------------------+-------------------+---------+---------------------
    1    0 0.0000000000000D+00
*---+----+-------------------+-------------------+---------+---------------------
    2    1 0.0000000000000D+00 1.9233600000000D+01
   0.63264   0.99799     1.103    1.1527    1.1792    1.1823    1.1602    1.1059
   0.96617   0.51992
    3    1 0.0000000000000D+00 8.0011776000000D+12
   0.63264   0.99799     1.103    1.1527    1.1792    1.1823    1.1602    1.1059
   0.96617   0.51992
    9    0 0.0000000000000D+00 2.9170000000000D+02
   10    0 0.0000000000000D+00 1.5800000000000D+01
*---+----+-------------------+-------------------+---------+---------------------
*   1: printout of the result at time [hours]
*---+----+-------------------+-------------------+---------+---------------------
    1    0 1.4400000000000D+02
*---+----+-------------------+-------------------+---------+---------------------
    2    1 1.4400000000000D+02 1.9609900000000D+01
   0.76278    1.1234    1.1764    1.1625    1.1424     1.114    1.0773    1.0256
   0.90867   0.50699
    3    1 1.4400000000000D+02 8.1910552300000D+12
   0.76278    1.1234    1.1764    1.1625    1.1424     1.114    1.0773    1.0256
   0.90867   0.50699
    9    0 1.4400000000000D+02 2.9170000000000D+02
   10    0 1.4400000000000D+02 1.5800000000000D+01
*---+----+-------------------+-------------------+---------+---------------------
*   1: printout of the result at time [hours]
*---+----+-------------------+-------------------+---------+---------------------
    1    0 1.4400000000000D+03
*---+----+-------------------+-------------------+---------+---------------------
    2    1 1.4400000000000D+03 1.9623800000000D+01
   0.81162    1.1328     1.148    1.1278    1.1069    1.0859    1.0631    1.0321
   0.94238   0.54959
    3    1 1.4400000000000D+03 8.3008674000000D+12
   0.81162    1.1328     1.148    1.1278    1.1069    1.0859    1.0631    1.0321
   0.94238   0.54959
    9    0 1.4400000000000D+03 2.9170000000000D+02
   10    0 1.4400000000000D+03 1.5800000000000D+01
*---+----+-------------------+-------------------+---------+---------------------
*   1: printout of the result at time [hours]
*---+----+-------------------+-------------------+---------+---------------------
    1    0 3.0456000000000D+03
*---+----+-------------------+-------------------+---------+---------------------
    2    1 3.0456000000000D+03 1.9691600000000D+01
   0.84275    1.1118     1.099    1.0738    1.0559    1.0443      1.04    1.0449
    1.0276   0.65993
    3    1 3.0456000000000D+03 8.3905907600000D+12
   0.84275    1.1118     1.099    1.0738    1.0559    1.0443      1.04    1.0449
    1.0276   0.65993
    9    0 3.0456000000000D+03 2.9170000000000D+02
   10    0 3.0456000000000D+03 1.5800000000000D+01
*---+----+-------------------+-------------------+---------+---------------------
*   1: printout of the result at time [hours]
*---+----+-------------------+-------------------+---------+---------------------
    1    0 4.9008000000000D+03
*---+----+-------------------+-------------------+---------+---------------------
    2    1 4.9008000000000D+03 1.5274200000000D+01
   0.68946   0.89131   0.91311   0.94532   0.99292    1.0501    1.1182    1.2042
    1.2917   0.90368
    3    1 4.9008000000000D+03 6.2456203800000D+12
   0.68946   0.89131   0.91311   0.94532   0.99292    1.0501    1.1182    1.2042
    1.2917   0.90368
    9    0 4.9008000000000D+03 2.7330000000000D+02
   10    0 4.9008000000000D+03 1.5800000000000D+01
*---+----+-------------------+-------------------+---------+---------------------
*   1: printout of the result at time [hours]
*---+----+-------------------+-------------------+---------+---------------------
    1    0 4.9046000000000D+03
*---+----+-------------------+-------------------+---------+---------------------
    2    1 4.9046000000000D+03 9.1462000000000D+00
   0.53815   0.72336   0.77989   0.85391   0.94968    1.0623    1.1926    1.3454
     1.494    1.0608
    3    1 4.9046000000000D+03 3.7371373200000D+12
   0.53815   0.72336   0.77989   0.85391   0.94968    1.0623    1.1926    1.3454
     1.494    1.0608
    9    0 4.9046000000000D+03 2.8340000000000D+02
   10    0 4.9046000000000D+03 1.5800000000000D+01
*---+----+-------------------+-------------------+---------+---------------------
*   1: printout of the result at time [hours]
*---+----+-------------------+-------------------+---------+---------------------
    1    0 4.9066000000000D+03
*---+----+-------------------+-------------------+---------+---------------------
    2    1 4.9066000000000D+03 2.4103500000000D+01
   0.75927    1.1141    1.1948    1.2109    1.1845    1.1369    1.0709   0.98608
    0.8527    0.4898
    3    1 4.9066000000000D+03 1.1056275450000D+13
   0.75927    1.1141    1.1948    1.2109    1.1845    1.1369    1.0709   0.98608
    0.8527    0.4898
    9    0 4.9066000000000D+03 2.9170000000000D+02
   10    0 4.9066000000000D+03 1.5800000000000D+01
*---+----+-------------------+-------------------+---------+---------------------
*   1: printout of the result at time [hours]
*---+----+-------------------+-------------------+---------+---------------------
    1    0 5.0496000000000D+03
*---+----+-------------------+-------------------+---------+---------------------
    2    1 5.0496000000000D+03 2.4297600000000D+01
   0.86235    1.1937    1.2279    1.1914    1.1427    1.0847     1.021   0.94824
    0.8344   0.49371
    3    1 5.0496000000000D+03 1.1184185280000D+13
   0.86235    1.1937    1.2279    1.1914    1.1427    1.0847     1.021   0.94824
    0.8344   0.49371
    9    0 5.0496000000000D+03 2.9170000000000D+02
   10    0 5.0496000000000D+03 1.5800000000000D+01
*---+----+-------------------+-------------------+---------+---------------------
*   1: printout of the result at time [hours]
*---+----+-------------------+-------------------+---------+---------------------
    1    0 6.4656000000000D+03
*---+----+-------------------+-------------------+---------+---------------------
    2    1 6.4656000000000D+03 2.3754200000000D+01
   0.86705    1.1396    1.1468    1.1237    1.0962    1.0672     1.037    1.0027
   0.93343   0.58634
    3    1 6.4656000000000D+03 1.1050453840000D+13
   0.86705    1.1396    1.1468    1.1237    1.0962    1.0672     1.037    1.0027
   0.93343   0.58634
    9    0 6.4656000000000D+03 2.9170000000000D+02
   10    0 6.4656000000000D+03 1.5800000000000D+01
*---+----+-------------------+-------------------+---------+---------------------
*   1: printout of the result at time [hours]
*---+----+-------------------+-------------------+---------+---------------------
    1    0 7.2912000000000D+03
*---+----+-------------------+-------------------+---------+---------------------
    2    1 7.2912000000000D+03 2.3588600000000D+01
   0.88382    1.1332    1.1242    1.0985    1.0734      1.05    1.0289    1.0096
   0.96644   0.63196
    3    1 7.2912000000000D+03 1.1027670500000D+13
   0.88382    1.1332    1.1242    1.0985    1.0734      1.05    1.0289    1.0096
   0.96644   0.63196
    9    0 7.2912000000000D+03 2.9170000000000D+02
   10    0 7.2912000000000D+03 1.5800000000000D+01
*---+----+-------------------+-------------------+---------+---------------------
*   1: printout of the result at time [hours]
*---+----+-------------------+-------------------+---------+---------------------
    1    0 7.9286000000000D+03
*---+----+-------------------+-------------------+---------+---------------------
    2    1 7.9286000000000D+03 2.2598600000000D+01
   0.79111    1.0094    1.0257    1.0356    1.0501    1.0664    1.0838     1.102
    1.0941   0.74168
    3    1 7.9286000000000D+03 1.0361458100000D+13
   0.79111    1.0094    1.0257    1.0356    1.0501    1.0664    1.0838     1.102
    1.0941   0.74168
    9    0 7.9286000000000D+03 2.8320000000000D+02
   10    0 7.9286000000000D+03 1.5800000000000D+01
*---+----+-------------------+-------------------+---------+---------------------
*   1: printout of the result at time [hours]
*---+----+-------------------+-------------------+---------+---------------------
    1    0 7.9306000000000D+03
*---+----+-------------------+-------------------+---------+---------------------
    2    1 7.9306000000000D+03 2.4021000000000D+01
   0.53303   0.80163   0.94592    1.0627    1.1557    1.2203    1.2522    1.2255
    1.1157   0.68736
    3    1 7.9306000000000D+03 1.2238699500000D+13
   0.53303   0.80163   0.94592    1.0627    1.1557    1.2203    1.2522    1.2255
    1.1157   0.68736
    9    0 7.9306000000000D+03 2.9170000000000D+02
   10    0 7.9306000000000D+03 1.5800000000000D+01
*---+----+-------------------+-------------------+---------+---------------------
*   1: printout of the result at time [hours]
*---+----+-------------------+-------------------+---------+---------------------
    1    0 8.0736000000000D+03
*---+----+-------------------+-------------------+---------+---------------------
    2    1 8.0736000000000D+03 2.3768300000000D+01
   0.70699    0.9845    1.0684    1.1107    1.1322    1.1492    1.1281    1.0926
   0.99864   0.62865
    3    1 8.0736000000000D+03 1.2100441530000D+13
   0.70699    0.9845    1.0684    1.1107    1.1322    1.1492    1.1281    1.0926
   0.99864   0.62865
    9    0 8.0736000000000D+03 2.9170000000000D+02
   10    0 8.0736000000000D+03 1.5800000000000D+01
*---+----+-------------------+-------------------+---------+---------------------
*   1: printout of the result at time [hours]
*---+----+-------------------+-------------------+---------+---------------------
    1    0 1.2969600000000D+04
*---+----+-------------------+-------------------+---------+---------------------
    2    1 1.2969600000000D+04 2.2773100000000D+01
   0.86642    1.1127    1.1361    1.1121    1.0888    1.0659    1.0428    1.0126
   0.94067   0.62209
    3    1 1.2969600000000D+04 1.2076574930000D+13
   0.86642    1.1127    1.1361    1.1121    1.0888    1.0659    1.0428    1.0126
   0.94067   0.62209
    9    0 1.2969600000000D+04 2.9170000000000D+02
   10    0 1.2969600000000D+04 1.5800000000000D+01
*---+----+-------------------+-------------------+---------+---------------------
*   1: printout of the result at time [hours]
*---+----+-------------------+-------------------+---------+---------------------
    1    0 1.5621600000000D+04
*---+----+-------------------+-------------------+---------+---------------------
    2    1 1.5621600000000D+04 2.2071100000000D+01
   0.87948    1.0614     1.048    1.0331    1.0294    1.0345    1.0471    1.0651
    1.0574   0.74455
    3    1 1.5621600000000D+04 1.1898530010000D+13
   0.87948    1.0614     1.048    1.0331    1.0294    1.0345    1.0471    1.0651
    1.0574   0.74455
    9    0 1.5621600000000D+04 2.9170000000000D+02
   10    0 1.5621600000000D+04 1.5800000000000D+01
*---+----+-------------------+-------------------+---------+---------------------
*   1: printout of the result at time [hours]
*---+----+-------------------+-------------------+---------+---------------------
    1    0 1.6407800000000D+04
*---+----+-------------------+-------------------+---------+---------------------
    2    1 1.6407800000000D+04 2.0626300000000D+01
   0.77285   0.92896   0.93803   0.95887   0.99489    1.0409    1.0963    1.1617
    1.2177   0.88988
    3    1 1.6407800000000D+04 1.0847371170000D+13
   0.77285   0.92896   0.93803   0.95887   0.99489    1.0409    1.0963    1.1617
    1.2177   0.88988
    9    0 1.6407800000000D+04 2.8120000000000D+02
   10    0 1.6407800000000D+04 1.5800000000000D+01
*---+----+-------------------+-------------------+---------+---------------------
*   1: printout of the result at time [hours]
*---+----+-------------------+-------------------+---------+---------------------
    1    0 1.6409800000000D+04
*---+----+-------------------+-------------------+---------+---------------------
    2    1 1.6409800000000D+04 1.9342600000000D+01
   0.43567   0.60649   0.72069   0.85102   0.99139    1.1323    1.2647     1.378
    1.4546    1.1651
    3    1 1.6409800000000D+04 1.0976925500000D+13
   0.43567   0.60649   0.72069   0.85102   0.99139    1.1323    1.2647     1.378
    1.4546    1.1651
    9    0 1.6409800000000D+04 2.9170000000000D+02
   10    0 1.6409800000000D+04 1.5800000000000D+01
*---+----+-------------------+-------------------+---------+---------------------
*   1: printout of the result at time [hours]
*---+----+-------------------+-------------------+---------+---------------------
    1    0 1.6552800000000D+04
*---+----+-------------------+-------------------+---------+---------------------
    2    1 1.6552800000000D+04 1.9444100000000D+01
   0.64014   0.82539   0.89256   0.95741    1.0227    1.0862    1.1468    1.2015
    1.2343   0.99295
    3    1 1.6552800000000D+04 1.1038415570000D+13
   0.64014   0.82539   0.89256   0.95741    1.0227    1.0862    1.1468    1.2015
    1.2343   0.99295
    9    0 1.6552800000000D+04 2.9170000000000D+02
   10    0 1.6552800000000D+04 1.5800000000000D+01
*---+----+-------------------+-------------------+---------+---------------------
*   1: printout of the result at time [hours]
*---+----+-------------------+-------------------+---------+---------------------
    1    0 2.1808800000000D+04
*---+----+-------------------+-------------------+---------+---------------------
    2    1 2.1808800000000D+04 1.9226800000000D+01
   0.90109    1.0667    1.0614      1.05    1.0391    1.0296    1.0223    1.0173
   0.99996   0.81246
    3    1 2.1808800000000D+04 1.1243832640000D+13
   0.90109    1.0667    1.0614      1.05    1.0391    1.0296    1.0223    1.0173
   0.99996   0.81246
    9    0 2.1808800000000D+04 2.9170000000000D+02
   10    0 2.1808800000000D+04 1.5800000000000D+01
*---+----+-------------------+-------------------+---------+---------------------
*   1: printout of the result at time [hours]
*---+----+-------------------+-------------------+---------+---------------------
    1    0 2.3690400000000D+04
*---+----+-------------------+-------------------+---------+---------------------
    2    1 2.3690400000000D+04 1.8930800000000D+01
    0.9026    1.0293    1.0151    1.0065    1.0058    1.0104    1.0209    1.0406
    1.0733   0.89558
    3    1 2.3690400000000D+04 1.1138882720000D+13
    0.9026    1.0293    1.0151    1.0065    1.0058    1.0104    1.0209    1.0406
    1.0733   0.89558
    9    0 2.3690400000000D+04 2.9170000000000D+02
   10    0 2.3690400000000D+04 1.5800000000000D+01
*---+----+-------------------+-------------------+---------+---------------------
*   1: printout of the result at time [hours]
*---+----+-------------------+-------------------+---------+---------------------
    1    0 2.4426200000000D+04
*---+----+-------------------+-------------------+---------+---------------------
    2    1 2.4426200000000D+04 1.7501900000000D+01
   0.79471    0.9035   0.90979   0.93378   0.97058     1.015    1.0673     1.133
    1.2074    1.0651
    3    1 2.4426200000000D+04 1.0023338130000D+13
   0.79471    0.9035   0.90979   0.93378   0.97058     1.015    1.0673     1.133
    1.2074    1.0651
    9    0 2.4426200000000D+04 2.8110000000000D+02
   10    0 2.4426200000000D+04 1.5800000000000D+01
*---+----+-------------------+-------------------+---------+---------------------
*   1: printout of the result at time [hours]
*---+----+-------------------+-------------------+---------+---------------------
    1    0 2.4428200000000D+04
*---+----+-------------------+-------------------+---------+---------------------
    2    1 2.4428200000000D+04 1.6114700000000D+01
   0.45505   0.68763   0.83843   0.97662    1.1048    1.2153    1.2964    1.3369
    1.2551   0.83365
    3    1 2.4428200000000D+04 1.0352083280000D+13
   0.45505   0.68763   0.83843   0.97662    1.1048    1.2153    1.2964    1.3369
    1.2551   0.83365
    9    0 2.4428200000000D+04 2.9170000000000D+02
   10    0 2.4428200000000D+04 1.5800000000000D+01
*---+----+-------------------+-------------------+---------+---------------------
*   1: printout of the result at time [hours]
*---+----+-------------------+-------------------+---------+---------------------
    1    0 2.4571200000000D+04
*---+----+-------------------+-------------------+---------+---------------------
    2    1 2.4571200000000D+04 1.6253300000000D+01
   0.64707   0.89976   0.99801    1.0602    1.1068    1.1416    1.1629    1.1606
    1.0897   0.73333
    3    1 2.4571200000000D+04 1.0395610680000D+13
   0.64707   0.89976   0.99801    1.0602    1.1068    1.1416    1.1629    1.1606
    1.0897   0.73333
    9    0 2.4571200000000D+04 2.9170000000000D+02
   10    0 2.4571200000000D+04 1.5800000000000D+01
*---+----+-------------------+-------------------+---------+---------------------
*   1: printout of the result at time [hours]
*---+----+-------------------+-------------------+---------+---------------------
    1    0 2.8027200000000D+04
*---+----+-------------------+-------------------+---------+---------------------
    2    1 2.8027200000000D+04 1.5647200000000D+01
   0.85082    1.0459    1.0663    1.0548    1.0505    1.0492    1.0514    1.0542
    1.0268   0.75004
    3    1 2.8027200000000D+04 9.9860430400000D+12
   0.85082    1.0459    1.0663    1.0548    1.0505    1.0492    1.0514    1.0542
    1.0268   0.75004
    9    0 2.8027200000000D+04 2.9170000000000D+02
   10    0 2.8027200000000D+04 1.5800000000000D+01
*---+----+-------------------+-------------------+---------+---------------------
*   1: printout of the result at time [hours]
*---+----+-------------------+-------------------+---------+---------------------
    1    0 3.0187200000000D+04
*---+----+-------------------+-------------------+---------+---------------------
    2    1 3.0187200000000D+04 1.5189900000000D+01
   0.90494    1.0656    1.0571     1.046    1.0383    1.0334    1.0317    1.0338
    1.0176    0.7715
    3    1 3.0187200000000D+04 9.6790042800000D+12
   0.90494    1.0656    1.0571     1.046    1.0383    1.0334    1.0317    1.0338
    1.0176    0.7715
    9    0 3.0187200000000D+04 2.9170000000000D+02
   10    0 3.0187200000000D+04 1.5800000000000D+01
*---+----+-------------------+-------------------+---------+---------------------
*   1: printout of the result at time [hours]
*---+----+-------------------+-------------------+---------+---------------------
    1    0 3.1490400000000D+04
*---+----+-------------------+-------------------+---------+---------------------
    2    1 3.1490400000000D+04 1.5253200000000D+01
   0.89614    1.0237    1.0123    1.0063    1.0092     1.017    1.0301    1.0526
     1.099   0.85353
    3    1 3.1490400000000D+04 9.6903579600000D+12
   0.89614    1.0237    1.0123    1.0063    1.0092     1.017    1.0301    1.0526
     1.099   0.85353
    9    0 3.1490400000000D+04 2.9170000000000D+02
   10    0 3.1490400000000D+04 1.5800000000000D+01
*---+----+-------------------+-------------------+---------+---------------------
*   1: printout of the result at time [hours]
*---+----+-------------------+-------------------+---------+---------------------
    1    0 3.1911800000000D+04
*---+----+-------------------+-------------------+---------+---------------------
    2    1 3.1911800000000D+04 1.4294100000000D+01
   0.81131   0.92926   0.93584   0.95634   0.98901     1.028    1.0726    1.1279
    1.1852   0.96452
    3    1 3.1911800000000D+04 8.9452477800000D+12
   0.81131   0.92926   0.93584   0.95634   0.98901     1.028    1.0726    1.1279
    1.1852   0.96452
    9    0 3.1911800000000D+04 2.8640000000000D+02
   10    0 3.1911800000000D+04 1.5800000000000D+01
*---+----+-------------------+-------------------+---------+---------------------
*   1: printout of the result at time [hours]
*---+----+-------------------+-------------------+---------+---------------------
    1    0 3.1913800000000D+04
*---+----+-------------------+-------------------+---------+---------------------
    2    1 3.1913800000000D+04 4.2475000000000D+00
   0.45462   0.66392   0.81413   0.95232    1.0809    1.1925    1.2749    1.3175
    1.2539   0.99541
    3    1 3.1913800000000D+04 2.8305340000000D+12
   0.45462   0.66392   0.81413   0.95232    1.0809    1.1925    1.2749    1.3175
    1.2539   0.99541
    9    0 3.1913800000000D+04 2.9170000000000D+02
   10    0 3.1913800000000D+04 1.5800000000000D+01
*---+----+-------------------+-------------------+---------+---------------------
*   1: printout of the result at time [hours]
*---+----+-------------------+-------------------+---------+---------------------
    1    0 3.2056800000000D+04
*---+----+-------------------+-------------------+---------+---------------------
    2    1 3.2056800000000D+04 4.4847000000000D+00
   0.63951   0.86026   0.96238    1.0304    1.0828    1.1236    1.1508    1.1537
    1.1033   0.89326
    3    1 3.2056800000000D+04 2.9388239100000D+12
   0.63951   0.86026   0.96238    1.0304    1.0828    1.1236    1.1508    1.1537
    1.1033   0.89326
    9    0 3.2056800000000D+04 2.9170000000000D+02
   10    0 3.2056800000000D+04 1.5800000000000D+01
*---+----+-------------------+-------------------+---------+---------------------
*   1: printout of the result at time [hours]
*---+----+-------------------+-------------------+---------+---------------------
    1    0 3.5512800000000D+04
*---+----+-------------------+-------------------+---------+---------------------
    2    1 3.5512800000000D+04 4.9266000000000D+00
   0.81618   0.99034     1.019    1.0265    1.0324    1.0405    1.0514    1.0622
    1.0537   0.90793
    3    1 3.5512800000000D+04 3.1313469600000D+12
   0.81618   0.99034     1.019    1.0265    1.0324    1.0405    1.0514    1.0622
    1.0537   0.90793
    9    0 3.5512800000000D+04 2.9170000000000D+02
   10    0 3.5512800000000D+04 1.5800000000000D+01
*---+----+-------------------+-------------------+---------+---------------------
*   1: printout of the result at time [hours]
*---+----+-------------------+-------------------+---------+---------------------
    1    0 3.7312800000000D+04
*---+----+-------------------+-------------------+---------+---------------------
    2    1 3.7312800000000D+04 5.1021000000000D+00
   0.85925    1.0076    1.0206     1.021    1.0221    1.0257    1.0323    1.0421
    1.0494   0.92001
    3    1 3.7312800000000D+04 3.1939146000000D+12
   0.85925    1.0076    1.0206     1.021    1.0221    1.0257    1.0323    1.0421
    1.0494   0.92001
    9    0 3.7312800000000D+04 2.9170000000000D+02
   10    0 3.7312800000000D+04 1.5800000000000D+01
*---+----+-------------------+-------------------+---------+---------------------
*   1: printout of the result at time [hours]
*---+----+-------------------+-------------------+---------+---------------------
    1    0 3.9067200000000D+04
*---+----+-------------------+-------------------+---------+---------------------
    2    1 3.9067200000000D+04 5.4758000000000D+00
   0.84682   0.95858   0.95968   0.96589   0.98196    1.0051    1.0355    1.0767
    1.1277     1.042
    3    1 3.9067200000000D+04 3.3719976400000D+12
   0.84682   0.95858   0.95968   0.96589   0.98196    1.0051    1.0355    1.0767
    1.1277     1.042
    9    0 3.9067200000000D+04 2.9170000000000D+02
   10    0 3.9067200000000D+04 1.5800000000000D+01
*---+----+-------------------+-------------------+---------+---------------------
*   1: printout of the result at time [hours]
*---+----+-------------------+-------------------+---------+---------------------
    1    0 4.0010400000000D+04
*---+----+-------------------+-------------------+---------+---------------------
    2    1 4.0010400000000D+04 4.7865000000000D+00
   0.73269   0.82461   0.84237   0.87956   0.93346   0.99864    1.0759    1.1718
     1.289    1.2519
    3    1 4.0010400000000D+04 2.8623270000000D+12
   0.73269   0.82461   0.84237   0.87956   0.93346   0.99864    1.0759    1.1718
     1.289    1.2519
    9    0 4.0010400000000D+04 2.8120000000000D+02
   10    0 4.0010400000000D+04 1.5800000000000D+01
* data point #3461 end
*  00:  last line of data set (finishing the program)
*---+----+-------------------+-------------------+---------+---------------------
00000    0 4.0010400000000D+04
*---+----+-------------------+-------------------+---------+---------------------
