* data point #3479 begin
*
*---+----+-------------------+-------------------+---------+---------------------
*   1: printout of the result at time [hours]
*---+----+-------------------+-------------------+---------+---------------------
    1    0 0.0000000000000D+00
*---+----+-------------------+-------------------+---------+---------------------
    2    1 0.0000000000000D+00 2.7639900000000D+01
    0.4805   0.79277   0.94903    1.0699    1.1673     1.236    1.2702    1.2412
    1.1142   0.67891
    3    1 0.0000000000000D+00 1.2244475700000D+13
    0.4805   0.79277   0.94903    1.0699    1.1673     1.236    1.2702    1.2412
    1.1142   0.67891
    9    0 0.0000000000000D+00 2.9170000000000D+02
   10    0 0.0000000000000D+00 1.5800000000000D+01
*---+----+-------------------+-------------------+---------+---------------------
*   1: printout of the result at time [hours]
*---+----+-------------------+-------------------+---------+---------------------
    1    0 1.4400000000000D+02
*---+----+-------------------+-------------------+---------+---------------------
    2    1 1.4400000000000D+02 2.7159100000000D+01
   0.66608    1.0061    1.0966     1.132     1.146    1.1455    1.1291     1.087
   0.97864   0.61305
    3    1 1.4400000000000D+02 1.2047776760000D+13
   0.66608    1.0061    1.0966     1.132     1.146    1.1455    1.1291     1.087
   0.97864   0.61305
    9    0 1.4400000000000D+02 2.9170000000000D+02
   10    0 1.4400000000000D+02 1.5800000000000D+01
*---+----+-------------------+-------------------+---------+---------------------
*   1: printout of the result at time [hours]
*---+----+-------------------+-------------------+---------+---------------------
    1    0 3.6000000000000D+03
*---+----+-------------------+-------------------+---------+---------------------
    2    1 3.6000000000000D+03 2.6462300000000D+01
   0.83655    1.1372    1.1477      1.12    1.0895    1.0614    1.0357    1.0064
   0.93726   0.62837
    3    1 3.6000000000000D+03 1.1966252060000D+13
   0.83655    1.1372    1.1477      1.12    1.0895    1.0614    1.0357    1.0064
   0.93726   0.62837
    9    0 3.6000000000000D+03 2.9170000000000D+02
   10    0 3.6000000000000D+03 1.5800000000000D+01
*---+----+-------------------+-------------------+---------+---------------------
*   1: printout of the result at time [hours]
*---+----+-------------------+-------------------+---------+---------------------
    1    0 5.4000000000000D+03
*---+----+-------------------+-------------------+---------+---------------------
    2    1 5.4000000000000D+03 2.6111100000000D+01
   0.87116    1.1566    1.1558    1.1207    1.0845    1.0509    1.0201   0.98786
   0.92172   0.63065
    3    1 5.4000000000000D+03 1.1977161570000D+13
   0.87116    1.1566    1.1558    1.1207    1.0845    1.0509    1.0201   0.98786
   0.92172   0.63065
    9    0 5.4000000000000D+03 2.9170000000000D+02
   10    0 5.4000000000000D+03 1.5800000000000D+01
*---+----+-------------------+-------------------+---------+---------------------
*   1: printout of the result at time [hours]
*---+----+-------------------+-------------------+---------+---------------------
    1    0 7.1544000000000D+03
*---+----+-------------------+-------------------+---------+---------------------
    2    1 7.1544000000000D+03 2.5723400000000D+01
   0.85047    1.0848    1.0695    1.0521    1.0447    1.0428    1.0448    1.0494
    1.0267   0.73486
    3    1 7.1544000000000D+03 1.1940802280000D+13
   0.85047    1.0848    1.0695    1.0521    1.0447    1.0428    1.0448    1.0494
    1.0267   0.73486
    9    0 7.1544000000000D+03 2.9170000000000D+02
   10    0 7.1544000000000D+03 1.5800000000000D+01
*---+----+-------------------+-------------------+---------+---------------------
*   1: printout of the result at time [hours]
*---+----+-------------------+-------------------+---------+---------------------
    1    0 8.0976000000000D+03
*---+----+-------------------+-------------------+---------+---------------------
    2    1 8.0976000000000D+03 2.2564100000000D+01
   0.72336    0.9177    0.9333   0.95971    1.0011    1.0509    1.1077    1.1731
    1.2191   0.91389
    3    1 8.0976000000000D+03 1.0194460380000D+13
   0.72336    0.9177    0.9333   0.95971    1.0011    1.0509    1.1077    1.1731
    1.2191   0.91389
    9    0 8.0976000000000D+03 2.8120000000000D+02
   10    0 8.0976000000000D+03 1.5800000000000D+01
* data point #3479 end
*  00:  last line of data set (finishing the program)
*---+----+-------------------+-------------------+---------+---------------------
00000    0 8.0976000000000D+03
*---+----+-------------------+-------------------+---------+---------------------
