* data point #3910 begin
*
*---+----+-------------------+-------------------+---------+---------------------
*   1: printout of the result at time [hours]
*---+----+-------------------+-------------------+---------+---------------------
    1    0 0.0000000000000D+00
*---+----+-------------------+-------------------+---------+---------------------
    2    1 0.0000000000000D+00 2.0217800000000D+01
   0.59344    0.8675    1.0154    1.1144    1.1803    1.2149    1.2105    1.1605
    1.0189    0.6242
    3    1 0.0000000000000D+00 1.0466755060000D+13
   0.59344    0.8675    1.0154    1.1144    1.1803    1.2149    1.2105    1.1605
    1.0189    0.6242
    9    0 0.0000000000000D+00 2.9170000000000D+02
   10    0 0.0000000000000D+00 1.5800000000000D+01
*---+----+-------------------+-------------------+---------+---------------------
*   1: printout of the result at time [hours]
*---+----+-------------------+-------------------+---------+---------------------
    1    0 1.4400000000000D+02
*---+----+-------------------+-------------------+---------+---------------------
    2    1 1.4400000000000D+02 2.0450200000000D+01
   0.75452    1.0183    1.1034    1.1335    1.1412    1.1334    1.1103    1.0625
   0.94586   0.59706
    3    1 1.4400000000000D+02 1.0613653800000D+13
   0.75452    1.0183    1.1034    1.1335    1.1412    1.1334    1.1103    1.0625
   0.94586   0.59706
    9    0 1.4400000000000D+02 2.9170000000000D+02
   10    0 1.4400000000000D+02 1.5800000000000D+01
*---+----+-------------------+-------------------+---------+---------------------
*   1: printout of the result at time [hours]
*---+----+-------------------+-------------------+---------+---------------------
    1    0 3.2400000000000D+03
*---+----+-------------------+-------------------+---------+---------------------
    2    1 3.2400000000000D+03 2.1548400000000D+01
   0.86099    1.1057    1.1209     1.101    1.0798    1.0615    1.0458    1.0269
    0.9623   0.63499
    3    1 3.2400000000000D+03 1.1041400160000D+13
   0.86099    1.1057    1.1209     1.101    1.0798    1.0615    1.0458    1.0269
    0.9623   0.63499
    9    0 3.2400000000000D+03 2.9170000000000D+02
   10    0 3.2400000000000D+03 1.5800000000000D+01
*---+----+-------------------+-------------------+---------+---------------------
*   1: printout of the result at time [hours]
*---+----+-------------------+-------------------+---------+---------------------
    1    0 5.8800000000000D+03
*---+----+-------------------+-------------------+---------+---------------------
    2    1 5.8800000000000D+03 2.2365700000000D+01
   0.87639     1.148    1.1323    1.0978    1.0676    1.0426    1.0233     1.009
   0.96456   0.63848
    3    1 5.8800000000000D+03 1.1410980140000D+13
   0.87639     1.148    1.1323    1.0978    1.0676    1.0426    1.0233     1.009
   0.96456   0.63848
    9    0 5.8800000000000D+03 2.9170000000000D+02
   10    0 5.8800000000000D+03 1.5800000000000D+01
*---+----+-------------------+-------------------+---------+---------------------
*   1: printout of the result at time [hours]
*---+----+-------------------+-------------------+---------+---------------------
    1    0 6.7656000000000D+03
*---+----+-------------------+-------------------+---------+---------------------
    2    1 6.7656000000000D+03 2.2523400000000D+01
   0.88415    1.1354    1.1068    1.0747    1.0513     1.034    1.0232    1.0208
   0.99923   0.67037
    3    1 6.7656000000000D+03 1.1437382520000D+13
   0.88415    1.1354    1.1068    1.0747    1.0513     1.034    1.0232    1.0208
   0.99923   0.67037
    9    0 6.7656000000000D+03 2.9170000000000D+02
   10    0 6.7656000000000D+03 1.5800000000000D+01
*---+----+-------------------+-------------------+---------+---------------------
*   1: printout of the result at time [hours]
*---+----+-------------------+-------------------+---------+---------------------
    1    0 7.8446000000000D+03
*---+----+-------------------+-------------------+---------+---------------------
    2    1 7.8446000000000D+03 2.0432100000000D+01
   0.74158   0.94508   0.95355   0.97366    1.0078    1.0495    1.0984    1.1601
    1.2193   0.85096
    3    1 7.8446000000000D+03 9.9912969000000D+12
   0.74158   0.94508   0.95355   0.97366    1.0078    1.0495    1.0984    1.1601
    1.2193   0.85096
    9    0 7.8446000000000D+03 2.7920000000000D+02
   10    0 7.8446000000000D+03 1.5800000000000D+01
*---+----+-------------------+-------------------+---------+---------------------
*   1: printout of the result at time [hours]
*---+----+-------------------+-------------------+---------+---------------------
    1    0 7.8466000000000D+03
*---+----+-------------------+-------------------+---------+---------------------
    2    1 7.8466000000000D+03 2.4808500000000D+01
   0.51773   0.82927   0.98902    1.1101    1.1989    1.2499    1.2543    1.1962
    1.0319   0.62261
    3    1 7.8466000000000D+03 1.2022199100000D+13
   0.51773   0.82927   0.98902    1.1101    1.1989    1.2499    1.2543    1.1962
    1.0319   0.62261
    9    0 7.8466000000000D+03 2.9170000000000D+02
   10    0 7.8466000000000D+03 1.5800000000000D+01
*---+----+-------------------+-------------------+---------+---------------------
*   1: printout of the result at time [hours]
*---+----+-------------------+-------------------+---------+---------------------
    1    0 7.9896000000000D+03
*---+----+-------------------+-------------------+---------+---------------------
    2    1 7.9896000000000D+03 2.5185300000000D+01
   0.66527   0.98379    1.0836    1.1344    1.1602    1.1659    1.1486    1.0955
   0.96203   0.60071
    3    1 7.9896000000000D+03 1.2207314910000D+13
   0.66527   0.98379    1.0836    1.1344    1.1602    1.1659    1.1486    1.0955
   0.96203   0.60071
    9    0 7.9896000000000D+03 2.9170000000000D+02
   10    0 7.9896000000000D+03 1.5800000000000D+01
*---+----+-------------------+-------------------+---------+---------------------
*   1: printout of the result at time [hours]
*---+----+-------------------+-------------------+---------+---------------------
    1    0 1.1445600000000D+04
*---+----+-------------------+-------------------+---------+---------------------
    2    1 1.1445600000000D+04 2.4416700000000D+01
   0.81866    1.0757    1.0891    1.0788    1.0692    1.0631    1.0598    1.0526
   0.99948   0.69366
    3    1 1.1445600000000D+04 1.2127774890000D+13
   0.81866    1.0757    1.0891    1.0788    1.0692    1.0631    1.0598    1.0526
   0.99948   0.69366
    9    0 1.1445600000000D+04 2.9170000000000D+02
   10    0 1.1445600000000D+04 1.5800000000000D+01
*---+----+-------------------+-------------------+---------+---------------------
*   1: printout of the result at time [hours]
*---+----+-------------------+-------------------+---------+---------------------
    1    0 1.3605600000000D+04
*---+----+-------------------+-------------------+---------+---------------------
    2    1 1.3605600000000D+04 2.4144800000000D+01
    0.8729    1.1038    1.0912    1.0683    1.0508    1.0389    1.0322    1.0287
    0.9945   0.71871
    3    1 1.3605600000000D+04 1.2142419920000D+13
    0.8729    1.1038    1.0912    1.0683    1.0508    1.0389    1.0322    1.0287
    0.9945   0.71871
    9    0 1.3605600000000D+04 2.9170000000000D+02
   10    0 1.3605600000000D+04 1.5800000000000D+01
*---+----+-------------------+-------------------+---------+---------------------
*   1: printout of the result at time [hours]
*---+----+-------------------+-------------------+---------+---------------------
    1    0 1.4834400000000D+04
*---+----+-------------------+-------------------+---------+---------------------
    2    1 1.4834400000000D+04 2.4016800000000D+01
   0.87555    1.0751    1.0514    1.0309     1.021    1.0191    1.0264    1.0467
    1.0572   0.79657
    3    1 1.4834400000000D+04 1.2121278960000D+13
   0.87555    1.0751    1.0514    1.0309     1.021    1.0191    1.0264    1.0467
    1.0572   0.79657
    9    0 1.4834400000000D+04 2.9170000000000D+02
   10    0 1.4834400000000D+04 1.5800000000000D+01
*---+----+-------------------+-------------------+---------+---------------------
*   1: printout of the result at time [hours]
*---+----+-------------------+-------------------+---------+---------------------
    1    0 1.6328600000000D+04
*---+----+-------------------+-------------------+---------+---------------------
    2    1 1.6328600000000D+04 2.0258500000000D+01
   0.72636   0.87711   0.88664   0.91665   0.96355     1.021    1.0909     1.183
    1.2958     1.039
    3    1 1.6328600000000D+04 9.8273983500000D+12
   0.72636   0.87711   0.88664   0.91665   0.96355     1.021    1.0909     1.183
    1.2958     1.039
    9    0 1.6328600000000D+04 2.7520000000000D+02
   10    0 1.6328600000000D+04 1.5800000000000D+01
*---+----+-------------------+-------------------+---------+---------------------
*   1: printout of the result at time [hours]
*---+----+-------------------+-------------------+---------+---------------------
    1    0 1.6330600000000D+04
*---+----+-------------------+-------------------+---------+---------------------
    2    1 1.6330600000000D+04 2.3238700000000D+01
   0.68932   0.96503    1.0583    1.1123    1.1437    1.1517    1.1349    1.0899
   0.98852   0.66643
    3    1 1.6330600000000D+04 1.3629497550000D+13
   0.68932   0.96503    1.0583    1.1123    1.1437    1.1517    1.1349    1.0899
   0.98852   0.66643
    9    0 1.6330600000000D+04 2.9170000000000D+02
   10    0 1.6330600000000D+04 1.5800000000000D+01
*---+----+-------------------+-------------------+---------+---------------------
*   1: printout of the result at time [hours]
*---+----+-------------------+-------------------+---------+---------------------
    1    0 1.6473600000000D+04
*---+----+-------------------+-------------------+---------+---------------------
    2    1 1.6473600000000D+04 2.2528400000000D+01
   0.80818    1.0694    1.1134    1.1186    1.1109    1.0931    1.0657    1.0251
   0.94254   0.65313
    3    1 1.6473600000000D+04 1.3170102640000D+13
   0.80818    1.0694    1.1134    1.1186    1.1109    1.0931    1.0657    1.0251
   0.94254   0.65313
    9    0 1.6473600000000D+04 2.9170000000000D+02
   10    0 1.6473600000000D+04 1.5800000000000D+01
*---+----+-------------------+-------------------+---------+---------------------
*   1: printout of the result at time [hours]
*---+----+-------------------+-------------------+---------+---------------------
    1    0 1.7769600000000D+04
*---+----+-------------------+-------------------+---------+---------------------
    2    1 1.7769600000000D+04 2.2184800000000D+01
   0.84391    1.0694    1.0889    1.0847    1.0777    1.0683    1.0556    1.0351
   0.97652   0.69976
    3    1 1.7769600000000D+04 1.2982544960000D+13
   0.84391    1.0694    1.0889    1.0847    1.0777    1.0683    1.0556    1.0351
   0.97652   0.69976
    9    0 1.7769600000000D+04 2.9170000000000D+02
   10    0 1.7769600000000D+04 1.5800000000000D+01
*---+----+-------------------+-------------------+---------+---------------------
*   1: printout of the result at time [hours]
*---+----+-------------------+-------------------+---------+---------------------
    1    0 1.9375200000000D+04
*---+----+-------------------+-------------------+---------+---------------------
    2    1 1.9375200000000D+04 2.1711000000000D+01
   0.86182    1.0464     1.048    1.0395    1.0356    1.0356    1.0404    1.0509
     1.045   0.79674
    3    1 1.9375200000000D+04 1.2681395100000D+13
   0.86182    1.0464     1.048    1.0395    1.0356    1.0356    1.0404    1.0509
     1.045   0.79674
    9    0 1.9375200000000D+04 2.9170000000000D+02
   10    0 1.9375200000000D+04 1.5800000000000D+01
*---+----+-------------------+-------------------+---------+---------------------
*   1: printout of the result at time [hours]
*---+----+-------------------+-------------------+---------+---------------------
    1    0 2.1230400000000D+04
*---+----+-------------------+-------------------+---------+---------------------
    2    1 2.1230400000000D+04 1.7444400000000D+01
   0.69438   0.83465    0.8632   0.90579   0.96317    1.0306    1.1091    1.2042
    1.3133    1.0816
    3    1 2.1230400000000D+04 9.6746642400000D+12
   0.69438   0.83465    0.8632   0.90579   0.96317    1.0306    1.1091    1.2042
    1.3133    1.0816
    9    0 2.1230400000000D+04 2.7330000000000D+02
   10    0 2.1230400000000D+04 1.5800000000000D+01
*---+----+-------------------+-------------------+---------+---------------------
*   1: printout of the result at time [hours]
*---+----+-------------------+-------------------+---------+---------------------
    1    0 2.1234200000000D+04
*---+----+-------------------+-------------------+---------+---------------------
    2    1 2.1234200000000D+04 1.0805600000000D+01
   0.53944   0.67465   0.73406   0.81421   0.91638     1.037    1.1768    1.3391
    1.4974     1.271
    3    1 2.1234200000000D+04 5.9808996000000D+12
   0.53944   0.67465   0.73406   0.81421   0.91638     1.037    1.1768    1.3391
    1.4974     1.271
    9    0 2.1234200000000D+04 2.8340000000000D+02
   10    0 2.1234200000000D+04 1.5800000000000D+01
*---+----+-------------------+-------------------+---------+---------------------
*   1: printout of the result at time [hours]
*---+----+-------------------+-------------------+---------+---------------------
    1    0 2.1236200000000D+04
*---+----+-------------------+-------------------+---------+---------------------
    2    1 2.1236200000000D+04 1.5900600000000D+01
   0.74676    1.0073     1.097    1.1394    1.1628    1.1376    1.1037    1.0486
   0.94801   0.60878
    3    1 2.1236200000000D+04 1.0286098140000D+13
   0.74676    1.0073     1.097    1.1394    1.1628    1.1376    1.1037    1.0486
   0.94801   0.60878
    9    0 2.1236200000000D+04 2.9170000000000D+02
   10    0 2.1236200000000D+04 1.5800000000000D+01
*---+----+-------------------+-------------------+---------+---------------------
*   1: printout of the result at time [hours]
*---+----+-------------------+-------------------+---------+---------------------
    1    0 2.1379200000000D+04
*---+----+-------------------+-------------------+---------+---------------------
    2    1 2.1379200000000D+04 1.6043900000000D+01
   0.84936    1.0862    1.1293    1.1316    1.1157    1.0887    1.0537    1.0084
   0.92633    0.6107
    3    1 2.1379200000000D+04 1.0335480380000D+13
   0.84936    1.0862    1.1293    1.1316    1.1157    1.0887    1.0537    1.0084
   0.92633    0.6107
    9    0 2.1379200000000D+04 2.9170000000000D+02
   10    0 2.1379200000000D+04 1.5800000000000D+01
*---+----+-------------------+-------------------+---------+---------------------
*   1: printout of the result at time [hours]
*---+----+-------------------+-------------------+---------+---------------------
    1    0 2.2795200000000D+04
*---+----+-------------------+-------------------+---------+---------------------
    2    1 2.2795200000000D+04 1.6309700000000D+01
   0.85851     1.051    1.0713    1.0721    1.0686     1.063    1.0561    1.0464
    1.0108   0.70204
    3    1 2.2795200000000D+04 1.0408850540000D+13
   0.85851     1.051    1.0713    1.0721    1.0686     1.063    1.0561    1.0464
    1.0108   0.70204
    9    0 2.2795200000000D+04 2.9170000000000D+02
   10    0 2.2795200000000D+04 1.5800000000000D+01
*---+----+-------------------+-------------------+---------+---------------------
*   1: printout of the result at time [hours]
*---+----+-------------------+-------------------+---------+---------------------
    1    0 2.3620800000000D+04
*---+----+-------------------+-------------------+---------+---------------------
    2    1 2.3620800000000D+04 1.6418600000000D+01
   0.87693    1.0473    1.0544    1.0501    1.0464    1.0441    1.0442    1.0481
    1.0393   0.74915
    3    1 2.3620800000000D+04 1.0411034260000D+13
   0.87693    1.0473    1.0544    1.0501    1.0464    1.0441    1.0442    1.0481
    1.0393   0.74915
    9    0 2.3620800000000D+04 2.9170000000000D+02
   10    0 2.3620800000000D+04 1.5800000000000D+01
*---+----+-------------------+-------------------+---------+---------------------
*   1: printout of the result at time [hours]
*---+----+-------------------+-------------------+---------+---------------------
    1    0 2.4258200000000D+04
*---+----+-------------------+-------------------+---------+---------------------
    2    1 2.4258200000000D+04 1.5785200000000D+01
   0.78821   0.93835   0.96122    0.9863    1.0174    1.0516    1.0887    1.1306
    1.1708   0.86682
    3    1 2.4258200000000D+04 9.7599891600000D+12
   0.78821   0.93835   0.96122    0.9863    1.0174    1.0516    1.0887    1.1306
    1.1708   0.86682
    9    0 2.4258200000000D+04 2.8320000000000D+02
   10    0 2.4258200000000D+04 1.5800000000000D+01
*---+----+-------------------+-------------------+---------+---------------------
*   1: printout of the result at time [hours]
*---+----+-------------------+-------------------+---------+---------------------
    1    0 2.4260200000000D+04
*---+----+-------------------+-------------------+---------+---------------------
    2    1 2.4260200000000D+04 5.4623000000000D+00
    0.4542   0.69678   0.84946   0.98145    1.1014    1.2048    1.2815     1.317
    1.2354   0.87802
    3    1 2.4260200000000D+04 3.2342278300000D+12
    0.4542   0.69678   0.84946   0.98145    1.1014    1.2048    1.2815     1.317
    1.2354   0.87802
    9    0 2.4260200000000D+04 2.9170000000000D+02
   10    0 2.4260200000000D+04 1.5800000000000D+01
*---+----+-------------------+-------------------+---------+---------------------
*   1: printout of the result at time [hours]
*---+----+-------------------+-------------------+---------+---------------------
    1    0 2.4403200000000D+04
*---+----+-------------------+-------------------+---------+---------------------
    2    1 2.4403200000000D+04 5.7186000000000D+00
   0.63792   0.89725   0.99675    1.0548    1.0969      1.13    1.1526    1.1526
     1.088    0.7932
    3    1 2.4403200000000D+04 3.3036352200000D+12
   0.63792   0.89725   0.99675    1.0548    1.0969      1.13    1.1526    1.1526
     1.088    0.7932
    9    0 2.4403200000000D+04 2.9170000000000D+02
   10    0 2.4403200000000D+04 1.5800000000000D+01
*---+----+-------------------+-------------------+---------+---------------------
*   1: printout of the result at time [hours]
*---+----+-------------------+-------------------+---------+---------------------
    1    0 2.9659200000000D+04
*---+----+-------------------+-------------------+---------+---------------------
    2    1 2.9659200000000D+04 6.3929000000000D+00
   0.85658    1.0374    1.0484     1.044    1.0402    1.0387    1.0401    1.0426
    1.0258   0.82639
    3    1 2.9659200000000D+04 3.4170050500000D+12
   0.85658    1.0374    1.0484     1.044    1.0402    1.0387    1.0401    1.0426
    1.0258   0.82639
    9    0 2.9659200000000D+04 2.9170000000000D+02
   10    0 2.9659200000000D+04 1.5800000000000D+01
*---+----+-------------------+-------------------+---------+---------------------
*   1: printout of the result at time [hours]
*---+----+-------------------+-------------------+---------+---------------------
    1    0 3.1540800000000D+04
*---+----+-------------------+-------------------+---------+---------------------
    2    1 3.1540800000000D+04 6.8598000000000D+00
   0.85819   0.99784   0.99434   0.99274    1.0002     1.014    1.0353    1.0672
    1.1072   0.93297
    3    1 3.1540800000000D+04 3.5417147400000D+12
   0.85819   0.99784   0.99434   0.99274    1.0002     1.014    1.0353    1.0672
    1.1072   0.93297
    9    0 3.1540800000000D+04 2.9170000000000D+02
   10    0 3.1540800000000D+04 1.5800000000000D+01
*---+----+-------------------+-------------------+---------+---------------------
*   1: printout of the result at time [hours]
*---+----+-------------------+-------------------+---------+---------------------
    1    0 3.2276600000000D+04
*---+----+-------------------+-------------------+---------+---------------------
    2    1 3.2276600000000D+04 6.4550000000000D+00
   0.76824   0.88877   0.90054   0.92688   0.96716    1.0164     1.075    1.1481
    1.2273    1.0816
    3    1 3.2276600000000D+04 3.2481560000000D+12
   0.76824   0.88877   0.90054   0.92688   0.96716    1.0164     1.075    1.1481
    1.2273    1.0816
    9    0 3.2276600000000D+04 2.8110000000000D+02
   10    0 3.2276600000000D+04 1.5800000000000D+01
*---+----+-------------------+-------------------+---------+---------------------
*   1: printout of the result at time [hours]
*---+----+-------------------+-------------------+---------+---------------------
    1    0 3.2278600000000D+04
*---+----+-------------------+-------------------+---------+---------------------
    2    1 3.2278600000000D+04 7.0650000000000D+00
    0.4627   0.69059   0.84331   0.98117    1.1069    1.2129    1.2872    1.3186
    1.2425   0.85421
    3    1 3.2278600000000D+04 4.2743250000000D+12
    0.4627   0.69059   0.84331   0.98117    1.1069    1.2129    1.2872    1.3186
    1.2425   0.85421
    9    0 3.2278600000000D+04 2.9170000000000D+02
   10    0 3.2278600000000D+04 1.5800000000000D+01
*---+----+-------------------+-------------------+---------+---------------------
*   1: printout of the result at time [hours]
*---+----+-------------------+-------------------+---------+---------------------
    1    0 3.2421600000000D+04
*---+----+-------------------+-------------------+---------+---------------------
    2    1 3.2421600000000D+04 7.3229000000000D+00
   0.65302   0.89459   0.99496    1.0581    1.1039    1.1373    1.1601    1.1495
    1.0869   0.76172
    3    1 3.2421600000000D+04 4.3849525200000D+12
   0.65302   0.89459   0.99496    1.0581    1.1039    1.1373    1.1601    1.1495
    1.0869   0.76172
    9    0 3.2421600000000D+04 2.9170000000000D+02
   10    0 3.2421600000000D+04 1.5800000000000D+01
*---+----+-------------------+-------------------+---------+---------------------
*   1: printout of the result at time [hours]
*---+----+-------------------+-------------------+---------+---------------------
    1    0 3.5877600000000D+04
*---+----+-------------------+-------------------+---------+---------------------
    2    1 3.5877600000000D+04 7.7487000000000D+00
    0.8435    1.0304    1.0506    1.0501    1.0482    1.0486    1.0514    1.0607
    1.0357   0.78091
    3    1 3.5877600000000D+04 4.5508115100000D+12
    0.8435    1.0304    1.0506    1.0501    1.0482    1.0486    1.0514    1.0607
    1.0357   0.78091
    9    0 3.5877600000000D+04 2.9170000000000D+02
   10    0 3.5877600000000D+04 1.5800000000000D+01
*---+----+-------------------+-------------------+---------+---------------------
*   1: printout of the result at time [hours]
*---+----+-------------------+-------------------+---------+---------------------
    1    0 3.7677600000000D+04
*---+----+-------------------+-------------------+---------+---------------------
    2    1 3.7677600000000D+04 7.8779000000000D+00
   0.89072    1.0472    1.0513    1.0442    1.0381    1.0344    1.0338    1.0362
    1.0273   0.79679
    3    1 3.7677600000000D+04 4.5880889600000D+12
   0.89072    1.0472    1.0513    1.0442    1.0381    1.0344    1.0338    1.0362
    1.0273   0.79679
    9    0 3.7677600000000D+04 2.9170000000000D+02
   10    0 3.7677600000000D+04 1.5800000000000D+01
*---+----+-------------------+-------------------+---------+---------------------
*   1: printout of the result at time [hours]
*---+----+-------------------+-------------------+---------+---------------------
    1    0 3.9432000000000D+04
*---+----+-------------------+-------------------+---------+---------------------
    2    1 3.9432000000000D+04 8.2982000000000D+00
   0.88031   0.99781   0.99082   0.99009   0.99925    1.0149    1.0372      1.07
    1.1116   0.90803
    3    1 3.9432000000000D+04 4.7706351800000D+12
   0.88031   0.99781   0.99082   0.99009   0.99925    1.0149    1.0372      1.07
    1.1116   0.90803
    9    0 3.9432000000000D+04 2.9170000000000D+02
   10    0 3.9432000000000D+04 1.5800000000000D+01
*---+----+-------------------+-------------------+---------+---------------------
*   1: printout of the result at time [hours]
*---+----+-------------------+-------------------+---------+---------------------
    1    0 4.0375200000000D+04
*---+----+-------------------+-------------------+---------+---------------------
    2    1 4.0375200000000D+04 7.2618000000000D+00
   0.76014    0.8586   0.87168   0.90515   0.95458    1.0145    1.0851     1.173
    1.2798    1.0974
    3    1 4.0375200000000D+04 4.0680603600000D+12
   0.76014    0.8586   0.87168   0.90515   0.95458    1.0145    1.0851     1.173
    1.2798    1.0974
    9    0 4.0375200000000D+04 2.8120000000000D+02
   10    0 4.0375200000000D+04 1.5800000000000D+01
* data point #3910 end
*  00:  last line of data set (finishing the program)
*---+----+-------------------+-------------------+---------+---------------------
00000    0 4.0375200000000D+04
*---+----+-------------------+-------------------+---------+---------------------
