* data point #337 begin
*
*---+----+-------------------+-------------------+---------+---------------------
*   1: printout of the result at time [hours]
*---+----+-------------------+-------------------+---------+---------------------
    1    0 0.0000000000000D+00
*---+----+-------------------+-------------------+---------+---------------------
    2    1 0.0000000000000D+00 2.4649900000000D+01
    0.5159   0.72556   0.86228   0.98499    1.0984    1.1956    1.2666    1.3011
     1.226   0.82361
    3    1 0.0000000000000D+00 1.1610102900000D+13
    0.5159   0.72556   0.86228   0.98499    1.0984    1.1956    1.2666    1.3011
     1.226   0.82361
    9    0 0.0000000000000D+00 2.9170000000000D+02
   10    0 0.0000000000000D+00 1.5800000000000D+01
*---+----+-------------------+-------------------+---------+---------------------
*   1: printout of the result at time [hours]
*---+----+-------------------+-------------------+---------+---------------------
    1    0 1.4400000000000D+02
*---+----+-------------------+-------------------+---------+---------------------
    2    1 1.4400000000000D+02 2.4330700000000D+01
   0.72768   0.94202    1.0191    1.0629    1.0945    1.1176    1.1343    1.1242
    1.0573   0.72028
    3    1 1.4400000000000D+02 1.1486523470000D+13
   0.72768   0.94202    1.0191    1.0629    1.0945    1.1176    1.1343    1.1242
    1.0573   0.72028
    9    0 1.4400000000000D+02 2.9170000000000D+02
   10    0 1.4400000000000D+02 1.5800000000000D+01
*---+----+-------------------+-------------------+---------+---------------------
*   1: printout of the result at time [hours]
*---+----+-------------------+-------------------+---------+---------------------
    1    0 5.4000000000000D+03
*---+----+-------------------+-------------------+---------+---------------------
    2    1 5.4000000000000D+03 2.5160800000000D+01
   0.88837    1.1534    1.1566    1.1239    1.0892    1.0565    1.0257   0.99174
   0.91595   0.59859
    3    1 5.4000000000000D+03 1.2331308080000D+13
   0.88837    1.1534    1.1566    1.1239    1.0892    1.0565    1.0257   0.99174
   0.91595   0.59859
    9    0 5.4000000000000D+03 2.9170000000000D+02
   10    0 5.4000000000000D+03 1.5800000000000D+01
*---+----+-------------------+-------------------+---------+---------------------
*   1: printout of the result at time [hours]
*---+----+-------------------+-------------------+---------+---------------------
    1    0 7.2816000000000D+03
*---+----+-------------------+-------------------+---------+---------------------
    2    1 7.2816000000000D+03 2.4843300000000D+01
   0.87645    1.1085    1.0889    1.0656    1.0505    1.0408    1.0363    1.0371
     1.014   0.68191
    3    1 7.2816000000000D+03 1.2292464840000D+13
   0.87645    1.1085    1.0889    1.0656    1.0505    1.0408    1.0363    1.0371
     1.014   0.68191
    9    0 7.2816000000000D+03 2.9170000000000D+02
   10    0 7.2816000000000D+03 1.5800000000000D+01
*---+----+-------------------+-------------------+---------+---------------------
*   1: printout of the result at time [hours]
*---+----+-------------------+-------------------+---------+---------------------
    1    0 8.0174000000000D+03
*---+----+-------------------+-------------------+---------+---------------------
    2    1 8.0174000000000D+03 2.3298700000000D+01
   0.77167    0.9707   0.97847   0.99276    1.0192     1.052    1.0908     1.138
    1.1686   0.81781
    3    1 8.0174000000000D+03 1.1218324050000D+13
   0.77167    0.9707   0.97847   0.99276    1.0192     1.052    1.0908     1.138
    1.1686   0.81781
    9    0 8.0174000000000D+03 2.8110000000000D+02
   10    0 8.0174000000000D+03 1.5800000000000D+01
*---+----+-------------------+-------------------+---------+---------------------
*   1: printout of the result at time [hours]
*---+----+-------------------+-------------------+---------+---------------------
    1    0 8.0194000000000D+03
*---+----+-------------------+-------------------+---------+---------------------
    2    1 8.0194000000000D+03 2.2863800000000D+01
   0.44612   0.70675   0.85441   0.98991     1.115    1.2203    1.2941    1.3256
    1.2354   0.81242
    3    1 8.0194000000000D+03 1.2323588200000D+13
   0.44612   0.70675   0.85441   0.98991     1.115    1.2203    1.2941    1.3256
    1.2354   0.81242
    9    0 8.0194000000000D+03 2.9170000000000D+02
   10    0 8.0194000000000D+03 1.5800000000000D+01
*---+----+-------------------+-------------------+---------+---------------------
*   1: printout of the result at time [hours]
*---+----+-------------------+-------------------+---------+---------------------
    1    0 8.1624000000000D+03
*---+----+-------------------+-------------------+---------+---------------------
    2    1 8.1624000000000D+03 2.2901500000000D+01
   0.63577   0.92714    1.0191    1.0753     1.116    1.1437    1.1605    1.1466
    1.0657   0.71004
    3    1 8.1624000000000D+03 1.2362229700000D+13
   0.63577   0.92714    1.0191    1.0753     1.116    1.1437    1.1605    1.1466
    1.0657   0.71004
    9    0 8.1624000000000D+03 2.9170000000000D+02
   10    0 8.1624000000000D+03 1.5800000000000D+01
*---+----+-------------------+-------------------+---------+---------------------
*   1: printout of the result at time [hours]
*---+----+-------------------+-------------------+---------+---------------------
    1    0 1.1618400000000D+04
*---+----+-------------------+-------------------+---------+---------------------
    2    1 1.1618400000000D+04 2.1467200000000D+01
   0.84436    1.0786    1.0837    1.0711    1.0595    1.0507    1.0449    1.0397
    1.0023   0.72515
    3    1 1.1618400000000D+04 1.1695330560000D+13
   0.84436    1.0786    1.0837    1.0711    1.0595    1.0507    1.0449    1.0397
    1.0023   0.72515
    9    0 1.1618400000000D+04 2.9170000000000D+02
   10    0 1.1618400000000D+04 1.5800000000000D+01
*---+----+-------------------+-------------------+---------+---------------------
*   1: printout of the result at time [hours]
*---+----+-------------------+-------------------+---------+---------------------
    1    0 1.3778400000000D+04
*---+----+-------------------+-------------------+---------+---------------------
    2    1 1.3778400000000D+04 2.0523400000000D+01
   0.89931    1.0939    1.0783    1.0604    1.0461    1.0343    1.0254    1.0199
   0.99418   0.74812
    3    1 1.3778400000000D+04 1.1236561500000D+13
   0.89931    1.0939    1.0783    1.0604    1.0461    1.0343    1.0254    1.0199
   0.99418   0.74812
    9    0 1.3778400000000D+04 2.9170000000000D+02
   10    0 1.3778400000000D+04 1.5800000000000D+01
*---+----+-------------------+-------------------+---------+---------------------
*   1: printout of the result at time [hours]
*---+----+-------------------+-------------------+---------+---------------------
    1    0 1.5081600000000D+04
*---+----+-------------------+-------------------+---------+---------------------
    2    1 1.5081600000000D+04 2.0336100000000D+01
   0.89417    1.0506    1.0326    1.0213    1.0188    1.0208    1.0273    1.0428
    1.0601   0.83143
    3    1 1.5081600000000D+04 1.1154350850000D+13
   0.89417    1.0506    1.0326    1.0213    1.0188    1.0208    1.0273    1.0428
    1.0601   0.83143
    9    0 1.5081600000000D+04 2.9170000000000D+02
   10    0 1.5081600000000D+04 1.5800000000000D+01
*---+----+-------------------+-------------------+---------+---------------------
*   1: printout of the result at time [hours]
*---+----+-------------------+-------------------+---------+---------------------
    1    0 1.5503000000000D+04
*---+----+-------------------+-------------------+---------+---------------------
    2    1 1.5503000000000D+04 1.9132700000000D+01
   0.80538   0.94832   0.95015   0.96704   0.99583      1.03     1.069    1.1177
    1.1743   0.94231
    3    1 1.5503000000000D+04 1.0325918190000D+13
   0.80538   0.94832   0.95015   0.96704   0.99583      1.03     1.069    1.1177
    1.1743   0.94231
    9    0 1.5503000000000D+04 2.8640000000000D+02
   10    0 1.5503000000000D+04 1.5800000000000D+01
*---+----+-------------------+-------------------+---------+---------------------
*   1: printout of the result at time [hours]
*---+----+-------------------+-------------------+---------+---------------------
    1    0 1.5505000000000D+04
*---+----+-------------------+-------------------+---------+---------------------
    2    1 1.5505000000000D+04 1.6117400000000D+01
   0.50753   0.72847   0.86404   0.99154    1.1074    1.2025    1.2661    1.2913
    1.2215   0.81967
    3    1 1.5505000000000D+04 9.4254555200000D+12
   0.50753   0.72847   0.86404   0.99154    1.1074    1.2025    1.2661    1.2913
    1.2215   0.81967
    9    0 1.5505000000000D+04 2.9170000000000D+02
   10    0 1.5505000000000D+04 1.5800000000000D+01
*---+----+-------------------+-------------------+---------+---------------------
*   1: printout of the result at time [hours]
*---+----+-------------------+-------------------+---------+---------------------
    1    0 1.5648000000000D+04
*---+----+-------------------+-------------------+---------+---------------------
    2    1 1.5648000000000D+04 1.6243800000000D+01
   0.70291   0.93309    1.0105    1.0624    1.1002    1.1258    1.1412    1.1282
    1.0687   0.72699
    3    1 1.5648000000000D+04 9.4668866400000D+12
   0.70291   0.93309    1.0105    1.0624    1.1002    1.1258    1.1412    1.1282
    1.0687   0.72699
    9    0 1.5648000000000D+04 2.9170000000000D+02
   10    0 1.5648000000000D+04 1.5800000000000D+01
*---+----+-------------------+-------------------+---------+---------------------
*   1: printout of the result at time [hours]
*---+----+-------------------+-------------------+---------+---------------------
    1    0 1.9104000000000D+04
*---+----+-------------------+-------------------+---------+---------------------
    2    1 1.9104000000000D+04 1.6433200000000D+01
   0.87481    1.0736    1.0904     1.074     1.062    1.0513    1.0423    1.0316
   0.99305   0.70698
    3    1 1.9104000000000D+04 9.5920588400000D+12
   0.87481    1.0736    1.0904     1.074     1.062    1.0513    1.0423    1.0316
   0.99305   0.70698
    9    0 1.9104000000000D+04 2.9170000000000D+02
   10    0 1.9104000000000D+04 1.5800000000000D+01
*---+----+-------------------+-------------------+---------+---------------------
*   1: printout of the result at time [hours]
*---+----+-------------------+-------------------+---------+---------------------
    1    0 2.0904000000000D+04
*---+----+-------------------+-------------------+---------+---------------------
    2    1 2.0904000000000D+04 1.6409700000000D+01
   0.90702    1.1022    1.1037    1.0844    1.0636    1.0441    1.0266    1.0085
   0.96595   0.69392
    3    1 2.0904000000000D+04 9.6013154700000D+12
   0.90702    1.1022    1.1037    1.0844    1.0636    1.0441    1.0266    1.0085
   0.96595   0.69392
    9    0 2.0904000000000D+04 2.9170000000000D+02
   10    0 2.0904000000000D+04 1.5800000000000D+01
*---+----+-------------------+-------------------+---------+---------------------
*   1: printout of the result at time [hours]
*---+----+-------------------+-------------------+---------+---------------------
    1    0 2.2658400000000D+04
*---+----+-------------------+-------------------+---------+---------------------
    2    1 2.2658400000000D+04 1.6475300000000D+01
   0.87907    1.0267    1.0176    1.0142    1.0209    1.0329     1.049    1.0698
    1.0808   0.80909
    3    1 2.2658400000000D+04 9.6281653200000D+12
   0.87907    1.0267    1.0176    1.0142    1.0209    1.0329     1.049    1.0698
    1.0808   0.80909
    9    0 2.2658400000000D+04 2.9170000000000D+02
   10    0 2.2658400000000D+04 1.5800000000000D+01
*---+----+-------------------+-------------------+---------+---------------------
*   1: printout of the result at time [hours]
*---+----+-------------------+-------------------+---------+---------------------
    1    0 2.3601600000000D+04
*---+----+-------------------+-------------------+---------+---------------------
    2    1 2.3601600000000D+04 1.4193600000000D+01
   0.74428   0.86631   0.88244   0.91908   0.97206    1.0347    1.1067    1.1917
    1.2724    1.0104
    3    1 2.3601600000000D+04 8.0491905600000D+12
   0.74428   0.86631   0.88244   0.91908   0.97206    1.0347    1.1067    1.1917
    1.2724    1.0104
    9    0 2.3601600000000D+04 2.8120000000000D+02
   10    0 2.3601600000000D+04 1.5800000000000D+01
* data point #337 end
*  00:  last line of data set (finishing the program)
*---+----+-------------------+-------------------+---------+---------------------
00000    0 2.3601600000000D+04
*---+----+-------------------+-------------------+---------+---------------------
