* data point #3047 begin
*
*---+----+-------------------+-------------------+---------+---------------------
*   1: printout of the result at time [hours]
*---+----+-------------------+-------------------+---------+---------------------
    1    0 0.0000000000000D+00
*---+----+-------------------+-------------------+---------+---------------------
    2    1 0.0000000000000D+00 2.4867100000000D+01
   0.64358   0.98998    1.0896    1.1405      1.17    1.1762    1.1573    1.1076
   0.97957   0.54566
    3    1 0.0000000000000D+00 1.0792321400000D+13
   0.64358   0.98998    1.0896    1.1405      1.17    1.1762    1.1573    1.1076
   0.97957   0.54566
    9    0 0.0000000000000D+00 2.9170000000000D+02
   10    0 0.0000000000000D+00 1.5800000000000D+01
*---+----+-------------------+-------------------+---------+---------------------
*   1: printout of the result at time [hours]
*---+----+-------------------+-------------------+---------+---------------------
    1    0 1.4400000000000D+02
*---+----+-------------------+-------------------+---------+---------------------
    2    1 1.4400000000000D+02 2.5118700000000D+01
   0.77743    1.1189    1.1664    1.1531    1.1349    1.1083    1.0733    1.0244
   0.91641   0.52674
    3    1 1.4400000000000D+02 1.0984407510000D+13
   0.77743    1.1189    1.1664    1.1531    1.1349    1.1083    1.0733    1.0244
   0.91641   0.52674
    9    0 1.4400000000000D+02 2.9170000000000D+02
   10    0 1.4400000000000D+02 1.5800000000000D+01
*---+----+-------------------+-------------------+---------+---------------------
*   1: printout of the result at time [hours]
*---+----+-------------------+-------------------+---------+---------------------
    1    0 1.4400000000000D+03
*---+----+-------------------+-------------------+---------+---------------------
    2    1 1.4400000000000D+03 2.4722200000000D+01
   0.82699    1.1268    1.1368    1.1176    1.0987    1.0798    1.0591    1.0313
   0.95105   0.57192
    3    1 1.4400000000000D+03 1.0974184580000D+13
   0.82699    1.1268    1.1368    1.1176    1.0987    1.0798    1.0591    1.0313
   0.95105   0.57192
    9    0 1.4400000000000D+03 2.9170000000000D+02
   10    0 1.4400000000000D+03 1.5800000000000D+01
*---+----+-------------------+-------------------+---------+---------------------
*   1: printout of the result at time [hours]
*---+----+-------------------+-------------------+---------+---------------------
    1    0 3.0456000000000D+03
*---+----+-------------------+-------------------+---------+---------------------
    2    1 3.0456000000000D+03 2.4310500000000D+01
   0.85724     1.104    1.0872    1.0633    1.0475    1.0378    1.0356    1.0438
     1.037   0.68649
    3    1 3.0456000000000D+03 1.0927569750000D+13
   0.85724     1.104    1.0872    1.0633    1.0475    1.0378    1.0356    1.0438
     1.037   0.68649
    9    0 3.0456000000000D+03 2.9170000000000D+02
   10    0 3.0456000000000D+03 1.5800000000000D+01
*---+----+-------------------+-------------------+---------+---------------------
*   1: printout of the result at time [hours]
*---+----+-------------------+-------------------+---------+---------------------
    1    0 4.9008000000000D+03
*---+----+-------------------+-------------------+---------+---------------------
    2    1 4.9008000000000D+03 1.8484300000000D+01
   0.69756   0.87977   0.89876    0.9322   0.98164    1.0409    1.1118    1.2026
    1.3068   0.94789
    3    1 4.9008000000000D+03 7.9815207400000D+12
   0.69756   0.87977   0.89876    0.9322   0.98164    1.0409    1.1118    1.2026
    1.3068   0.94789
    9    0 4.9008000000000D+03 2.7330000000000D+02
   10    0 4.9008000000000D+03 1.5800000000000D+01
*---+----+-------------------+-------------------+---------+---------------------
*   1: printout of the result at time [hours]
*---+----+-------------------+-------------------+---------+---------------------
    1    0 4.9046000000000D+03
*---+----+-------------------+-------------------+---------+---------------------
    2    1 4.9046000000000D+03 1.1152500000000D+01
   0.54472   0.71374     0.767   0.84098   0.93728    1.0508    1.1829    1.3401
    1.5106    1.1119
    3    1 4.9046000000000D+03 4.8078427500000D+12
   0.54472   0.71374     0.767   0.84098   0.93728    1.0508    1.1829    1.3401
    1.5106    1.1119
    9    0 4.9046000000000D+03 2.8340000000000D+02
   10    0 4.9046000000000D+03 1.5800000000000D+01
*---+----+-------------------+-------------------+---------+---------------------
*   1: printout of the result at time [hours]
*---+----+-------------------+-------------------+---------+---------------------
    1    0 4.9066000000000D+03
*---+----+-------------------+-------------------+---------+---------------------
    2    1 4.9066000000000D+03 2.6834700000000D+01
   0.72537    1.1003    1.1914    1.2131    1.1911     1.148    1.0855    1.0018
   0.86187   0.48158
    3    1 4.9066000000000D+03 1.3052398080000D+13
   0.72537    1.1003    1.1914    1.2131    1.1911     1.148    1.0855    1.0018
   0.86187   0.48158
    9    0 4.9066000000000D+03 2.9170000000000D+02
   10    0 4.9066000000000D+03 1.5800000000000D+01
*---+----+-------------------+-------------------+---------+---------------------
*   1: printout of the result at time [hours]
*---+----+-------------------+-------------------+---------+---------------------
    1    0 5.0496000000000D+03
*---+----+-------------------+-------------------+---------+---------------------
    2    1 5.0496000000000D+03 2.6142400000000D+01
   0.81546    1.1692    1.2185    1.1913    1.1502    1.0989    1.0406   0.97099
   0.85256   0.49238
    3    1 5.0496000000000D+03 1.2726120320000D+13
   0.81546    1.1692    1.2185    1.1913    1.1502    1.0989    1.0406   0.97099
   0.85256   0.49238
    9    0 5.0496000000000D+03 2.9170000000000D+02
   10    0 5.0496000000000D+03 1.5800000000000D+01
*---+----+-------------------+-------------------+---------+---------------------
*   1: printout of the result at time [hours]
*---+----+-------------------+-------------------+---------+---------------------
    1    0 6.4656000000000D+03
*---+----+-------------------+-------------------+---------+---------------------
    2    1 6.4656000000000D+03 2.5661300000000D+01
   0.82564    1.1294    1.1568    1.1321    1.1071    1.0799    1.0507    1.0151
   0.93499   0.56833
    3    1 6.4656000000000D+03 1.2661285420000D+13
   0.82564    1.1294    1.1568    1.1321    1.1071    1.0799    1.0507    1.0151
   0.93499   0.56833
    9    0 6.4656000000000D+03 2.9170000000000D+02
   10    0 6.4656000000000D+03 1.5800000000000D+01
*---+----+-------------------+-------------------+---------+---------------------
*   1: printout of the result at time [hours]
*---+----+-------------------+-------------------+---------+---------------------
    1    0 7.2912000000000D+03
*---+----+-------------------+-------------------+---------+---------------------
    2    1 7.2912000000000D+03 2.5267600000000D+01
   0.84274    1.1233     1.132    1.1103     1.087    1.0647    1.0441    1.0223
   0.96539   0.60821
    3    1 7.2912000000000D+03 1.2522622560000D+13
   0.84274    1.1233     1.132    1.1103     1.087    1.0647    1.0441    1.0223
   0.96539   0.60821
    9    0 7.2912000000000D+03 2.9170000000000D+02
   10    0 7.2912000000000D+03 1.5800000000000D+01
*---+----+-------------------+-------------------+---------+---------------------
*   1: printout of the result at time [hours]
*---+----+-------------------+-------------------+---------+---------------------
    1    0 7.9286000000000D+03
*---+----+-------------------+-------------------+---------+---------------------
    2    1 7.9286000000000D+03 2.4447600000000D+01
   0.75782    1.0098    1.0372    1.0489    1.0635    1.0794    1.0959    1.1163
    1.0851   0.70612
    3    1 7.9286000000000D+03 1.1888867880000D+13
   0.75782    1.0098    1.0372    1.0489    1.0635    1.0794    1.0959    1.1163
    1.0851   0.70612
    9    0 7.9286000000000D+03 2.8320000000000D+02
   10    0 7.9286000000000D+03 1.5800000000000D+01
*---+----+-------------------+-------------------+---------+---------------------
*   1: printout of the result at time [hours]
*---+----+-------------------+-------------------+---------+---------------------
    1    0 7.9306000000000D+03
*---+----+-------------------+-------------------+---------+---------------------
    2    1 7.9306000000000D+03 2.2275500000000D+01
   0.44318   0.66764   0.79464   0.92483    1.0571    1.1826    1.2909    1.3671
    1.3621   0.90979
    3    1 7.9306000000000D+03 1.1645631400000D+13
   0.44318   0.66764   0.79464   0.92483    1.0571    1.1826    1.2909    1.3671
    1.3621   0.90979
    9    0 7.9306000000000D+03 2.9170000000000D+02
   10    0 7.9306000000000D+03 1.5800000000000D+01
*---+----+-------------------+-------------------+---------+---------------------
*   1: printout of the result at time [hours]
*---+----+-------------------+-------------------+---------+---------------------
    1    0 8.0736000000000D+03
*---+----+-------------------+-------------------+---------+---------------------
    2    1 8.0736000000000D+03 2.2334100000000D+01
   0.63911   0.88837   0.96247    1.0199    1.0724      1.12    1.1608    1.1882
    1.1653   0.78351
    3    1 8.0736000000000D+03 1.1678500890000D+13
   0.63911   0.88837   0.96247    1.0199    1.0724      1.12    1.1608    1.1882
    1.1653   0.78351
    9    0 8.0736000000000D+03 2.9170000000000D+02
   10    0 8.0736000000000D+03 1.5800000000000D+01
*---+----+-------------------+-------------------+---------+---------------------
*   1: printout of the result at time [hours]
*---+----+-------------------+-------------------+---------+---------------------
    1    0 1.3329600000000D+04
*---+----+-------------------+-------------------+---------+---------------------
    2    1 1.3329600000000D+04 2.1906800000000D+01
   0.88539    1.1076    1.1095    1.0899    1.0691    1.0498    1.0323    1.0138
   0.96851   0.67399
    3    1 1.3329600000000D+04 1.1757379560000D+13
   0.88539    1.1076    1.1095    1.0899    1.0691    1.0498    1.0323    1.0138
   0.96851   0.67399
    9    0 1.3329600000000D+04 2.9170000000000D+02
   10    0 1.3329600000000D+04 1.5800000000000D+01
*---+----+-------------------+-------------------+---------+---------------------
*   1: printout of the result at time [hours]
*---+----+-------------------+-------------------+---------+---------------------
    1    0 1.5211200000000D+04
*---+----+-------------------+-------------------+---------+---------------------
    2    1 1.5211200000000D+04 2.1520900000000D+01
   0.88723    1.0706    1.0555     1.041    1.0337    1.0317    1.0351    1.0447
     1.041   0.75945
    3    1 1.5211200000000D+04 1.1591156740000D+13
   0.88723    1.0706    1.0555     1.041    1.0337    1.0317    1.0351    1.0447
     1.041   0.75945
    9    0 1.5211200000000D+04 2.9170000000000D+02
   10    0 1.5211200000000D+04 1.5800000000000D+01
*---+----+-------------------+-------------------+---------+---------------------
*   1: printout of the result at time [hours]
*---+----+-------------------+-------------------+---------+---------------------
    1    0 1.5947000000000D+04
*---+----+-------------------+-------------------+---------+---------------------
    2    1 1.5947000000000D+04 2.0012100000000D+01
   0.78118   0.93793   0.94788   0.96801    1.0001    1.0392     1.085    1.1404
    1.1971   0.90325
    3    1 1.5947000000000D+04 1.0474333140000D+13
   0.78118   0.93793   0.94788   0.96801    1.0001    1.0392     1.085    1.1404
    1.1971   0.90325
    9    0 1.5947000000000D+04 2.8110000000000D+02
   10    0 1.5947000000000D+04 1.5800000000000D+01
*---+----+-------------------+-------------------+---------+---------------------
*   1: printout of the result at time [hours]
*---+----+-------------------+-------------------+---------+---------------------
    1    0 1.5949000000000D+04
*---+----+-------------------+-------------------+---------+---------------------
    2    1 1.5949000000000D+04 1.7516900000000D+01
   0.46252   0.62819   0.74071   0.87241    1.0111    1.1432     1.257    1.3438
    1.4032    1.1379
    3    1 1.5949000000000D+04 1.0070465810000D+13
   0.46252   0.62819   0.74071   0.87241    1.0111    1.1432     1.257    1.3438
    1.4032    1.1379
    9    0 1.5949000000000D+04 2.9170000000000D+02
   10    0 1.5949000000000D+04 1.5800000000000D+01
*---+----+-------------------+-------------------+---------+---------------------
*   1: printout of the result at time [hours]
*---+----+-------------------+-------------------+---------+---------------------
    1    0 1.6092000000000D+04
*---+----+-------------------+-------------------+---------+---------------------
    2    1 1.6092000000000D+04 1.7808400000000D+01
    0.6758   0.85325   0.91575    0.9783    1.0382    1.0909     1.134    1.1664
    1.1828   0.96477
    3    1 1.6092000000000D+04 1.0241610840000D+13
    0.6758   0.85325   0.91575    0.9783    1.0382    1.0909     1.134    1.1664
    1.1828   0.96477
    9    0 1.6092000000000D+04 2.9170000000000D+02
   10    0 1.6092000000000D+04 1.5800000000000D+01
*---+----+-------------------+-------------------+---------+---------------------
*   1: printout of the result at time [hours]
*---+----+-------------------+-------------------+---------+---------------------
    1    0 1.9548000000000D+04
*---+----+-------------------+-------------------+---------+---------------------
    2    1 1.9548000000000D+04 1.8333600000000D+01
   0.88117    1.0409    1.0438    1.0398    1.0361    1.0334    1.0321    1.0319
    1.0213   0.83944
    3    1 1.9548000000000D+04 1.0629821280000D+13
   0.88117    1.0409    1.0438    1.0398    1.0361    1.0334    1.0321    1.0319
    1.0213   0.83944
    9    0 1.9548000000000D+04 2.9170000000000D+02
   10    0 1.9548000000000D+04 1.5800000000000D+01
*---+----+-------------------+-------------------+---------+---------------------
*   1: printout of the result at time [hours]
*---+----+-------------------+-------------------+---------+---------------------
    1    0 2.1348000000000D+04
*---+----+-------------------+-------------------+---------+---------------------
    2    1 2.1348000000000D+04 1.8408200000000D+01
   0.91687    1.0785    1.0712    1.0566    1.0416    1.0277    1.0156    1.0046
   0.98212   0.80518
    3    1 2.1348000000000D+04 1.0728298960000D+13
   0.91687    1.0785    1.0712    1.0566    1.0416    1.0277    1.0156    1.0046
   0.98212   0.80518
    9    0 2.1348000000000D+04 2.9170000000000D+02
   10    0 2.1348000000000D+04 1.5800000000000D+01
*---+----+-------------------+-------------------+---------+---------------------
*   1: printout of the result at time [hours]
*---+----+-------------------+-------------------+---------+---------------------
    1    0 2.3102400000000D+04
*---+----+-------------------+-------------------+---------+---------------------
    2    1 2.3102400000000D+04 1.8256200000000D+01
   0.90358    1.0281    1.0159    1.0082    1.0076    1.0121     1.022    1.0394
    1.0677   0.89548
    3    1 2.3102400000000D+04 1.0643364600000D+13
   0.90358    1.0281    1.0159    1.0082    1.0076    1.0121     1.022    1.0394
    1.0677   0.89548
    9    0 2.3102400000000D+04 2.9170000000000D+02
   10    0 2.3102400000000D+04 1.5800000000000D+01
*---+----+-------------------+-------------------+---------+---------------------
*   1: printout of the result at time [hours]
*---+----+-------------------+-------------------+---------+---------------------
    1    0 2.4045600000000D+04
*---+----+-------------------+-------------------+---------+---------------------
    2    1 2.4045600000000D+04 1.5524600000000D+01
   0.76543   0.86959   0.88286   0.91481   0.96035    1.0146    1.0782    1.1558
    1.2427    1.1155
    3    1 2.4045600000000D+04 8.7636367000000D+12
   0.76543   0.86959   0.88286   0.91481   0.96035    1.0146    1.0782    1.1558
    1.2427    1.1155
    9    0 2.4045600000000D+04 2.8120000000000D+02
   10    0 2.4045600000000D+04 1.5800000000000D+01
* data point #3047 end
*  00:  last line of data set (finishing the program)
*---+----+-------------------+-------------------+---------+---------------------
00000    0 2.4045600000000D+04
*---+----+-------------------+-------------------+---------+---------------------
