* data point #3783 begin
*
*---+----+-------------------+-------------------+---------+---------------------
*   1: printout of the result at time [hours]
*---+----+-------------------+-------------------+---------+---------------------
    1    0 0.0000000000000D+00
*---+----+-------------------+-------------------+---------+---------------------
    2    1 0.0000000000000D+00 2.5827000000000D+01
   0.44221   0.75456   0.91548    1.0458    1.1572    1.2423    1.2901    1.2824
    1.1635   0.70639
    3    1 0.0000000000000D+00 1.0749197400000D+13
   0.44221   0.75456   0.91548    1.0458    1.1572    1.2423    1.2901    1.2824
    1.1635   0.70639
    9    0 0.0000000000000D+00 2.9170000000000D+02
   10    0 0.0000000000000D+00 1.5800000000000D+01
*---+----+-------------------+-------------------+---------+---------------------
*   1: printout of the result at time [hours]
*---+----+-------------------+-------------------+---------+---------------------
    1    0 1.4400000000000D+02
*---+----+-------------------+-------------------+---------+---------------------
    2    1 1.4400000000000D+02 2.5722900000000D+01
     0.624   0.97318     1.073    1.1189    1.1445    1.1566    1.1498    1.1176
    1.0127   0.62971
    3    1 1.4400000000000D+02 1.0765033650000D+13
     0.624   0.97318     1.073    1.1189    1.1445    1.1566    1.1498    1.1176
    1.0127   0.62971
    9    0 1.4400000000000D+02 2.9170000000000D+02
   10    0 1.4400000000000D+02 1.5800000000000D+01
*---+----+-------------------+-------------------+---------+---------------------
*   1: printout of the result at time [hours]
*---+----+-------------------+-------------------+---------+---------------------
    1    0 3.6000000000000D+03
*---+----+-------------------+-------------------+---------+---------------------
    2    1 3.6000000000000D+03 2.4011800000000D+01
   0.81681    1.1127    1.1237    1.1028    1.0809    1.0615    1.0446     1.026
    0.9704   0.66059
    3    1 3.6000000000000D+03 1.0435528280000D+13
   0.81681    1.1127    1.1237    1.1028    1.0809    1.0615    1.0446     1.026
    0.9704   0.66059
    9    0 3.6000000000000D+03 2.9170000000000D+02
   10    0 3.6000000000000D+03 1.5800000000000D+01
*---+----+-------------------+-------------------+---------+---------------------
*   1: printout of the result at time [hours]
*---+----+-------------------+-------------------+---------+---------------------
    1    0 5.4000000000000D+03
*---+----+-------------------+-------------------+---------+---------------------
    2    1 5.4000000000000D+03 2.3061900000000D+01
   0.86394    1.1276    1.1193    1.0931    1.0683    1.0462    1.0272    1.0093
   0.96449   0.68052
    3    1 5.4000000000000D+03 1.0179522660000D+13
   0.86394    1.1276    1.1193    1.0931    1.0683    1.0462    1.0272    1.0093
   0.96449   0.68052
    9    0 5.4000000000000D+03 2.9170000000000D+02
   10    0 5.4000000000000D+03 1.5800000000000D+01
*---+----+-------------------+-------------------+---------+---------------------
*   1: printout of the result at time [hours]
*---+----+-------------------+-------------------+---------+---------------------
    1    0 7.1544000000000D+03
*---+----+-------------------+-------------------+---------+---------------------
    2    1 7.1544000000000D+03 2.2850000000000D+01
   0.85746    1.0706    1.0525    1.0366    1.0307    1.0309    1.0366    1.0495
    1.0512   0.78398
    3    1 7.1544000000000D+03 1.0229945000000D+13
   0.85746    1.0706    1.0525    1.0366    1.0307    1.0309    1.0366    1.0495
    1.0512   0.78398
    9    0 7.1544000000000D+03 2.9170000000000D+02
   10    0 7.1544000000000D+03 1.5800000000000D+01
*---+----+-------------------+-------------------+---------+---------------------
*   1: printout of the result at time [hours]
*---+----+-------------------+-------------------+---------+---------------------
    1    0 8.0976000000000D+03
*---+----+-------------------+-------------------+---------+---------------------
    2    1 8.0976000000000D+03 1.9958200000000D+01
   0.73504   0.91241   0.92348   0.94828   0.98817    1.0368    1.0937    1.1629
    1.2356   0.96361
    3    1 8.0976000000000D+03 8.7177417600000D+12
   0.73504   0.91241   0.92348   0.94828   0.98817    1.0368    1.0937    1.1629
    1.2356   0.96361
    9    0 8.0976000000000D+03 2.8120000000000D+02
   10    0 8.0976000000000D+03 1.5800000000000D+01
* data point #3783 end
*  00:  last line of data set (finishing the program)
*---+----+-------------------+-------------------+---------+---------------------
00000    0 8.0976000000000D+03
*---+----+-------------------+-------------------+---------+---------------------
