* data point #3173 begin
*
*---+----+-------------------+-------------------+---------+---------------------
*   1: printout of the result at time [hours]
*---+----+-------------------+-------------------+---------+---------------------
    1    0 0.0000000000000D+00
*---+----+-------------------+-------------------+---------+---------------------
    2    1 0.0000000000000D+00 1.4981900000000D+01
   0.63263     0.998     1.103    1.1527    1.1792    1.1822    1.1602    1.1059
   0.96617   0.51996
    3    1 0.0000000000000D+00 6.5216210700000D+12
   0.63263     0.998     1.103    1.1527    1.1792    1.1822    1.1602    1.1059
   0.96617   0.51996
    9    0 0.0000000000000D+00 2.9170000000000D+02
   10    0 0.0000000000000D+00 1.5800000000000D+01
*---+----+-------------------+-------------------+---------+---------------------
*   1: printout of the result at time [hours]
*---+----+-------------------+-------------------+---------+---------------------
    1    0 1.4400000000000D+02
*---+----+-------------------+-------------------+---------+---------------------
    2    1 1.4400000000000D+02 1.5495500000000D+01
    0.7628    1.1234    1.1765    1.1625    1.1424     1.114    1.0773    1.0255
   0.90865   0.50699
    3    1 1.4400000000000D+02 6.7405425000000D+12
    0.7628    1.1234    1.1765    1.1625    1.1424     1.114    1.0773    1.0255
   0.90865   0.50699
    9    0 1.4400000000000D+02 2.9170000000000D+02
   10    0 1.4400000000000D+02 1.5800000000000D+01
*---+----+-------------------+-------------------+---------+---------------------
*   1: printout of the result at time [hours]
*---+----+-------------------+-------------------+---------+---------------------
    1    0 1.4400000000000D+03
*---+----+-------------------+-------------------+---------+---------------------
    2    1 1.4400000000000D+03 1.5873500000000D+01
    0.8116    1.1328     1.148    1.1278    1.1069    1.0858    1.0631     1.032
   0.94239    0.5496
    3    1 1.4400000000000D+03 6.8811622500000D+12
    0.8116    1.1328     1.148    1.1278    1.1069    1.0858    1.0631     1.032
   0.94239    0.5496
    9    0 1.4400000000000D+03 2.9170000000000D+02
   10    0 1.4400000000000D+03 1.5800000000000D+01
*---+----+-------------------+-------------------+---------+---------------------
*   1: printout of the result at time [hours]
*---+----+-------------------+-------------------+---------+---------------------
    1    0 3.0456000000000D+03
*---+----+-------------------+-------------------+---------+---------------------
    2    1 3.0456000000000D+03 1.6325200000000D+01
   0.84275    1.1118     1.099    1.0738    1.0559    1.0443      1.04    1.0449
    1.0277   0.65996
    3    1 3.0456000000000D+03 7.0231010400000D+12
   0.84275    1.1118     1.099    1.0738    1.0559    1.0443      1.04    1.0449
    1.0277   0.65996
    9    0 3.0456000000000D+03 2.9170000000000D+02
   10    0 3.0456000000000D+03 1.5800000000000D+01
*---+----+-------------------+-------------------+---------+---------------------
*   1: printout of the result at time [hours]
*---+----+-------------------+-------------------+---------+---------------------
    1    0 4.9008000000000D+03
*---+----+-------------------+-------------------+---------+---------------------
    2    1 4.9008000000000D+03 1.2736700000000D+01
   0.68943   0.89128   0.91311    0.9453   0.99296    1.0501    1.1182    1.2042
    1.2917   0.90369
    3    1 4.9008000000000D+03 5.2080366300000D+12
   0.68943   0.89128   0.91311    0.9453   0.99296    1.0501    1.1182    1.2042
    1.2917   0.90369
    9    0 4.9008000000000D+03 2.7330000000000D+02
   10    0 4.9008000000000D+03 1.5800000000000D+01
*---+----+-------------------+-------------------+---------+---------------------
*   1: printout of the result at time [hours]
*---+----+-------------------+-------------------+---------+---------------------
    1    0 4.9046000000000D+03
*---+----+-------------------+-------------------+---------+---------------------
    2    1 4.9046000000000D+03 7.5947000000000D+00
   0.53814   0.72327   0.77989   0.85388   0.94974    1.0623    1.1927    1.3454
    1.4939    1.0607
    3    1 4.9046000000000D+03 3.1229406400000D+12
   0.53814   0.72327   0.77989   0.85388   0.94974    1.0623    1.1927    1.3454
    1.4939    1.0607
    9    0 4.9046000000000D+03 2.8340000000000D+02
   10    0 4.9046000000000D+03 1.5800000000000D+01
*---+----+-------------------+-------------------+---------+---------------------
*   1: printout of the result at time [hours]
*---+----+-------------------+-------------------+---------+---------------------
    1    0 4.9066000000000D+03
*---+----+-------------------+-------------------+---------+---------------------
    2    1 4.9066000000000D+03 1.8446300000000D+01
   0.75929    1.1141    1.1948     1.211    1.1845    1.1369    1.0709   0.98605
   0.85269    0.4898
    3    1 4.9066000000000D+03 1.0160222040000D+13
   0.75929    1.1141    1.1948     1.211    1.1845    1.1369    1.0709   0.98605
   0.85269    0.4898
    9    0 4.9066000000000D+03 2.9170000000000D+02
   10    0 4.9066000000000D+03 1.5800000000000D+01
*---+----+-------------------+-------------------+---------+---------------------
*   1: printout of the result at time [hours]
*---+----+-------------------+-------------------+---------+---------------------
    1    0 5.0496000000000D+03
*---+----+-------------------+-------------------+---------+---------------------
    2    1 5.0496000000000D+03 1.8579900000000D+01
   0.86233    1.1938    1.2279    1.1913    1.1427    1.0847    1.0209   0.94823
    0.8344   0.49371
    3    1 5.0496000000000D+03 1.0256104800000D+13
   0.86233    1.1938    1.2279    1.1913    1.1427    1.0847    1.0209   0.94823
    0.8344   0.49371
    9    0 5.0496000000000D+03 2.9170000000000D+02
   10    0 5.0496000000000D+03 1.5800000000000D+01
*---+----+-------------------+-------------------+---------+---------------------
*   1: printout of the result at time [hours]
*---+----+-------------------+-------------------+---------+---------------------
    1    0 6.4656000000000D+03
*---+----+-------------------+-------------------+---------+---------------------
    2    1 6.4656000000000D+03 1.8495900000000D+01
   0.86706    1.1396    1.1468    1.1237    1.0962    1.0672     1.037    1.0027
   0.93345   0.58635
    3    1 6.4656000000000D+03 1.0165346640000D+13
   0.86706    1.1396    1.1468    1.1237    1.0962    1.0672     1.037    1.0027
   0.93345   0.58635
    9    0 6.4656000000000D+03 2.9170000000000D+02
   10    0 6.4656000000000D+03 1.5800000000000D+01
*---+----+-------------------+-------------------+---------+---------------------
*   1: printout of the result at time [hours]
*---+----+-------------------+-------------------+---------+---------------------
    1    0 7.2912000000000D+03
*---+----+-------------------+-------------------+---------+---------------------
    2    1 7.2912000000000D+03 1.8574900000000D+01
   0.88383    1.1332    1.1243    1.0985    1.0734      1.05    1.0289    1.0096
   0.96647   0.63193
    3    1 7.2912000000000D+03 1.0162327790000D+13
   0.88383    1.1332    1.1243    1.0985    1.0734      1.05    1.0289    1.0096
   0.96647   0.63193
    9    0 7.2912000000000D+03 2.9170000000000D+02
   10    0 7.2912000000000D+03 1.5800000000000D+01
*---+----+-------------------+-------------------+---------+---------------------
*   1: printout of the result at time [hours]
*---+----+-------------------+-------------------+---------+---------------------
    1    0 7.9286000000000D+03
*---+----+-------------------+-------------------+---------+---------------------
    2    1 7.9286000000000D+03 1.7952100000000D+01
   0.79111    1.0094    1.0257    1.0356    1.0501    1.0664    1.0838     1.102
    1.0941    0.7417
    3    1 7.9286000000000D+03 9.5774453500000D+12
   0.79111    1.0094    1.0257    1.0356    1.0501    1.0664    1.0838     1.102
    1.0941    0.7417
    9    0 7.9286000000000D+03 2.8320000000000D+02
   10    0 7.9286000000000D+03 1.5800000000000D+01
*---+----+-------------------+-------------------+---------+---------------------
*   1: printout of the result at time [hours]
*---+----+-------------------+-------------------+---------+---------------------
    1    0 7.9306000000000D+03
*---+----+-------------------+-------------------+---------+---------------------
    2    1 7.9306000000000D+03 2.3747100000000D+01
   0.53303   0.80161   0.94593    1.0627    1.1557    1.2203    1.2522    1.2255
    1.1158   0.68733
    3    1 7.9306000000000D+03 1.1985161370000D+13
   0.53303   0.80161   0.94593    1.0627    1.1557    1.2203    1.2522    1.2255
    1.1158   0.68733
    9    0 7.9306000000000D+03 2.9170000000000D+02
   10    0 7.9306000000000D+03 1.5800000000000D+01
*---+----+-------------------+-------------------+---------+---------------------
*   1: printout of the result at time [hours]
*---+----+-------------------+-------------------+---------+---------------------
    1    0 8.0736000000000D+03
*---+----+-------------------+-------------------+---------+---------------------
    2    1 8.0736000000000D+03 2.3529800000000D+01
   0.70698    0.9845    1.0684    1.1107    1.1322    1.1492    1.1281    1.0926
   0.99865   0.62865
    3    1 8.0736000000000D+03 1.1849607280000D+13
   0.70698    0.9845    1.0684    1.1107    1.1322    1.1492    1.1281    1.0926
   0.99865   0.62865
    9    0 8.0736000000000D+03 2.9170000000000D+02
   10    0 8.0736000000000D+03 1.5800000000000D+01
*---+----+-------------------+-------------------+---------+---------------------
*   1: printout of the result at time [hours]
*---+----+-------------------+-------------------+---------+---------------------
    1    0 1.2969600000000D+04
*---+----+-------------------+-------------------+---------+---------------------
    2    1 1.2969600000000D+04 2.3154600000000D+01
   0.86644    1.1127    1.1361     1.112    1.0888    1.0658    1.0428    1.0125
   0.94068   0.62212
    3    1 1.2969600000000D+04 1.1975559120000D+13
   0.86644    1.1127    1.1361     1.112    1.0888    1.0658    1.0428    1.0125
   0.94068   0.62212
    9    0 1.2969600000000D+04 2.9170000000000D+02
   10    0 1.2969600000000D+04 1.5800000000000D+01
*---+----+-------------------+-------------------+---------+---------------------
*   1: printout of the result at time [hours]
*---+----+-------------------+-------------------+---------+---------------------
    1    0 1.5621600000000D+04
*---+----+-------------------+-------------------+---------+---------------------
    2    1 1.5621600000000D+04 2.2553400000000D+01
   0.87947    1.0614     1.048    1.0331    1.0294    1.0345    1.0471    1.0651
    1.0575   0.74454
    3    1 1.5621600000000D+04 1.1817981600000D+13
   0.87947    1.0614     1.048    1.0331    1.0294    1.0345    1.0471    1.0651
    1.0575   0.74454
    9    0 1.5621600000000D+04 2.9170000000000D+02
   10    0 1.5621600000000D+04 1.5800000000000D+01
*---+----+-------------------+-------------------+---------+---------------------
*   1: printout of the result at time [hours]
*---+----+-------------------+-------------------+---------+---------------------
    1    0 1.6407800000000D+04
*---+----+-------------------+-------------------+---------+---------------------
    2    1 1.6407800000000D+04 2.1055800000000D+01
   0.77285   0.92896   0.93803   0.95888   0.99488    1.0409    1.0963    1.1617
    1.2177   0.88987
    3    1 1.6407800000000D+04 1.0767936120000D+13
   0.77285   0.92896   0.93803   0.95888   0.99488    1.0409    1.0963    1.1617
    1.2177   0.88987
    9    0 1.6407800000000D+04 2.8120000000000D+02
   10    0 1.6407800000000D+04 1.5800000000000D+01
*---+----+-------------------+-------------------+---------+---------------------
*   1: printout of the result at time [hours]
*---+----+-------------------+-------------------+---------+---------------------
    1    0 1.6409800000000D+04
*---+----+-------------------+-------------------+---------+---------------------
    2    1 1.6409800000000D+04 1.9679500000000D+01
   0.43568   0.60647    0.7207   0.85104   0.99139    1.1323    1.2647     1.378
    1.4546    1.1651
    3    1 1.6409800000000D+04 1.1461340800000D+13
   0.43568   0.60647    0.7207   0.85104   0.99139    1.1323    1.2647     1.378
    1.4546    1.1651
    9    0 1.6409800000000D+04 2.9170000000000D+02
   10    0 1.6409800000000D+04 1.5800000000000D+01
*---+----+-------------------+-------------------+---------+---------------------
*   1: printout of the result at time [hours]
*---+----+-------------------+-------------------+---------+---------------------
    1    0 1.6552800000000D+04
*---+----+-------------------+-------------------+---------+---------------------
    2    1 1.6552800000000D+04 1.9691400000000D+01
   0.64013   0.82539   0.89252   0.95742    1.0227    1.0863    1.1468    1.2015
    1.2343   0.99297
    3    1 1.6552800000000D+04 1.1462363940000D+13
   0.64013   0.82539   0.89252   0.95742    1.0227    1.0863    1.1468    1.2015
    1.2343   0.99297
    9    0 1.6552800000000D+04 2.9170000000000D+02
   10    0 1.6552800000000D+04 1.5800000000000D+01
*---+----+-------------------+-------------------+---------+---------------------
*   1: printout of the result at time [hours]
*---+----+-------------------+-------------------+---------+---------------------
    1    0 2.1808800000000D+04
*---+----+-------------------+-------------------+---------+---------------------
    2    1 2.1808800000000D+04 1.9482700000000D+01
   0.90106    1.0667    1.0615    1.0501    1.0391    1.0295    1.0223    1.0173
   0.99996   0.81246
    3    1 2.1808800000000D+04 1.1666240760000D+13
   0.90106    1.0667    1.0615    1.0501    1.0391    1.0295    1.0223    1.0173
   0.99996   0.81246
    9    0 2.1808800000000D+04 2.9170000000000D+02
   10    0 2.1808800000000D+04 1.5800000000000D+01
*---+----+-------------------+-------------------+---------+---------------------
*   1: printout of the result at time [hours]
*---+----+-------------------+-------------------+---------+---------------------
    1    0 2.3690400000000D+04
*---+----+-------------------+-------------------+---------+---------------------
    2    1 2.3690400000000D+04 1.9213600000000D+01
   0.90259    1.0293    1.0151    1.0065    1.0058    1.0104    1.0209    1.0406
    1.0733   0.89562
    3    1 2.3690400000000D+04 1.1551216320000D+13
   0.90259    1.0293    1.0151    1.0065    1.0058    1.0104    1.0209    1.0406
    1.0733   0.89562
    9    0 2.3690400000000D+04 2.9170000000000D+02
   10    0 2.3690400000000D+04 1.5800000000000D+01
*---+----+-------------------+-------------------+---------+---------------------
*   1: printout of the result at time [hours]
*---+----+-------------------+-------------------+---------+---------------------
    1    0 2.4426200000000D+04
*---+----+-------------------+-------------------+---------+---------------------
    2    1 2.4426200000000D+04 1.7848400000000D+01
   0.79475    0.9035   0.90983   0.93375   0.97056    1.0149    1.0673     1.133
    1.2073    1.0651
    3    1 2.4426200000000D+04 1.0435959480000D+13
   0.79475    0.9035   0.90983   0.93375   0.97056    1.0149    1.0673     1.133
    1.2073    1.0651
    9    0 2.4426200000000D+04 2.8110000000000D+02
   10    0 2.4426200000000D+04 1.5800000000000D+01
*---+----+-------------------+-------------------+---------+---------------------
*   1: printout of the result at time [hours]
*---+----+-------------------+-------------------+---------+---------------------
    1    0 2.4428200000000D+04
*---+----+-------------------+-------------------+---------+---------------------
    2    1 2.4428200000000D+04 1.7226600000000D+01
   0.45505    0.6876   0.83841   0.97663    1.1049    1.2153    1.2964    1.3369
    1.2552   0.83365
    3    1 2.4428200000000D+04 1.1238633840000D+13
   0.45505    0.6876   0.83841   0.97663    1.1049    1.2153    1.2964    1.3369
    1.2552   0.83365
    9    0 2.4428200000000D+04 2.9170000000000D+02
   10    0 2.4428200000000D+04 1.5800000000000D+01
*---+----+-------------------+-------------------+---------+---------------------
*   1: printout of the result at time [hours]
*---+----+-------------------+-------------------+---------+---------------------
    1    0 2.4571200000000D+04
*---+----+-------------------+-------------------+---------+---------------------
    2    1 2.4571200000000D+04 1.7338800000000D+01
    0.6471   0.89977   0.99799    1.0602    1.1068    1.1415    1.1629    1.1606
    1.0898   0.73333
    3    1 2.4571200000000D+04 1.1282357160000D+13
    0.6471   0.89977   0.99799    1.0602    1.1068    1.1415    1.1629    1.1606
    1.0898   0.73333
    9    0 2.4571200000000D+04 2.9170000000000D+02
   10    0 2.4571200000000D+04 1.5800000000000D+01
*---+----+-------------------+-------------------+---------+---------------------
*   1: printout of the result at time [hours]
*---+----+-------------------+-------------------+---------+---------------------
    1    0 2.8027200000000D+04
*---+----+-------------------+-------------------+---------+---------------------
    2    1 2.8027200000000D+04 1.6604500000000D+01
   0.85079     1.046    1.0663    1.0548    1.0505    1.0492    1.0513    1.0542
    1.0268   0.74998
    3    1 2.8027200000000D+04 1.0763036900000D+13
   0.85079     1.046    1.0663    1.0548    1.0505    1.0492    1.0513    1.0542
    1.0268   0.74998
    9    0 2.8027200000000D+04 2.9170000000000D+02
   10    0 2.8027200000000D+04 1.5800000000000D+01
*---+----+-------------------+-------------------+---------+---------------------
*   1: printout of the result at time [hours]
*---+----+-------------------+-------------------+---------+---------------------
    1    0 3.0187200000000D+04
*---+----+-------------------+-------------------+---------+---------------------
    2    1 3.0187200000000D+04 1.6070400000000D+01
   0.90496    1.0656    1.0572     1.046    1.0382    1.0334    1.0318    1.0338
    1.0176   0.77148
    3    1 3.0187200000000D+04 1.0386299520000D+13
   0.90496    1.0656    1.0572     1.046    1.0382    1.0334    1.0318    1.0338
    1.0176   0.77148
    9    0 3.0187200000000D+04 2.9170000000000D+02
   10    0 3.0187200000000D+04 1.5800000000000D+01
*---+----+-------------------+-------------------+---------+---------------------
*   1: printout of the result at time [hours]
*---+----+-------------------+-------------------+---------+---------------------
    1    0 3.1490400000000D+04
*---+----+-------------------+-------------------+---------+---------------------
    2    1 3.1490400000000D+04 1.6103400000000D+01
   0.89615    1.0236    1.0123    1.0063    1.0092    1.0171      1.03    1.0526
    1.0991   0.85355
    3    1 3.1490400000000D+04 1.0356096540000D+13
   0.89615    1.0236    1.0123    1.0063    1.0092    1.0171      1.03    1.0526
    1.0991   0.85355
    9    0 3.1490400000000D+04 2.9170000000000D+02
   10    0 3.1490400000000D+04 1.5800000000000D+01
*---+----+-------------------+-------------------+---------+---------------------
*   1: printout of the result at time [hours]
*---+----+-------------------+-------------------+---------+---------------------
    1    0 3.1911800000000D+04
*---+----+-------------------+-------------------+---------+---------------------
    2    1 3.1911800000000D+04 1.5105600000000D+01
   0.81135   0.92926   0.93588   0.95633   0.98904     1.028    1.0726    1.1279
    1.1852   0.96448
    3    1 3.1911800000000D+04 9.5588236800000D+12
   0.81135   0.92926   0.93588   0.95633   0.98904     1.028    1.0726    1.1279
    1.1852   0.96448
    9    0 3.1911800000000D+04 2.8640000000000D+02
   10    0 3.1911800000000D+04 1.5800000000000D+01
*---+----+-------------------+-------------------+---------+---------------------
*   1: printout of the result at time [hours]
*---+----+-------------------+-------------------+---------+---------------------
    1    0 3.1913800000000D+04
*---+----+-------------------+-------------------+---------+---------------------
    2    1 3.1913800000000D+04 6.0069000000000D+00
   0.45448    0.6639   0.81423    0.9524    1.0809    1.1925    1.2749    1.3175
    1.2539   0.99536
    3    1 3.1913800000000D+04 3.9086898300000D+12
   0.45448    0.6639   0.81423    0.9524    1.0809    1.1925    1.2749    1.3175
    1.2539   0.99536
    9    0 3.1913800000000D+04 2.9170000000000D+02
   10    0 3.1913800000000D+04 1.5800000000000D+01
*---+----+-------------------+-------------------+---------+---------------------
*   1: printout of the result at time [hours]
*---+----+-------------------+-------------------+---------+---------------------
    1    0 3.2056800000000D+04
*---+----+-------------------+-------------------+---------+---------------------
    2    1 3.2056800000000D+04 6.2647000000000D+00
   0.63946   0.86022   0.96238    1.0304    1.0827    1.1236    1.1507    1.1538
    1.1033   0.89342
    3    1 3.2056800000000D+04 4.0162991700000D+12
   0.63946   0.86022   0.96238    1.0304    1.0827    1.1236    1.1507    1.1538
    1.1033   0.89342
    9    0 3.2056800000000D+04 2.9170000000000D+02
   10    0 3.2056800000000D+04 1.5800000000000D+01
*---+----+-------------------+-------------------+---------+---------------------
*   1: printout of the result at time [hours]
*---+----+-------------------+-------------------+---------+---------------------
    1    0 3.5512800000000D+04
*---+----+-------------------+-------------------+---------+---------------------
    2    1 3.5512800000000D+04 6.6924000000000D+00
    0.8163   0.99038    1.0189    1.0265    1.0324    1.0404    1.0513    1.0621
    1.0537    0.9079
    3    1 3.5512800000000D+04 4.1787345600000D+12
    0.8163   0.99038    1.0189    1.0265    1.0324    1.0404    1.0513    1.0621
    1.0537    0.9079
    9    0 3.5512800000000D+04 2.9170000000000D+02
   10    0 3.5512800000000D+04 1.5800000000000D+01
*---+----+-------------------+-------------------+---------+---------------------
*   1: printout of the result at time [hours]
*---+----+-------------------+-------------------+---------+---------------------
    1    0 3.7312800000000D+04
*---+----+-------------------+-------------------+---------+---------------------
    2    1 3.7312800000000D+04 6.8439000000000D+00
   0.85931    1.0076    1.0206    1.0211    1.0221    1.0256    1.0323    1.0421
    1.0494   0.91994
    3    1 3.7312800000000D+04 4.2213175200000D+12
   0.85931    1.0076    1.0206    1.0211    1.0221    1.0256    1.0323    1.0421
    1.0494   0.91994
    9    0 3.7312800000000D+04 2.9170000000000D+02
   10    0 3.7312800000000D+04 1.5800000000000D+01
*---+----+-------------------+-------------------+---------+---------------------
*   1: printout of the result at time [hours]
*---+----+-------------------+-------------------+---------+---------------------
    1    0 3.9067200000000D+04
*---+----+-------------------+-------------------+---------+---------------------
    2    1 3.9067200000000D+04 7.2392000000000D+00
   0.84692   0.95867   0.95964   0.96585   0.98201    1.0051    1.0353    1.0768
    1.1277     1.042
    3    1 3.9067200000000D+04 4.3992618400000D+12
   0.84692   0.95867   0.95964   0.96585   0.98201    1.0051    1.0353    1.0768
    1.1277     1.042
    9    0 3.9067200000000D+04 2.9170000000000D+02
   10    0 3.9067200000000D+04 1.5800000000000D+01
*---+----+-------------------+-------------------+---------+---------------------
*   1: printout of the result at time [hours]
*---+----+-------------------+-------------------+---------+---------------------
    1    0 4.0010400000000D+04
*---+----+-------------------+-------------------+---------+---------------------
    2    1 4.0010400000000D+04 6.3356000000000D+00
   0.73269    0.8247   0.84238   0.87963    0.9333   0.99864    1.0758    1.1719
    1.2891    1.2518
    3    1 4.0010400000000D+04 3.7500416400000D+12
   0.73269    0.8247   0.84238   0.87963    0.9333   0.99864    1.0758    1.1719
    1.2891    1.2518
    9    0 4.0010400000000D+04 2.8120000000000D+02
   10    0 4.0010400000000D+04 1.5800000000000D+01
* data point #3173 end
*  00:  last line of data set (finishing the program)
*---+----+-------------------+-------------------+---------+---------------------
00000    0 4.0010400000000D+04
*---+----+-------------------+-------------------+---------+---------------------
