* data point #338 begin
*
*---+----+-------------------+-------------------+---------+---------------------
*   1: printout of the result at time [hours]
*---+----+-------------------+-------------------+---------+---------------------
    1    0 0.0000000000000D+00
*---+----+-------------------+-------------------+---------+---------------------
    2    1 0.0000000000000D+00 2.4174100000000D+01
   0.64358   0.98999    1.0896    1.1406      1.17    1.1762    1.1573    1.1076
   0.97956   0.54567
    3    1 0.0000000000000D+00 1.1064485570000D+13
   0.64358   0.98999    1.0896    1.1406      1.17    1.1762    1.1573    1.1076
   0.97956   0.54567
    9    0 0.0000000000000D+00 2.9170000000000D+02
   10    0 0.0000000000000D+00 1.5800000000000D+01
*---+----+-------------------+-------------------+---------+---------------------
*   1: printout of the result at time [hours]
*---+----+-------------------+-------------------+---------+---------------------
    1    0 1.4400000000000D+02
*---+----+-------------------+-------------------+---------+---------------------
    2    1 1.4400000000000D+02 2.4388300000000D+01
   0.77742    1.1189    1.1664    1.1531    1.1349    1.1083    1.0733    1.0244
   0.91642   0.52677
    3    1 1.4400000000000D+02 1.1247883960000D+13
   0.77742    1.1189    1.1664    1.1531    1.1349    1.1083    1.0733    1.0244
   0.91642   0.52677
    9    0 1.4400000000000D+02 2.9170000000000D+02
   10    0 1.4400000000000D+02 1.5800000000000D+01
*---+----+-------------------+-------------------+---------+---------------------
*   1: printout of the result at time [hours]
*---+----+-------------------+-------------------+---------+---------------------
    1    0 1.4400000000000D+03
*---+----+-------------------+-------------------+---------+---------------------
    2    1 1.4400000000000D+03 2.3975500000000D+01
   0.82697    1.1268    1.1369    1.1176    1.0987    1.0797    1.0591    1.0313
   0.95105   0.57192
    3    1 1.4400000000000D+03 1.1225329100000D+13
   0.82697    1.1268    1.1369    1.1176    1.0987    1.0797    1.0591    1.0313
   0.95105   0.57192
    9    0 1.4400000000000D+03 2.9170000000000D+02
   10    0 1.4400000000000D+03 1.5800000000000D+01
*---+----+-------------------+-------------------+---------+---------------------
*   1: printout of the result at time [hours]
*---+----+-------------------+-------------------+---------+---------------------
    1    0 3.0456000000000D+03
*---+----+-------------------+-------------------+---------+---------------------
    2    1 3.0456000000000D+03 2.3552000000000D+01
   0.85725    1.1041    1.0873    1.0633    1.0475    1.0378    1.0356    1.0438
    1.0369   0.68648
    3    1 3.0456000000000D+03 1.1170713600000D+13
   0.85725    1.1041    1.0873    1.0633    1.0475    1.0378    1.0356    1.0438
    1.0369   0.68648
    9    0 3.0456000000000D+03 2.9170000000000D+02
   10    0 3.0456000000000D+03 1.5800000000000D+01
*---+----+-------------------+-------------------+---------+---------------------
*   1: printout of the result at time [hours]
*---+----+-------------------+-------------------+---------+---------------------
    1    0 4.9008000000000D+03
*---+----+-------------------+-------------------+---------+---------------------
    2    1 4.9008000000000D+03 1.7937100000000D+01
   0.69755    0.8798   0.89881    0.9322    0.9816     1.041    1.1118    1.2026
    1.3068   0.94787
    3    1 4.9008000000000D+03 8.1631742100000D+12
   0.69755    0.8798   0.89881    0.9322    0.9816     1.041    1.1118    1.2026
    1.3068   0.94787
    9    0 4.9008000000000D+03 2.7330000000000D+02
   10    0 4.9008000000000D+03 1.5800000000000D+01
*---+----+-------------------+-------------------+---------+---------------------
*   1: printout of the result at time [hours]
*---+----+-------------------+-------------------+---------+---------------------
    1    0 4.9046000000000D+03
*---+----+-------------------+-------------------+---------+---------------------
    2    1 4.9046000000000D+03 1.0817900000000D+01
   0.54475   0.71372   0.76697   0.84101   0.93724    1.0508    1.1829    1.3402
    1.5106    1.1119
    3    1 4.9046000000000D+03 4.9188991300000D+12
   0.54475   0.71372   0.76697   0.84101   0.93724    1.0508    1.1829    1.3402
    1.5106    1.1119
    9    0 4.9046000000000D+03 2.8340000000000D+02
   10    0 4.9046000000000D+03 1.5800000000000D+01
*---+----+-------------------+-------------------+---------+---------------------
*   1: printout of the result at time [hours]
*---+----+-------------------+-------------------+---------+---------------------
    1    0 4.9066000000000D+03
*---+----+-------------------+-------------------+---------+---------------------
    2    1 4.9066000000000D+03 2.6409600000000D+01
   0.72534    1.1003    1.1914    1.2131    1.1911     1.148    1.0855    1.0018
   0.86188   0.48157
    3    1 4.9066000000000D+03 1.3305156480000D+13
   0.72534    1.1003    1.1914    1.2131    1.1911     1.148    1.0855    1.0018
   0.86188   0.48157
    9    0 4.9066000000000D+03 2.9170000000000D+02
   10    0 4.9066000000000D+03 1.5800000000000D+01
*---+----+-------------------+-------------------+---------+---------------------
*   1: printout of the result at time [hours]
*---+----+-------------------+-------------------+---------+---------------------
    1    0 5.0496000000000D+03
*---+----+-------------------+-------------------+---------+---------------------
    2    1 5.0496000000000D+03 2.5747400000000D+01
   0.81546    1.1692    1.2185    1.1913    1.1502    1.0989    1.0406   0.97097
   0.85255    0.4924
    3    1 5.0496000000000D+03 1.2979264340000D+13
   0.81546    1.1692    1.2185    1.1913    1.1502    1.0989    1.0406   0.97097
   0.85255    0.4924
    9    0 5.0496000000000D+03 2.9170000000000D+02
   10    0 5.0496000000000D+03 1.5800000000000D+01
*---+----+-------------------+-------------------+---------+---------------------
*   1: printout of the result at time [hours]
*---+----+-------------------+-------------------+---------+---------------------
    1    0 6.4656000000000D+03
*---+----+-------------------+-------------------+---------+---------------------
    2    1 6.4656000000000D+03 2.5264100000000D+01
   0.82564    1.1293    1.1569    1.1321    1.1071    1.0799    1.0507    1.0151
     0.935   0.56832
    3    1 6.4656000000000D+03 1.2902375870000D+13
   0.82564    1.1293    1.1569    1.1321    1.1071    1.0799    1.0507    1.0151
     0.935   0.56832
    9    0 6.4656000000000D+03 2.9170000000000D+02
   10    0 6.4656000000000D+03 1.5800000000000D+01
*---+----+-------------------+-------------------+---------+---------------------
*   1: printout of the result at time [hours]
*---+----+-------------------+-------------------+---------+---------------------
    1    0 7.2912000000000D+03
*---+----+-------------------+-------------------+---------+---------------------
    2    1 7.2912000000000D+03 2.4886000000000D+01
   0.84276    1.1233     1.132    1.1103     1.087    1.0647    1.0441    1.0223
   0.96536   0.60821
    3    1 7.2912000000000D+03 1.2764029400000D+13
   0.84276    1.1233     1.132    1.1103     1.087    1.0647    1.0441    1.0223
   0.96536   0.60821
    9    0 7.2912000000000D+03 2.9170000000000D+02
   10    0 7.2912000000000D+03 1.5800000000000D+01
*---+----+-------------------+-------------------+---------+---------------------
*   1: printout of the result at time [hours]
*---+----+-------------------+-------------------+---------+---------------------
    1    0 7.9286000000000D+03
*---+----+-------------------+-------------------+---------+---------------------
    2    1 7.9286000000000D+03 2.4090600000000D+01
   0.75781    1.0097    1.0372     1.049    1.0635    1.0794    1.0958    1.1163
    1.0852   0.70613
    3    1 7.9286000000000D+03 1.2110344620000D+13
   0.75781    1.0097    1.0372     1.049    1.0635    1.0794    1.0958    1.1163
    1.0852   0.70613
    9    0 7.9286000000000D+03 2.8320000000000D+02
   10    0 7.9286000000000D+03 1.5800000000000D+01
*---+----+-------------------+-------------------+---------+---------------------
*   1: printout of the result at time [hours]
*---+----+-------------------+-------------------+---------+---------------------
    1    0 7.9306000000000D+03
*---+----+-------------------+-------------------+---------+---------------------
    2    1 7.9306000000000D+03 2.1874900000000D+01
   0.44316   0.66761   0.79466   0.92485    1.0571    1.1826    1.2909    1.3671
    1.3621   0.90976
    3    1 7.9306000000000D+03 1.1989632690000D+13
   0.44316   0.66761   0.79466   0.92485    1.0571    1.1826    1.2909    1.3671
    1.3621   0.90976
    9    0 7.9306000000000D+03 2.9170000000000D+02
   10    0 7.9306000000000D+03 1.5800000000000D+01
*---+----+-------------------+-------------------+---------+---------------------
*   1: printout of the result at time [hours]
*---+----+-------------------+-------------------+---------+---------------------
    1    0 8.0736000000000D+03
*---+----+-------------------+-------------------+---------+---------------------
    2    1 8.0736000000000D+03 2.1850000000000D+01
   0.63913   0.88838   0.96247    1.0199    1.0724      1.12    1.1608    1.1881
    1.1653   0.78352
    3    1 8.0736000000000D+03 1.1971615000000D+13
   0.63913   0.88838   0.96247    1.0199    1.0724      1.12    1.1608    1.1881
    1.1653   0.78352
    9    0 8.0736000000000D+03 2.9170000000000D+02
   10    0 8.0736000000000D+03 1.5800000000000D+01
*---+----+-------------------+-------------------+---------+---------------------
*   1: printout of the result at time [hours]
*---+----+-------------------+-------------------+---------+---------------------
    1    0 1.3329600000000D+04
*---+----+-------------------+-------------------+---------+---------------------
    2    1 1.3329600000000D+04 2.1578000000000D+01
   0.88539    1.1077    1.1095      1.09    1.0691    1.0498    1.0323    1.0139
   0.96849   0.67397
    3    1 1.3329600000000D+04 1.2079364400000D+13
   0.88539    1.1077    1.1095      1.09    1.0691    1.0498    1.0323    1.0139
   0.96849   0.67397
    9    0 1.3329600000000D+04 2.9170000000000D+02
   10    0 1.3329600000000D+04 1.5800000000000D+01
*---+----+-------------------+-------------------+---------+---------------------
*   1: printout of the result at time [hours]
*---+----+-------------------+-------------------+---------+---------------------
    1    0 1.5211200000000D+04
*---+----+-------------------+-------------------+---------+---------------------
    2    1 1.5211200000000D+04 2.1239300000000D+01
   0.88722    1.0706    1.0555     1.041    1.0337    1.0318    1.0351    1.0447
     1.041   0.75944
    3    1 1.5211200000000D+04 1.1902503720000D+13
   0.88722    1.0706    1.0555     1.041    1.0337    1.0318    1.0351    1.0447
     1.041   0.75944
    9    0 1.5211200000000D+04 2.9170000000000D+02
   10    0 1.5211200000000D+04 1.5800000000000D+01
*---+----+-------------------+-------------------+---------+---------------------
*   1: printout of the result at time [hours]
*---+----+-------------------+-------------------+---------+---------------------
    1    0 1.5947000000000D+04
*---+----+-------------------+-------------------+---------+---------------------
    2    1 1.5947000000000D+04 1.9829800000000D+01
    0.7812   0.93793   0.94787   0.96804    1.0001    1.0391     1.085    1.1404
    1.1971   0.90324
    3    1 1.5947000000000D+04 1.0787411200000D+13
    0.7812   0.93793   0.94787   0.96804    1.0001    1.0391     1.085    1.1404
    1.1971   0.90324
    9    0 1.5947000000000D+04 2.8110000000000D+02
   10    0 1.5947000000000D+04 1.5800000000000D+01
*---+----+-------------------+-------------------+---------+---------------------
*   1: printout of the result at time [hours]
*---+----+-------------------+-------------------+---------+---------------------
    1    0 1.5949000000000D+04
*---+----+-------------------+-------------------+---------+---------------------
    2    1 1.5949000000000D+04 1.6923000000000D+01
   0.46251    0.6282   0.74071   0.87236    1.0112    1.1432    1.2569    1.3439
    1.4032    1.1379
    3    1 1.5949000000000D+04 1.0081031100000D+13
   0.46251    0.6282   0.74071   0.87236    1.0112    1.1432    1.2569    1.3439
    1.4032    1.1379
    9    0 1.5949000000000D+04 2.9170000000000D+02
   10    0 1.5949000000000D+04 1.5800000000000D+01
*---+----+-------------------+-------------------+---------+---------------------
*   1: printout of the result at time [hours]
*---+----+-------------------+-------------------+---------+---------------------
    1    0 1.6092000000000D+04
*---+----+-------------------+-------------------+---------+---------------------
    2    1 1.6092000000000D+04 1.7205200000000D+01
   0.67578   0.85323   0.91571   0.97831    1.0382    1.0909     1.134    1.1663
    1.1828   0.96477
    3    1 1.6092000000000D+04 1.0240535040000D+13
   0.67578   0.85323   0.91571   0.97831    1.0382    1.0909     1.134    1.1663
    1.1828   0.96477
    9    0 1.6092000000000D+04 2.9170000000000D+02
   10    0 1.6092000000000D+04 1.5800000000000D+01
*---+----+-------------------+-------------------+---------+---------------------
*   1: printout of the result at time [hours]
*---+----+-------------------+-------------------+---------+---------------------
    1    0 1.9548000000000D+04
*---+----+-------------------+-------------------+---------+---------------------
    2    1 1.9548000000000D+04 1.7854000000000D+01
    0.8812    1.0409    1.0438    1.0398    1.0361    1.0334    1.0321    1.0319
    1.0213   0.83942
    3    1 1.9548000000000D+04 1.0648125600000D+13
    0.8812    1.0409    1.0438    1.0398    1.0361    1.0334    1.0321    1.0319
    1.0213   0.83942
    9    0 1.9548000000000D+04 2.9170000000000D+02
   10    0 1.9548000000000D+04 1.5800000000000D+01
*---+----+-------------------+-------------------+---------+---------------------
*   1: printout of the result at time [hours]
*---+----+-------------------+-------------------+---------+---------------------
    1    0 2.1348000000000D+04
*---+----+-------------------+-------------------+---------+---------------------
    2    1 2.1348000000000D+04 1.8007800000000D+01
   0.91688    1.0785    1.0711    1.0566    1.0416    1.0278    1.0156    1.0046
   0.98207   0.80521
    3    1 2.1348000000000D+04 1.0768664400000D+13
   0.91688    1.0785    1.0711    1.0566    1.0416    1.0278    1.0156    1.0046
   0.98207   0.80521
    9    0 2.1348000000000D+04 2.9170000000000D+02
   10    0 2.1348000000000D+04 1.5800000000000D+01
*---+----+-------------------+-------------------+---------+---------------------
*   1: printout of the result at time [hours]
*---+----+-------------------+-------------------+---------+---------------------
    1    0 2.3102400000000D+04
*---+----+-------------------+-------------------+---------+---------------------
    2    1 2.3102400000000D+04 1.7918200000000D+01
   0.90361    1.0281    1.0159    1.0081    1.0076    1.0121     1.022    1.0394
    1.0677   0.89546
    3    1 2.3102400000000D+04 1.0704332680000D+13
   0.90361    1.0281    1.0159    1.0081    1.0076    1.0121     1.022    1.0394
    1.0677   0.89546
    9    0 2.3102400000000D+04 2.9170000000000D+02
   10    0 2.3102400000000D+04 1.5800000000000D+01
*---+----+-------------------+-------------------+---------+---------------------
*   1: printout of the result at time [hours]
*---+----+-------------------+-------------------+---------+---------------------
    1    0 2.4045600000000D+04
*---+----+-------------------+-------------------+---------+---------------------
    2    1 2.4045600000000D+04 1.5255400000000D+01
   0.76543   0.86959   0.88283   0.91482   0.96032    1.0147    1.0782    1.1559
    1.2428    1.1155
    3    1 2.4045600000000D+04 8.8145701200000D+12
   0.76543   0.86959   0.88283   0.91482   0.96032    1.0147    1.0782    1.1559
    1.2428    1.1155
    9    0 2.4045600000000D+04 2.8120000000000D+02
   10    0 2.4045600000000D+04 1.5800000000000D+01
* data point #338 end
*  00:  last line of data set (finishing the program)
*---+----+-------------------+-------------------+---------+---------------------
00000    0 2.4045600000000D+04
*---+----+-------------------+-------------------+---------+---------------------
