* data point #3762 begin
*
*---+----+-------------------+-------------------+---------+---------------------
*   1: printout of the result at time [hours]
*---+----+-------------------+-------------------+---------+---------------------
    1    0 0.0000000000000D+00
*---+----+-------------------+-------------------+---------+---------------------
    2    1 0.0000000000000D+00 1.7941700000000D+01
   0.56907   0.83626   0.99612    1.1134    1.1976     1.245    1.2426    1.1793
    1.0106   0.61009
    3    1 0.0000000000000D+00 8.4577173800000D+12
   0.56907   0.83626   0.99612    1.1134    1.1976     1.245    1.2426    1.1793
    1.0106   0.61009
    9    0 0.0000000000000D+00 2.9170000000000D+02
   10    0 0.0000000000000D+00 1.5800000000000D+01
*---+----+-------------------+-------------------+---------+---------------------
*   1: printout of the result at time [hours]
*---+----+-------------------+-------------------+---------+---------------------
    1    0 1.4400000000000D+02
*---+----+-------------------+-------------------+---------+---------------------
    2    1 1.4400000000000D+02 1.8404800000000D+01
   0.73024   0.99094    1.0899     1.136     1.157    1.1576    1.1355    1.0775
   0.93937   0.58593
    3    1 1.4400000000000D+02 8.6962680000000D+12
   0.73024   0.99094    1.0899     1.136     1.157    1.1576    1.1355    1.0775
   0.93937   0.58593
    9    0 1.4400000000000D+02 2.9170000000000D+02
   10    0 1.4400000000000D+02 1.5800000000000D+01
*---+----+-------------------+-------------------+---------+---------------------
*   1: printout of the result at time [hours]
*---+----+-------------------+-------------------+---------+---------------------
    1    0 3.6000000000000D+03
*---+----+-------------------+-------------------+---------+---------------------
    2    1 3.6000000000000D+03 1.9369000000000D+01
   0.85771    1.0931     1.109    1.0933    1.0775    1.0648    1.0543    1.0378
   0.97047    0.6419
    3    1 3.6000000000000D+03 9.1673477000000D+12
   0.85771    1.0931     1.109    1.0933    1.0775    1.0648    1.0543    1.0378
   0.97047    0.6419
    9    0 3.6000000000000D+03 2.9170000000000D+02
   10    0 3.6000000000000D+03 1.5800000000000D+01
*---+----+-------------------+-------------------+---------+---------------------
*   1: printout of the result at time [hours]
*---+----+-------------------+-------------------+---------+---------------------
    1    0 5.7600000000000D+03
*---+----+-------------------+-------------------+---------+---------------------
    2    1 5.7600000000000D+03 2.0237500000000D+01
   0.88203    1.1404     1.128    1.0956    1.0683    1.0465    1.0299    1.0145
   0.95881   0.63605
    3    1 5.7600000000000D+03 9.5581712500000D+12
   0.88203    1.1404     1.128    1.0956    1.0683    1.0465    1.0299    1.0145
   0.95881   0.63605
    9    0 5.7600000000000D+03 2.9170000000000D+02
   10    0 5.7600000000000D+03 1.5800000000000D+01
*---+----+-------------------+-------------------+---------+---------------------
*   1: printout of the result at time [hours]
*---+----+-------------------+-------------------+---------+---------------------
    1    0 6.9888000000000D+03
*---+----+-------------------+-------------------+---------+---------------------
    2    1 6.9888000000000D+03 2.0702600000000D+01
   0.87627    1.1171     1.088    1.0585    1.0398    1.0292    1.0277    1.0376
    1.0278   0.69798
    3    1 6.9888000000000D+03 9.7198707000000D+12
   0.87627    1.1171     1.088    1.0585    1.0398    1.0292    1.0277    1.0376
    1.0278   0.69798
    9    0 6.9888000000000D+03 2.9170000000000D+02
   10    0 6.9888000000000D+03 1.5800000000000D+01
*---+----+-------------------+-------------------+---------+---------------------
*   1: printout of the result at time [hours]
*---+----+-------------------+-------------------+---------+---------------------
    1    0 8.4830000000000D+03
*---+----+-------------------+-------------------+---------+---------------------
    2    1 8.4830000000000D+03 1.7678100000000D+01
   0.72508    0.9096   0.91678   0.94213   0.98404    1.0359    1.0996    1.1842
    1.2807   0.92193
    3    1 8.4830000000000D+03 7.9321634700000D+12
   0.72508    0.9096   0.91678   0.94213   0.98404    1.0359    1.0996    1.1842
    1.2807   0.92193
    9    0 8.4830000000000D+03 2.7520000000000D+02
   10    0 8.4830000000000D+03 1.5800000000000D+01
*---+----+-------------------+-------------------+---------+---------------------
*   1: printout of the result at time [hours]
*---+----+-------------------+-------------------+---------+---------------------
    1    0 8.4850000000000D+03
*---+----+-------------------+-------------------+---------+---------------------
    2    1 8.4850000000000D+03 2.5342900000000D+01
   0.68165   0.99176    1.0855    1.1334    1.1582    1.1591    1.1353     1.084
   0.97538   0.59575
    3    1 8.4850000000000D+03 1.2648641390000D+13
   0.68165   0.99176    1.0855    1.1334    1.1582    1.1591    1.1353     1.084
   0.97538   0.59575
    9    0 8.4850000000000D+03 2.9170000000000D+02
   10    0 8.4850000000000D+03 1.5800000000000D+01
*---+----+-------------------+-------------------+---------+---------------------
*   1: printout of the result at time [hours]
*---+----+-------------------+-------------------+---------+---------------------
    1    0 8.6280000000000D+03
*---+----+-------------------+-------------------+---------+---------------------
    2    1 8.6280000000000D+03 2.4773100000000D+01
   0.79913     1.098    1.1471    1.1385    1.1236    1.0989    1.0649    1.0185
   0.92895   0.58241
    3    1 8.6280000000000D+03 1.2337003800000D+13
   0.79913     1.098    1.1471    1.1385    1.1236    1.0989    1.0649    1.0185
   0.92895   0.58241
    9    0 8.6280000000000D+03 2.9170000000000D+02
   10    0 8.6280000000000D+03 1.5800000000000D+01
*---+----+-------------------+-------------------+---------+---------------------
*   1: printout of the result at time [hours]
*---+----+-------------------+-------------------+---------+---------------------
    1    0 9.9240000000000D+03
*---+----+-------------------+-------------------+---------+---------------------
    2    1 9.9240000000000D+03 2.4384200000000D+01
   0.83681    1.0978    1.1218    1.1038    1.0902    1.0745    1.0557    1.0296
   0.96382   0.62598
    3    1 9.9240000000000D+03 1.2240868400000D+13
   0.83681    1.0978    1.1218    1.1038    1.0902    1.0745    1.0557    1.0296
   0.96382   0.62598
    9    0 9.9240000000000D+03 2.9170000000000D+02
   10    0 9.9240000000000D+03 1.5800000000000D+01
*---+----+-------------------+-------------------+---------+---------------------
*   1: printout of the result at time [hours]
*---+----+-------------------+-------------------+---------+---------------------
    1    0 1.1529600000000D+04
*---+----+-------------------+-------------------+---------+---------------------
    2    1 1.1529600000000D+04 2.3806100000000D+01
   0.85734     1.078    1.0735    1.0584    1.0486    1.0428     1.042    1.0468
     1.034   0.71847
    3    1 1.1529600000000D+04 1.2010177450000D+13
   0.85734     1.078    1.0735    1.0584    1.0486    1.0428     1.042    1.0468
     1.034   0.71847
    9    0 1.1529600000000D+04 2.9170000000000D+02
   10    0 1.1529600000000D+04 1.5800000000000D+01
*---+----+-------------------+-------------------+---------+---------------------
*   1: printout of the result at time [hours]
*---+----+-------------------+-------------------+---------+---------------------
    1    0 1.3384800000000D+04
*---+----+-------------------+-------------------+---------+---------------------
    2    1 1.3384800000000D+04 1.8868900000000D+01
   0.69299   0.85882   0.88654   0.92539   0.97912    1.0426    1.1166    1.2066
    1.3064   0.98495
    3    1 1.3384800000000D+04 9.0985835800000D+12
   0.69299   0.85882   0.88654   0.92539   0.97912    1.0426    1.1166    1.2066
    1.3064   0.98495
    9    0 1.3384800000000D+04 2.7330000000000D+02
   10    0 1.3384800000000D+04 1.5800000000000D+01
*---+----+-------------------+-------------------+---------+---------------------
*   1: printout of the result at time [hours]
*---+----+-------------------+-------------------+---------+---------------------
    1    0 1.3388600000000D+04
*---+----+-------------------+-------------------+---------+---------------------
    2    1 1.3388600000000D+04 1.1653900000000D+01
   0.53913   0.69522    0.7552   0.83354   0.93368    1.0517     1.188    1.3457
    1.4965    1.1613
    3    1 1.3388600000000D+04 5.6136836300000D+12
   0.53913   0.69522    0.7552   0.83354   0.93368    1.0517     1.188    1.3457
    1.4965    1.1613
    9    0 1.3388600000000D+04 2.8340000000000D+02
   10    0 1.3388600000000D+04 1.5800000000000D+01
*---+----+-------------------+-------------------+---------+---------------------
*   1: printout of the result at time [hours]
*---+----+-------------------+-------------------+---------+---------------------
    1    0 1.3390600000000D+04
*---+----+-------------------+-------------------+---------+---------------------
    2    1 1.3390600000000D+04 2.4248800000000D+01
   0.78309     1.042     1.114    1.1464    1.1506    1.1266    1.0837     1.023
   0.92693    0.6037
    3    1 1.3390600000000D+04 1.3057978800000D+13
   0.78309     1.042     1.114    1.1464    1.1506    1.1266    1.0837     1.023
   0.92693    0.6037
    9    0 1.3390600000000D+04 2.9170000000000D+02
   10    0 1.3390600000000D+04 1.5800000000000D+01
*---+----+-------------------+-------------------+---------+---------------------
*   1: printout of the result at time [hours]
*---+----+-------------------+-------------------+---------+---------------------
    1    0 1.3533600000000D+04
*---+----+-------------------+-------------------+---------+---------------------
    2    1 1.3533600000000D+04 2.4273900000000D+01
   0.88704    1.1231    1.1537    1.1383    1.1132    1.0765    1.0321   0.97982
   0.89887   0.59735
    3    1 1.3533600000000D+04 1.3056930810000D+13
   0.88704    1.1231    1.1537    1.1383    1.1132    1.0765    1.0321   0.97982
   0.89887   0.59735
    9    0 1.3533600000000D+04 2.9170000000000D+02
   10    0 1.3533600000000D+04 1.5800000000000D+01
*---+----+-------------------+-------------------+---------+---------------------
*   1: printout of the result at time [hours]
*---+----+-------------------+-------------------+---------+---------------------
    1    0 1.4949600000000D+04
*---+----+-------------------+-------------------+---------+---------------------
    2    1 1.4949600000000D+04 2.3736500000000D+01
   0.89015    1.0768    1.0824    1.0762    1.0672    1.0554    1.0418    1.0262
   0.99033   0.69349
    3    1 1.4949600000000D+04 1.2827204600000D+13
   0.89015    1.0768    1.0824    1.0762    1.0672    1.0554    1.0418    1.0262
   0.99033   0.69349
    9    0 1.4949600000000D+04 2.9170000000000D+02
   10    0 1.4949600000000D+04 1.5800000000000D+01
*---+----+-------------------+-------------------+---------+---------------------
*   1: printout of the result at time [hours]
*---+----+-------------------+-------------------+---------+---------------------
    1    0 1.5775200000000D+04
*---+----+-------------------+-------------------+---------+---------------------
    2    1 1.5775200000000D+04 2.3457200000000D+01
   0.90616    1.0724    1.0635    1.0536    1.0454    1.0378    1.0321    1.0302
    1.0192   0.73952
    3    1 1.5775200000000D+04 1.2680962320000D+13
   0.90616    1.0724    1.0635    1.0536    1.0454    1.0378    1.0321    1.0302
    1.0192   0.73952
    9    0 1.5775200000000D+04 2.9170000000000D+02
   10    0 1.5775200000000D+04 1.5800000000000D+01
*---+----+-------------------+-------------------+---------+---------------------
*   1: printout of the result at time [hours]
*---+----+-------------------+-------------------+---------+---------------------
    1    0 1.6412600000000D+04
*---+----+-------------------+-------------------+---------+---------------------
    2    1 1.6412600000000D+04 2.2322200000000D+01
   0.80772   0.95062   0.96487   0.98718    1.0161    1.0473    1.0808    1.1188
    1.1592   0.86739
    3    1 1.6412600000000D+04 1.1806211580000D+13
   0.80772   0.95062   0.96487   0.98718    1.0161    1.0473    1.0808    1.1188
    1.1592   0.86739
    9    0 1.6412600000000D+04 2.8320000000000D+02
   10    0 1.6412600000000D+04 1.5800000000000D+01
*---+----+-------------------+-------------------+---------+---------------------
*   1: printout of the result at time [hours]
*---+----+-------------------+-------------------+---------+---------------------
    1    0 1.6414600000000D+04
*---+----+-------------------+-------------------+---------+---------------------
    2    1 1.6414600000000D+04 1.8984900000000D+01
   0.44309   0.61575   0.73216   0.86158   0.99895    1.1351    1.2608    1.3652
    1.4319    1.1554
    3    1 1.6414600000000D+04 1.0844174880000D+13
   0.44309   0.61575   0.73216   0.86158   0.99895    1.1351    1.2608    1.3652
    1.4319    1.1554
    9    0 1.6414600000000D+04 2.9170000000000D+02
   10    0 1.6414600000000D+04 1.5800000000000D+01
*---+----+-------------------+-------------------+---------+---------------------
*   1: printout of the result at time [hours]
*---+----+-------------------+-------------------+---------+---------------------
    1    0 1.6557600000000D+04
*---+----+-------------------+-------------------+---------+---------------------
    2    1 1.6557600000000D+04 1.9222500000000D+01
   0.64638   0.83272   0.90176   0.96501    1.0272    1.0869    1.1427    1.1915
    1.2188   0.98697
    3    1 1.6557600000000D+04 1.0977969750000D+13
   0.64638   0.83272   0.90176   0.96501    1.0272    1.0869    1.1427    1.1915
    1.2188   0.98697
    9    0 1.6557600000000D+04 2.9170000000000D+02
   10    0 1.6557600000000D+04 1.5800000000000D+01
*---+----+-------------------+-------------------+---------+---------------------
*   1: printout of the result at time [hours]
*---+----+-------------------+-------------------+---------+---------------------
    1    0 2.1813600000000D+04
*---+----+-------------------+-------------------+---------+---------------------
    2    1 2.1813600000000D+04 1.9627800000000D+01
   0.89781    1.0594    1.0596    1.0487    1.0383    1.0295    1.0231    1.0189
    1.0035   0.82128
    3    1 2.1813600000000D+04 1.1521518600000D+13
   0.89781    1.0594    1.0596    1.0487    1.0383    1.0295    1.0231    1.0189
    1.0035   0.82128
    9    0 2.1813600000000D+04 2.9170000000000D+02
   10    0 2.1813600000000D+04 1.5800000000000D+01
*---+----+-------------------+-------------------+---------+---------------------
*   1: printout of the result at time [hours]
*---+----+-------------------+-------------------+---------+---------------------
    1    0 2.3695200000000D+04
*---+----+-------------------+-------------------+---------+---------------------
    2    1 2.3695200000000D+04 1.9415000000000D+01
   0.89833    1.0245    1.0116    1.0035    1.0038    1.0096    1.0215     1.043
    1.0767    0.9076
    3    1 2.3695200000000D+04 1.1458733000000D+13
   0.89833    1.0245    1.0116    1.0035    1.0038    1.0096    1.0215     1.043
    1.0767    0.9076
    9    0 2.3695200000000D+04 2.9170000000000D+02
   10    0 2.3695200000000D+04 1.5800000000000D+01
*---+----+-------------------+-------------------+---------+---------------------
*   1: printout of the result at time [hours]
*---+----+-------------------+-------------------+---------+---------------------
    1    0 2.4431000000000D+04
*---+----+-------------------+-------------------+---------+---------------------
    2    1 2.4431000000000D+04 1.7860600000000D+01
   0.79163   0.89941   0.90635   0.93043   0.96777     1.013    1.0665    1.1341
    1.2127    1.0781
    3    1 2.4431000000000D+04 1.0255556520000D+13
   0.79163   0.89941   0.90635   0.93043   0.96777     1.013    1.0665    1.1341
    1.2127    1.0781
    9    0 2.4431000000000D+04 2.8110000000000D+02
   10    0 2.4431000000000D+04 1.5800000000000D+01
*---+----+-------------------+-------------------+---------+---------------------
*   1: printout of the result at time [hours]
*---+----+-------------------+-------------------+---------+---------------------
    1    0 2.4433000000000D+04
*---+----+-------------------+-------------------+---------+---------------------
    2    1 2.4433000000000D+04 1.1059900000000D+01
   0.53373   0.72804   0.86429   0.98627    1.0931    1.1787    1.2333    1.2426
    1.1913   0.94865
    3    1 2.4433000000000D+04 6.8836817600000D+12
   0.53373   0.72804   0.86429   0.98627    1.0931    1.1787    1.2333    1.2426
    1.1913   0.94865
    9    0 2.4433000000000D+04 2.9170000000000D+02
   10    0 2.4433000000000D+04 1.5800000000000D+01
*---+----+-------------------+-------------------+---------+---------------------
*   1: printout of the result at time [hours]
*---+----+-------------------+-------------------+---------+---------------------
    1    0 2.4576000000000D+04
*---+----+-------------------+-------------------+---------+---------------------
    2    1 2.4576000000000D+04 1.1019600000000D+01
   0.73043   0.92027   0.99858     1.047    1.0795    1.1007    1.1186    1.0968
    1.0525   0.85566
    3    1 2.4576000000000D+04 6.7924814400000D+12
   0.73043   0.92027   0.99858     1.047    1.0795    1.1007    1.1186    1.0968
    1.0525   0.85566
    9    0 2.4576000000000D+04 2.9170000000000D+02
   10    0 2.4576000000000D+04 1.5800000000000D+01
*---+----+-------------------+-------------------+---------+---------------------
*   1: printout of the result at time [hours]
*---+----+-------------------+-------------------+---------+---------------------
    1    0 2.8032000000000D+04
*---+----+-------------------+-------------------+---------+---------------------
    2    1 2.8032000000000D+04 1.2050200000000D+01
   0.87119    1.0514    1.0801    1.0655    1.0526     1.041    1.0309    1.0174
   0.98272   0.80712
    3    1 2.8032000000000D+04 7.3855675800000D+12
   0.87119    1.0514    1.0801    1.0655    1.0526     1.041    1.0309    1.0174
   0.98272   0.80712
    9    0 2.8032000000000D+04 2.9170000000000D+02
   10    0 2.8032000000000D+04 1.5800000000000D+01
*---+----+-------------------+-------------------+---------+---------------------
*   1: printout of the result at time [hours]
*---+----+-------------------+-------------------+---------+---------------------
    1    0 2.9832000000000D+04
*---+----+-------------------+-------------------+---------+---------------------
    2    1 2.9832000000000D+04 1.2742000000000D+01
   0.88973    1.0879    1.1121    1.0855    1.0614    1.0384    1.0171   0.99302
   0.94632   0.76856
    3    1 2.9832000000000D+04 7.8044750000000D+12
   0.88973    1.0879    1.1121    1.0855    1.0614    1.0384    1.0171   0.99302
   0.94632   0.76856
    9    0 2.9832000000000D+04 2.9170000000000D+02
   10    0 2.9832000000000D+04 1.5800000000000D+01
*---+----+-------------------+-------------------+---------+---------------------
*   1: printout of the result at time [hours]
*---+----+-------------------+-------------------+---------+---------------------
    1    0 3.1586400000000D+04
*---+----+-------------------+-------------------+---------+---------------------
    2    1 3.1586400000000D+04 1.3159800000000D+01
    0.8488    1.0086    1.0116    1.0107    1.0191     1.033    1.0505     1.069
    1.0649   0.88375
    3    1 3.1586400000000D+04 8.0287939800000D+12
    0.8488    1.0086    1.0116    1.0107    1.0191     1.033    1.0505     1.069
    1.0649   0.88375
    9    0 3.1586400000000D+04 2.9170000000000D+02
   10    0 3.1586400000000D+04 1.5800000000000D+01
*---+----+-------------------+-------------------+---------+---------------------
*   1: printout of the result at time [hours]
*---+----+-------------------+-------------------+---------+---------------------
    1    0 3.2529600000000D+04
*---+----+-------------------+-------------------+---------+---------------------
    2    1 3.2529600000000D+04 1.1621400000000D+01
   0.71799   0.85084   0.87528   0.91306   0.96675    1.0303    1.1032    1.1863
     1.268    1.0882
    3    1 3.2529600000000D+04 6.8949766200000D+12
   0.71799   0.85084   0.87528   0.91306   0.96675    1.0303    1.1032    1.1863
     1.268    1.0882
    9    0 3.2529600000000D+04 2.8120000000000D+02
   10    0 3.2529600000000D+04 1.5800000000000D+01
* data point #3762 end
*  00:  last line of data set (finishing the program)
*---+----+-------------------+-------------------+---------+---------------------
00000    0 3.2529600000000D+04
*---+----+-------------------+-------------------+---------+---------------------
