* data point #3621 begin
*
*---+----+-------------------+-------------------+---------+---------------------
*   1: printout of the result at time [hours]
*---+----+-------------------+-------------------+---------+---------------------
    1    0 0.0000000000000D+00
*---+----+-------------------+-------------------+---------+---------------------
    2    1 0.0000000000000D+00 2.2388000000000D+01
   0.51461   0.72391   0.86073   0.98361    1.0974    1.1953    1.2672    1.3028
    1.2283   0.82616
    3    1 0.0000000000000D+00 1.1005940800000D+13
   0.51461   0.72391   0.86073   0.98361    1.0974    1.1953    1.2672    1.3028
    1.2283   0.82616
    9    0 0.0000000000000D+00 2.9170000000000D+02
   10    0 0.0000000000000D+00 1.5800000000000D+01
*---+----+-------------------+-------------------+---------+---------------------
*   1: printout of the result at time [hours]
*---+----+-------------------+-------------------+---------+---------------------
    1    0 1.4400000000000D+02
*---+----+-------------------+-------------------+---------+---------------------
    2    1 1.4400000000000D+02 2.2243100000000D+01
   0.72616   0.94029    1.0177    1.0619     1.094    1.1177    1.1351    1.1257
    1.0592   0.72229
    3    1 1.4400000000000D+02 1.0941380890000D+13
   0.72616   0.94029    1.0177    1.0619     1.094    1.1177    1.1351    1.1257
    1.0592   0.72229
    9    0 1.4400000000000D+02 2.9170000000000D+02
   10    0 1.4400000000000D+02 1.5800000000000D+01
*---+----+-------------------+-------------------+---------+---------------------
*   1: printout of the result at time [hours]
*---+----+-------------------+-------------------+---------+---------------------
    1    0 5.4000000000000D+03
*---+----+-------------------+-------------------+---------+---------------------
    2    1 5.4000000000000D+03 2.4832700000000D+01
   0.88794    1.1521     1.156    1.1236    1.0892    1.0566    1.0261   0.99232
   0.91657   0.59957
    3    1 5.4000000000000D+03 1.1728484210000D+13
   0.88794    1.1521     1.156    1.1236    1.0892    1.0566    1.0261   0.99232
   0.91657   0.59957
    9    0 5.4000000000000D+03 2.9170000000000D+02
   10    0 5.4000000000000D+03 1.5800000000000D+01
*---+----+-------------------+-------------------+---------+---------------------
*   1: printout of the result at time [hours]
*---+----+-------------------+-------------------+---------+---------------------
    1    0 7.2816000000000D+03
*---+----+-------------------+-------------------+---------+---------------------
    2    1 7.2816000000000D+03 2.5009900000000D+01
   0.87577    1.1089    1.0896    1.0662    1.0509    1.0411    1.0363    1.0369
    1.0132   0.68105
    3    1 7.2816000000000D+03 1.1757153990000D+13
   0.87577    1.1089    1.0896    1.0662    1.0509    1.0411    1.0363    1.0369
    1.0132   0.68105
    9    0 7.2816000000000D+03 2.9170000000000D+02
   10    0 7.2816000000000D+03 1.5800000000000D+01
*---+----+-------------------+-------------------+---------+---------------------
*   1: printout of the result at time [hours]
*---+----+-------------------+-------------------+---------+---------------------
    1    0 8.0174000000000D+03
*---+----+-------------------+-------------------+---------+---------------------
    2    1 8.0174000000000D+03 2.3421400000000D+01
   0.77126   0.97129   0.97928   0.99337    1.0196    1.0523    1.0909    1.1378
    1.1677   0.81648
    3    1 8.0174000000000D+03 1.0715290500000D+13
   0.77126   0.97129   0.97928   0.99337    1.0196    1.0523    1.0909    1.1378
    1.1677   0.81648
    9    0 8.0174000000000D+03 2.8110000000000D+02
   10    0 8.0174000000000D+03 1.5800000000000D+01
*---+----+-------------------+-------------------+---------+---------------------
*   1: printout of the result at time [hours]
*---+----+-------------------+-------------------+---------+---------------------
    1    0 8.0194000000000D+03
*---+----+-------------------+-------------------+---------+---------------------
    2    1 8.0194000000000D+03 2.4711500000000D+01
    0.4485   0.71133   0.85932   0.99395    1.1173    1.2202     1.291    1.3197
    1.2293   0.80938
    3    1 8.0194000000000D+03 1.2585566950000D+13
    0.4485   0.71133   0.85932   0.99395    1.1173    1.2202     1.291    1.3197
    1.2293   0.80938
    9    0 8.0194000000000D+03 2.9170000000000D+02
   10    0 8.0194000000000D+03 1.5800000000000D+01
*---+----+-------------------+-------------------+---------+---------------------
*   1: printout of the result at time [hours]
*---+----+-------------------+-------------------+---------+---------------------
    1    0 8.1624000000000D+03
*---+----+-------------------+-------------------+---------+---------------------
    2    1 8.1624000000000D+03 2.4710500000000D+01
   0.63791   0.93139    1.0233    1.0784    1.1174    1.1431    1.1579     1.142
     1.061   0.70759
    3    1 8.1624000000000D+03 1.2594941850000D+13
   0.63791   0.93139    1.0233    1.0784    1.1174    1.1431    1.1579     1.142
     1.061   0.70759
    9    0 8.1624000000000D+03 2.9170000000000D+02
   10    0 8.1624000000000D+03 1.5800000000000D+01
*---+----+-------------------+-------------------+---------+---------------------
*   1: printout of the result at time [hours]
*---+----+-------------------+-------------------+---------+---------------------
    1    0 1.1618400000000D+04
*---+----+-------------------+-------------------+---------+---------------------
    2    1 1.1618400000000D+04 2.2928700000000D+01
   0.84519    1.0802    1.0851     1.072    1.0599    1.0504    1.0439    1.0381
    1.0007   0.72455
    3    1 1.1618400000000D+04 1.1897702430000D+13
   0.84519    1.0802    1.0851     1.072    1.0599    1.0504    1.0439    1.0381
    1.0007   0.72455
    9    0 1.1618400000000D+04 2.9170000000000D+02
   10    0 1.1618400000000D+04 1.5800000000000D+01
*---+----+-------------------+-------------------+---------+---------------------
*   1: printout of the result at time [hours]
*---+----+-------------------+-------------------+---------+---------------------
    1    0 1.3778400000000D+04
*---+----+-------------------+-------------------+---------+---------------------
    2    1 1.3778400000000D+04 2.1807800000000D+01
   0.89963    1.0947    1.0789    1.0608    1.0463    1.0342     1.025     1.019
   0.99345   0.74799
    3    1 1.3778400000000D+04 1.1418564080000D+13
   0.89963    1.0947    1.0789    1.0608    1.0463    1.0342     1.025     1.019
   0.99345   0.74799
    9    0 1.3778400000000D+04 2.9170000000000D+02
   10    0 1.3778400000000D+04 1.5800000000000D+01
*---+----+-------------------+-------------------+---------+---------------------
*   1: printout of the result at time [hours]
*---+----+-------------------+-------------------+---------+---------------------
    1    0 1.5081600000000D+04
*---+----+-------------------+-------------------+---------+---------------------
    2    1 1.5081600000000D+04 2.1517500000000D+01
    0.8943    1.0511     1.033    1.0215     1.019    1.0208    1.0271    1.0422
    1.0596   0.83137
    3    1 1.5081600000000D+04 1.1326812000000D+13
    0.8943    1.0511     1.033    1.0215     1.019    1.0208    1.0271    1.0422
    1.0596   0.83137
    9    0 1.5081600000000D+04 2.9170000000000D+02
   10    0 1.5081600000000D+04 1.5800000000000D+01
*---+----+-------------------+-------------------+---------+---------------------
*   1: printout of the result at time [hours]
*---+----+-------------------+-------------------+---------+---------------------
    1    0 1.5503000000000D+04
*---+----+-------------------+-------------------+---------+---------------------
    2    1 1.5503000000000D+04 2.0226300000000D+01
   0.80549   0.94872   0.95045    0.9673   0.99603    1.0301    1.0688    1.1172
    1.1737   0.94224
    3    1 1.5503000000000D+04 1.0477223400000D+13
   0.80549   0.94872   0.95045    0.9673   0.99603    1.0301    1.0688    1.1172
    1.1737   0.94224
    9    0 1.5503000000000D+04 2.8640000000000D+02
   10    0 1.5503000000000D+04 1.5800000000000D+01
*---+----+-------------------+-------------------+---------+---------------------
*   1: printout of the result at time [hours]
*---+----+-------------------+-------------------+---------+---------------------
    1    0 1.5505000000000D+04
*---+----+-------------------+-------------------+---------+---------------------
    2    1 1.5505000000000D+04 1.5599600000000D+01
   0.50347   0.72143   0.85605     0.984    1.1015    1.1993    1.2666    1.2972
    1.2345   0.83598
    3    1 1.5505000000000D+04 8.7716550800000D+12
   0.50347   0.72143   0.85605     0.984    1.1015    1.1993    1.2666    1.2972
    1.2345   0.83598
    9    0 1.5505000000000D+04 2.9170000000000D+02
   10    0 1.5505000000000D+04 1.5800000000000D+01
*---+----+-------------------+-------------------+---------+---------------------
*   1: printout of the result at time [hours]
*---+----+-------------------+-------------------+---------+---------------------
    1    0 1.5648000000000D+04
*---+----+-------------------+-------------------+---------+---------------------
    2    1 1.5648000000000D+04 1.5769100000000D+01
   0.69909   0.92637    1.0035    1.0563     1.096    1.1239    1.1423     1.133
    1.0793   0.74025
    3    1 1.5648000000000D+04 8.8417343700000D+12
   0.69909   0.92637    1.0035    1.0563     1.096    1.1239    1.1423     1.133
    1.0793   0.74025
    9    0 1.5648000000000D+04 2.9170000000000D+02
   10    0 1.5648000000000D+04 1.5800000000000D+01
*---+----+-------------------+-------------------+---------+---------------------
*   1: printout of the result at time [hours]
*---+----+-------------------+-------------------+---------+---------------------
    1    0 1.9104000000000D+04
*---+----+-------------------+-------------------+---------+---------------------
    2    1 1.9104000000000D+04 1.6188700000000D+01
   0.87326    1.0705    1.0871    1.0714    1.0601    1.0504    1.0424    1.0332
   0.99761   0.71408
    3    1 1.9104000000000D+04 9.1077626200000D+12
   0.87326    1.0705    1.0871    1.0714    1.0601    1.0504    1.0424    1.0332
   0.99761   0.71408
    9    0 1.9104000000000D+04 2.9170000000000D+02
   10    0 1.9104000000000D+04 1.5800000000000D+01
*---+----+-------------------+-------------------+---------+---------------------
*   1: printout of the result at time [hours]
*---+----+-------------------+-------------------+---------+---------------------
    1    0 2.0904000000000D+04
*---+----+-------------------+-------------------+---------+---------------------
    2    1 2.0904000000000D+04 1.6260900000000D+01
   0.90616    1.1004    1.1019    1.0829    1.0624    1.0433    1.0263    1.0092
   0.96864   0.69885
    3    1 2.0904000000000D+04 9.1890345900000D+12
   0.90616    1.1004    1.1019    1.0829    1.0624    1.0433    1.0263    1.0092
   0.96864   0.69885
    9    0 2.0904000000000D+04 2.9170000000000D+02
   10    0 2.0904000000000D+04 1.5800000000000D+01
*---+----+-------------------+-------------------+---------+---------------------
*   1: printout of the result at time [hours]
*---+----+-------------------+-------------------+---------+---------------------
    1    0 2.2658400000000D+04
*---+----+-------------------+-------------------+---------+---------------------
    2    1 2.2658400000000D+04 1.6387600000000D+01
   0.87884    1.0262    1.0169    1.0134      1.02    1.0321    1.0483    1.0695
     1.082   0.81275
    3    1 2.2658400000000D+04 9.2557164800000D+12
   0.87884    1.0262    1.0169    1.0134      1.02    1.0321    1.0483    1.0695
     1.082   0.81275
    9    0 2.2658400000000D+04 2.9170000000000D+02
   10    0 2.2658400000000D+04 1.5800000000000D+01
*---+----+-------------------+-------------------+---------+---------------------
*   1: printout of the result at time [hours]
*---+----+-------------------+-------------------+---------+---------------------
    1    0 2.3601600000000D+04
*---+----+-------------------+-------------------+---------+---------------------
    2    1 2.3601600000000D+04 1.4103400000000D+01
   0.74415   0.86596   0.88199   0.91843   0.97133    1.0339    1.1058     1.191
    1.2732    1.0142
    3    1 2.3601600000000D+04 7.7371252400000D+12
   0.74415   0.86596   0.88199   0.91843   0.97133    1.0339    1.1058     1.191
    1.2732    1.0142
    9    0 2.3601600000000D+04 2.8120000000000D+02
   10    0 2.3601600000000D+04 1.5800000000000D+01
* data point #3621 end
*  00:  last line of data set (finishing the program)
*---+----+-------------------+-------------------+---------+---------------------
00000    0 2.3601600000000D+04
*---+----+-------------------+-------------------+---------+---------------------
