* data point #4051 begin
*
*---+----+-------------------+-------------------+---------+---------------------
*   1: printout of the result at time [hours]
*---+----+-------------------+-------------------+---------+---------------------
    1    0 0.0000000000000D+00
*---+----+-------------------+-------------------+---------+---------------------
    2    1 0.0000000000000D+00 2.3694900000000D+01
   0.59346   0.86749    1.0154    1.1143    1.1803    1.2149    1.2105    1.1605
    1.0189   0.62423
    3    1 0.0000000000000D+00 1.1011020030000D+13
   0.59346   0.86749    1.0154    1.1143    1.1803    1.2149    1.2105    1.1605
    1.0189   0.62423
    9    0 0.0000000000000D+00 2.9170000000000D+02
   10    0 0.0000000000000D+00 1.5800000000000D+01
*---+----+-------------------+-------------------+---------+---------------------
*   1: printout of the result at time [hours]
*---+----+-------------------+-------------------+---------+---------------------
    1    0 1.4400000000000D+02
*---+----+-------------------+-------------------+---------+---------------------
    2    1 1.4400000000000D+02 2.4052800000000D+01
   0.75455    1.0183    1.1033    1.1335    1.1412    1.1334    1.1102    1.0625
   0.94588   0.59706
    3    1 1.4400000000000D+02 1.1239873440000D+13
   0.75455    1.0183    1.1033    1.1335    1.1412    1.1334    1.1102    1.0625
   0.94588   0.59706
    9    0 1.4400000000000D+02 2.9170000000000D+02
   10    0 1.4400000000000D+02 1.5800000000000D+01
*---+----+-------------------+-------------------+---------+---------------------
*   1: printout of the result at time [hours]
*---+----+-------------------+-------------------+---------+---------------------
    1    0 3.2400000000000D+03
*---+----+-------------------+-------------------+---------+---------------------
    2    1 3.2400000000000D+03 2.4527600000000D+01
   0.86099    1.1057    1.1209     1.101    1.0798    1.0615    1.0458    1.0269
    0.9623     0.635
    3    1 3.2400000000000D+03 1.1810039400000D+13
   0.86099    1.1057    1.1209     1.101    1.0798    1.0615    1.0458    1.0269
    0.9623     0.635
    9    0 3.2400000000000D+03 2.9170000000000D+02
   10    0 3.2400000000000D+03 1.5800000000000D+01
*---+----+-------------------+-------------------+---------+---------------------
*   1: printout of the result at time [hours]
*---+----+-------------------+-------------------+---------+---------------------
    1    0 5.8800000000000D+03
*---+----+-------------------+-------------------+---------+---------------------
    2    1 5.8800000000000D+03 2.5060000000000D+01
   0.87638     1.148    1.1323    1.0977    1.0676    1.0426    1.0233    1.0091
   0.96457   0.63851
    3    1 5.8800000000000D+03 1.2276894000000D+13
   0.87638     1.148    1.1323    1.0977    1.0676    1.0426    1.0233    1.0091
   0.96457   0.63851
    9    0 5.8800000000000D+03 2.9170000000000D+02
   10    0 5.8800000000000D+03 1.5800000000000D+01
*---+----+-------------------+-------------------+---------+---------------------
*   1: printout of the result at time [hours]
*---+----+-------------------+-------------------+---------+---------------------
    1    0 6.7656000000000D+03
*---+----+-------------------+-------------------+---------+---------------------
    2    1 6.7656000000000D+03 2.4953100000000D+01
   0.88414    1.1354    1.1068    1.0747    1.0513    1.0341    1.0232    1.0208
   0.99923   0.67038
    3    1 6.7656000000000D+03 1.2261953340000D+13
   0.88414    1.1354    1.1068    1.0747    1.0513    1.0341    1.0232    1.0208
   0.99923   0.67038
    9    0 6.7656000000000D+03 2.9170000000000D+02
   10    0 6.7656000000000D+03 1.5800000000000D+01
*---+----+-------------------+-------------------+---------+---------------------
*   1: printout of the result at time [hours]
*---+----+-------------------+-------------------+---------+---------------------
    1    0 7.8446000000000D+03
*---+----+-------------------+-------------------+---------+---------------------
    2    1 7.8446000000000D+03 2.2257100000000D+01
   0.74156   0.94509   0.95354   0.97367    1.0079    1.0495    1.0984    1.1601
    1.2193   0.85096
    3    1 7.8446000000000D+03 1.0603282440000D+13
   0.74156   0.94509   0.95354   0.97367    1.0079    1.0495    1.0984    1.1601
    1.2193   0.85096
    9    0 7.8446000000000D+03 2.7920000000000D+02
   10    0 7.8446000000000D+03 1.5800000000000D+01
*---+----+-------------------+-------------------+---------+---------------------
*   1: printout of the result at time [hours]
*---+----+-------------------+-------------------+---------+---------------------
    1    0 7.8466000000000D+03
*---+----+-------------------+-------------------+---------+---------------------
    2    1 7.8466000000000D+03 1.9798700000000D+01
   0.51771    0.8293   0.98905    1.1101    1.1989    1.2499    1.2543    1.1962
    1.0319   0.62262
    3    1 7.8466000000000D+03 1.0362639580000D+13
   0.51771    0.8293   0.98905    1.1101    1.1989    1.2499    1.2543    1.1962
    1.0319   0.62262
    9    0 7.8466000000000D+03 2.9170000000000D+02
   10    0 7.8466000000000D+03 1.5800000000000D+01
*---+----+-------------------+-------------------+---------+---------------------
*   1: printout of the result at time [hours]
*---+----+-------------------+-------------------+---------+---------------------
    1    0 7.9896000000000D+03
*---+----+-------------------+-------------------+---------+---------------------
    2    1 7.9896000000000D+03 2.0241600000000D+01
   0.66526   0.98382    1.0836    1.1343    1.1602    1.1659    1.1486    1.0955
   0.96203   0.60074
    3    1 7.9896000000000D+03 1.0588380960000D+13
   0.66526   0.98382    1.0836    1.1343    1.1602    1.1659    1.1486    1.0955
   0.96203   0.60074
    9    0 7.9896000000000D+03 2.9170000000000D+02
   10    0 7.9896000000000D+03 1.5800000000000D+01
*---+----+-------------------+-------------------+---------+---------------------
*   1: printout of the result at time [hours]
*---+----+-------------------+-------------------+---------+---------------------
    1    0 1.1445600000000D+04
*---+----+-------------------+-------------------+---------+---------------------
    2    1 1.1445600000000D+04 2.0255100000000D+01
   0.81866    1.0757    1.0891    1.0788    1.0692    1.0631    1.0598    1.0525
    0.9995   0.69365
    3    1 1.1445600000000D+04 1.0688616270000D+13
   0.81866    1.0757    1.0891    1.0788    1.0692    1.0631    1.0598    1.0525
    0.9995   0.69365
    9    0 1.1445600000000D+04 2.9170000000000D+02
   10    0 1.1445600000000D+04 1.5800000000000D+01
*---+----+-------------------+-------------------+---------+---------------------
*   1: printout of the result at time [hours]
*---+----+-------------------+-------------------+---------+---------------------
    1    0 1.3605600000000D+04
*---+----+-------------------+-------------------+---------+---------------------
    2    1 1.3605600000000D+04 2.0317200000000D+01
   0.87291    1.1038    1.0912    1.0684    1.0508    1.0388    1.0322    1.0286
   0.99448    0.7187
    3    1 1.3605600000000D+04 1.0792496640000D+13
   0.87291    1.1038    1.0912    1.0684    1.0508    1.0388    1.0322    1.0286
   0.99448    0.7187
    9    0 1.3605600000000D+04 2.9170000000000D+02
   10    0 1.3605600000000D+04 1.5800000000000D+01
*---+----+-------------------+-------------------+---------+---------------------
*   1: printout of the result at time [hours]
*---+----+-------------------+-------------------+---------+---------------------
    1    0 1.4834400000000D+04
*---+----+-------------------+-------------------+---------+---------------------
    2    1 1.4834400000000D+04 2.0366800000000D+01
   0.87554    1.0751    1.0514    1.0309     1.021    1.0191    1.0265    1.0467
    1.0572   0.79659
    3    1 1.4834400000000D+04 1.0833100920000D+13
   0.87554    1.0751    1.0514    1.0309     1.021    1.0191    1.0265    1.0467
    1.0572   0.79659
    9    0 1.4834400000000D+04 2.9170000000000D+02
   10    0 1.4834400000000D+04 1.5800000000000D+01
*---+----+-------------------+-------------------+---------+---------------------
*   1: printout of the result at time [hours]
*---+----+-------------------+-------------------+---------+---------------------
    1    0 1.6328600000000D+04
*---+----+-------------------+-------------------+---------+---------------------
    2    1 1.6328600000000D+04 1.7301200000000D+01
   0.72637   0.87711   0.88664   0.91664   0.96357     1.021     1.091     1.183
    1.2957    1.0389
    3    1 1.6328600000000D+04 8.8288023600000D+12
   0.72637   0.87711   0.88664   0.91664   0.96357     1.021     1.091     1.183
    1.2957    1.0389
    9    0 1.6328600000000D+04 2.7520000000000D+02
   10    0 1.6328600000000D+04 1.5800000000000D+01
*---+----+-------------------+-------------------+---------+---------------------
*   1: printout of the result at time [hours]
*---+----+-------------------+-------------------+---------+---------------------
    1    0 1.6330600000000D+04
*---+----+-------------------+-------------------+---------+---------------------
    2    1 1.6330600000000D+04 2.2612700000000D+01
    0.6893   0.96503    1.0583    1.1123    1.1437    1.1517    1.1349    1.0898
   0.98852   0.66644
    3    1 1.6330600000000D+04 1.2916374240000D+13
    0.6893   0.96503    1.0583    1.1123    1.1437    1.1517    1.1349    1.0898
   0.98852   0.66644
    9    0 1.6330600000000D+04 2.9170000000000D+02
   10    0 1.6330600000000D+04 1.5800000000000D+01
*---+----+-------------------+-------------------+---------+---------------------
*   1: printout of the result at time [hours]
*---+----+-------------------+-------------------+---------+---------------------
    1    0 1.6473600000000D+04
*---+----+-------------------+-------------------+---------+---------------------
    2    1 1.6473600000000D+04 2.2008900000000D+01
   0.80817    1.0694    1.1133    1.1186    1.1109    1.0931    1.0657     1.025
   0.94253   0.65314
    3    1 1.6473600000000D+04 1.2527465880000D+13
   0.80817    1.0694    1.1133    1.1186    1.1109    1.0931    1.0657     1.025
   0.94253   0.65314
    9    0 1.6473600000000D+04 2.9170000000000D+02
   10    0 1.6473600000000D+04 1.5800000000000D+01
*---+----+-------------------+-------------------+---------+---------------------
*   1: printout of the result at time [hours]
*---+----+-------------------+-------------------+---------+---------------------
    1    0 1.7769600000000D+04
*---+----+-------------------+-------------------+---------+---------------------
    2    1 1.7769600000000D+04 2.1715100000000D+01
   0.84393    1.0694    1.0889    1.0847    1.0777    1.0683    1.0556    1.0351
   0.97656   0.69974
    3    1 1.7769600000000D+04 1.2388464550000D+13
   0.84393    1.0694    1.0889    1.0847    1.0777    1.0683    1.0556    1.0351
   0.97656   0.69974
    9    0 1.7769600000000D+04 2.9170000000000D+02
   10    0 1.7769600000000D+04 1.5800000000000D+01
*---+----+-------------------+-------------------+---------+---------------------
*   1: printout of the result at time [hours]
*---+----+-------------------+-------------------+---------+---------------------
    1    0 1.9375200000000D+04
*---+----+-------------------+-------------------+---------+---------------------
    2    1 1.9375200000000D+04 2.1267500000000D+01
   0.86183    1.0464     1.048    1.0395    1.0356    1.0356    1.0404    1.0509
    1.0449   0.79676
    3    1 1.9375200000000D+04 1.2147996000000D+13
   0.86183    1.0464     1.048    1.0395    1.0356    1.0356    1.0404    1.0509
    1.0449   0.79676
    9    0 1.9375200000000D+04 2.9170000000000D+02
   10    0 1.9375200000000D+04 1.5800000000000D+01
*---+----+-------------------+-------------------+---------+---------------------
*   1: printout of the result at time [hours]
*---+----+-------------------+-------------------+---------+---------------------
    1    0 2.1230400000000D+04
*---+----+-------------------+-------------------+---------+---------------------
    2    1 2.1230400000000D+04 1.6983700000000D+01
   0.69437   0.83462   0.86324   0.90581   0.96316    1.0306    1.1091    1.2042
    1.3133    1.0816
    3    1 2.1230400000000D+04 9.2408311700000D+12
   0.69437   0.83462   0.86324   0.90581   0.96316    1.0306    1.1091    1.2042
    1.3133    1.0816
    9    0 2.1230400000000D+04 2.7330000000000D+02
   10    0 2.1230400000000D+04 1.5800000000000D+01
*---+----+-------------------+-------------------+---------+---------------------
*   1: printout of the result at time [hours]
*---+----+-------------------+-------------------+---------+---------------------
    1    0 2.1234200000000D+04
*---+----+-------------------+-------------------+---------+---------------------
    2    1 2.1234200000000D+04 1.0507400000000D+01
   0.53943   0.67467   0.73405   0.81419    0.9164     1.037    1.1768    1.3392
    1.4973     1.271
    3    1 2.1234200000000D+04 5.7086704200000D+12
   0.53943   0.67467   0.73405   0.81419    0.9164     1.037    1.1768    1.3392
    1.4973     1.271
    9    0 2.1234200000000D+04 2.8340000000000D+02
   10    0 2.1234200000000D+04 1.5800000000000D+01
*---+----+-------------------+-------------------+---------+---------------------
*   1: printout of the result at time [hours]
*---+----+-------------------+-------------------+---------+---------------------
    1    0 2.1236200000000D+04
*---+----+-------------------+-------------------+---------+---------------------
    2    1 2.1236200000000D+04 1.5456900000000D+01
   0.74679    1.0073    1.0971    1.1394    1.1628    1.1376    1.1036    1.0486
   0.94799   0.60879
    3    1 2.1236200000000D+04 9.1767615300000D+12
   0.74679    1.0073    1.0971    1.1394    1.1628    1.1376    1.1036    1.0486
   0.94799   0.60879
    9    0 2.1236200000000D+04 2.9170000000000D+02
   10    0 2.1236200000000D+04 1.5800000000000D+01
*---+----+-------------------+-------------------+---------+---------------------
*   1: printout of the result at time [hours]
*---+----+-------------------+-------------------+---------+---------------------
    1    0 2.1379200000000D+04
*---+----+-------------------+-------------------+---------+---------------------
    2    1 2.1379200000000D+04 1.5841400000000D+01
   0.84936    1.0862    1.1293    1.1316    1.1157    1.0887    1.0537    1.0084
   0.92631   0.61074
    3    1 2.1379200000000D+04 9.3590991200000D+12
   0.84936    1.0862    1.1293    1.1316    1.1157    1.0887    1.0537    1.0084
   0.92631   0.61074
    9    0 2.1379200000000D+04 2.9170000000000D+02
   10    0 2.1379200000000D+04 1.5800000000000D+01
*---+----+-------------------+-------------------+---------+---------------------
*   1: printout of the result at time [hours]
*---+----+-------------------+-------------------+---------+---------------------
    1    0 2.2795200000000D+04
*---+----+-------------------+-------------------+---------+---------------------
    2    1 2.2795200000000D+04 1.6166600000000D+01
   0.85856     1.051    1.0713    1.0721    1.0686    1.0631    1.0561    1.0464
    1.0108     0.702
    3    1 2.2795200000000D+04 9.5140441000000D+12
   0.85856     1.051    1.0713    1.0721    1.0686    1.0631    1.0561    1.0464
    1.0108     0.702
    9    0 2.2795200000000D+04 2.9170000000000D+02
   10    0 2.2795200000000D+04 1.5800000000000D+01
*---+----+-------------------+-------------------+---------+---------------------
*   1: printout of the result at time [hours]
*---+----+-------------------+-------------------+---------+---------------------
    1    0 2.3620800000000D+04
*---+----+-------------------+-------------------+---------+---------------------
    2    1 2.3620800000000D+04 1.6308500000000D+01
   0.87697    1.0473    1.0544    1.0501    1.0464    1.0441    1.0442    1.0481
    1.0393   0.74912
    3    1 2.3620800000000D+04 9.5567810000000D+12
   0.87697    1.0473    1.0544    1.0501    1.0464    1.0441    1.0442    1.0481
    1.0393   0.74912
    9    0 2.3620800000000D+04 2.9170000000000D+02
   10    0 2.3620800000000D+04 1.5800000000000D+01
*---+----+-------------------+-------------------+---------+---------------------
*   1: printout of the result at time [hours]
*---+----+-------------------+-------------------+---------+---------------------
    1    0 2.4258200000000D+04
*---+----+-------------------+-------------------+---------+---------------------
    2    1 2.4258200000000D+04 1.5571300000000D+01
   0.78825   0.93833   0.96126    0.9863    1.0174    1.0516    1.0887    1.1305
    1.1708   0.86679
    3    1 2.4258200000000D+04 8.9239120300000D+12
   0.78825   0.93833   0.96126    0.9863    1.0174    1.0516    1.0887    1.1305
    1.1708   0.86679
    9    0 2.4258200000000D+04 2.8320000000000D+02
   10    0 2.4258200000000D+04 1.5800000000000D+01
*---+----+-------------------+-------------------+---------+---------------------
*   1: printout of the result at time [hours]
*---+----+-------------------+-------------------+---------+---------------------
    1    0 2.4260200000000D+04
*---+----+-------------------+-------------------+---------+---------------------
    2    1 2.4260200000000D+04 8.1829000000000D+00
   0.45424    0.6967   0.84945   0.98156    1.1013    1.2048    1.2815    1.3171
    1.2354   0.87793
    3    1 2.4260200000000D+04 5.1290417200000D+12
   0.45424    0.6967   0.84945   0.98156    1.1013    1.2048    1.2815    1.3171
    1.2354   0.87793
    9    0 2.4260200000000D+04 2.9170000000000D+02
   10    0 2.4260200000000D+04 1.5800000000000D+01
*---+----+-------------------+-------------------+---------+---------------------
*   1: printout of the result at time [hours]
*---+----+-------------------+-------------------+---------+---------------------
    1    0 2.4403200000000D+04
*---+----+-------------------+-------------------+---------+---------------------
    2    1 2.4403200000000D+04 8.3776000000000D+00
   0.63789   0.89727   0.99682    1.0547    1.0969    1.1299    1.1526    1.1526
    1.0881   0.79319
    3    1 2.4403200000000D+04 5.1966252800000D+12
   0.63789   0.89727   0.99682    1.0547    1.0969    1.1299    1.1526    1.1526
    1.0881   0.79319
    9    0 2.4403200000000D+04 2.9170000000000D+02
   10    0 2.4403200000000D+04 1.5800000000000D+01
*---+----+-------------------+-------------------+---------+---------------------
*   1: printout of the result at time [hours]
*---+----+-------------------+-------------------+---------+---------------------
    1    0 2.9659200000000D+04
*---+----+-------------------+-------------------+---------+---------------------
    2    1 2.9659200000000D+04 8.6885000000000D+00
   0.85653    1.0373    1.0484     1.044    1.0402    1.0387      1.04    1.0425
    1.0258   0.82638
    3    1 2.9659200000000D+04 5.2209196500000D+12
   0.85653    1.0373    1.0484     1.044    1.0402    1.0387      1.04    1.0425
    1.0258   0.82638
    9    0 2.9659200000000D+04 2.9170000000000D+02
   10    0 2.9659200000000D+04 1.5800000000000D+01
*---+----+-------------------+-------------------+---------+---------------------
*   1: printout of the result at time [hours]
*---+----+-------------------+-------------------+---------+---------------------
    1    0 3.1540800000000D+04
*---+----+-------------------+-------------------+---------+---------------------
    2    1 3.1540800000000D+04 9.0289000000000D+00
   0.85824   0.99791   0.99425    0.9927    1.0001    1.0141    1.0353    1.0672
    1.1071     0.933
    3    1 3.1540800000000D+04 5.3676810500000D+12
   0.85824   0.99791   0.99425    0.9927    1.0001    1.0141    1.0353    1.0672
    1.1071     0.933
    9    0 3.1540800000000D+04 2.9170000000000D+02
   10    0 3.1540800000000D+04 1.5800000000000D+01
*---+----+-------------------+-------------------+---------+---------------------
*   1: printout of the result at time [hours]
*---+----+-------------------+-------------------+---------+---------------------
    1    0 3.2276600000000D+04
*---+----+-------------------+-------------------+---------+---------------------
    2    1 3.2276600000000D+04 8.5454000000000D+00
   0.76837   0.88878   0.90048   0.92681   0.96719    1.0165     1.075    1.1481
    1.2272    1.0816
    3    1 3.2276600000000D+04 4.9426593600000D+12
   0.76837   0.88878   0.90048   0.92681   0.96719    1.0165     1.075    1.1481
    1.2272    1.0816
    9    0 3.2276600000000D+04 2.8110000000000D+02
   10    0 3.2276600000000D+04 1.5800000000000D+01
*---+----+-------------------+-------------------+---------+---------------------
*   1: printout of the result at time [hours]
*---+----+-------------------+-------------------+---------+---------------------
    1    0 3.2278600000000D+04
*---+----+-------------------+-------------------+---------+---------------------
    2    1 3.2278600000000D+04 8.0914000000000D+00
   0.46271   0.69061   0.84336   0.98117    1.1069    1.2129    1.2872    1.3186
    1.2424   0.85424
    3    1 3.2278600000000D+04 5.3233320600000D+12
   0.46271   0.69061   0.84336   0.98117    1.1069    1.2129    1.2872    1.3186
    1.2424   0.85424
    9    0 3.2278600000000D+04 2.9170000000000D+02
   10    0 3.2278600000000D+04 1.5800000000000D+01
*---+----+-------------------+-------------------+---------+---------------------
*   1: printout of the result at time [hours]
*---+----+-------------------+-------------------+---------+---------------------
    1    0 3.2421600000000D+04
*---+----+-------------------+-------------------+---------+---------------------
    2    1 3.2421600000000D+04 8.3556000000000D+00
   0.65298   0.89461    0.9949     1.058    1.1039    1.1373    1.1601    1.1495
    1.0869   0.76176
    3    1 3.2421600000000D+04 5.4436734000000D+12
   0.65298   0.89461    0.9949     1.058    1.1039    1.1373    1.1601    1.1495
    1.0869   0.76176
    9    0 3.2421600000000D+04 2.9170000000000D+02
   10    0 3.2421600000000D+04 1.5800000000000D+01
*---+----+-------------------+-------------------+---------+---------------------
*   1: printout of the result at time [hours]
*---+----+-------------------+-------------------+---------+---------------------
    1    0 3.5877600000000D+04
*---+----+-------------------+-------------------+---------+---------------------
    2    1 3.5877600000000D+04 8.7264000000000D+00
   0.84353    1.0303    1.0506    1.0501    1.0482    1.0485    1.0514    1.0607
    1.0356   0.78096
    3    1 3.5877600000000D+04 5.5499904000000D+12
   0.84353    1.0303    1.0506    1.0501    1.0482    1.0485    1.0514    1.0607
    1.0356   0.78096
    9    0 3.5877600000000D+04 2.9170000000000D+02
   10    0 3.5877600000000D+04 1.5800000000000D+01
*---+----+-------------------+-------------------+---------+---------------------
*   1: printout of the result at time [hours]
*---+----+-------------------+-------------------+---------+---------------------
    1    0 3.7677600000000D+04
*---+----+-------------------+-------------------+---------+---------------------
    2    1 3.7677600000000D+04 8.7982000000000D+00
   0.89075    1.0473    1.0514    1.0442    1.0381    1.0344    1.0337    1.0362
    1.0273   0.79675
    3    1 3.7677600000000D+04 5.5358274400000D+12
   0.89075    1.0473    1.0514    1.0442    1.0381    1.0344    1.0337    1.0362
    1.0273   0.79675
    9    0 3.7677600000000D+04 2.9170000000000D+02
   10    0 3.7677600000000D+04 1.5800000000000D+01
*---+----+-------------------+-------------------+---------+---------------------
*   1: printout of the result at time [hours]
*---+----+-------------------+-------------------+---------+---------------------
    1    0 3.9432000000000D+04
*---+----+-------------------+-------------------+---------+---------------------
    2    1 3.9432000000000D+04 9.2081000000000D+00
   0.88031   0.99782   0.99087   0.99011   0.99923     1.015    1.0371      1.07
    1.1115     0.908
    3    1 3.9432000000000D+04 5.7265173900000D+12
   0.88031   0.99782   0.99087   0.99011   0.99923     1.015    1.0371      1.07
    1.1115     0.908
    9    0 3.9432000000000D+04 2.9170000000000D+02
   10    0 3.9432000000000D+04 1.5800000000000D+01
*---+----+-------------------+-------------------+---------+---------------------
*   1: printout of the result at time [hours]
*---+----+-------------------+-------------------+---------+---------------------
    1    0 4.0375200000000D+04
*---+----+-------------------+-------------------+---------+---------------------
    2    1 4.0375200000000D+04 8.0540000000000D+00
   0.76024   0.85858   0.87174   0.90514   0.95456    1.0145    1.0851     1.173
    1.2799    1.0973
    3    1 4.0375200000000D+04 4.8734754000000D+12
   0.76024   0.85858   0.87174   0.90514   0.95456    1.0145    1.0851     1.173
    1.2799    1.0973
    9    0 4.0375200000000D+04 2.8120000000000D+02
   10    0 4.0375200000000D+04 1.5800000000000D+01
* data point #4051 end
*  00:  last line of data set (finishing the program)
*---+----+-------------------+-------------------+---------+---------------------
00000    0 4.0375200000000D+04
*---+----+-------------------+-------------------+---------+---------------------
