* data point #4989 begin
*
*---+----+-------------------+-------------------+---------+---------------------
*   1: printout of the result at time [hours]
*---+----+-------------------+-------------------+---------+---------------------
    1    0 0.0000000000000D+00
*---+----+-------------------+-------------------+---------+---------------------
    2    1 0.0000000000000D+00 2.6687900000000D+01
    0.5688    0.8297   0.97846    1.0861    1.1655    1.2137    1.2236    1.1822
     1.051   0.70092
    3    1 0.0000000000000D+00 1.2612701540000D+13
    0.5688    0.8297   0.97846    1.0861    1.1655    1.2137    1.2236    1.1822
     1.051   0.70092
    9    0 0.0000000000000D+00 2.9170000000000D+02
   10    0 0.0000000000000D+00 1.5800000000000D+01
*---+----+-------------------+-------------------+---------+---------------------
*   1: printout of the result at time [hours]
*---+----+-------------------+-------------------+---------+---------------------
    1    0 1.4400000000000D+02
*---+----+-------------------+-------------------+---------+---------------------
    2    1 1.4400000000000D+02 2.6442900000000D+01
   0.75412    1.0136    1.0975    1.1271    1.1449    1.1254    1.1007    1.0509
   0.94097    0.6449
    3    1 1.4400000000000D+02 1.2560377500000D+13
   0.75412    1.0136    1.0975    1.1271    1.1449    1.1254    1.1007    1.0509
   0.94097    0.6449
    9    0 1.4400000000000D+02 2.9170000000000D+02
   10    0 1.4400000000000D+02 1.5800000000000D+01
*---+----+-------------------+-------------------+---------+---------------------
*   1: printout of the result at time [hours]
*---+----+-------------------+-------------------+---------+---------------------
    1    0 5.0400000000000D+03
*---+----+-------------------+-------------------+---------+---------------------
    2    1 5.0400000000000D+03 2.4994600000000D+01
   0.87087    1.1496    1.1647    1.1335    1.0968    1.0611     1.026   0.98401
   0.89711   0.61629
    3    1 5.0400000000000D+03 1.2374826460000D+13
   0.87087    1.1496    1.1647    1.1335    1.0968    1.0611     1.026   0.98401
   0.89711   0.61629
    9    0 5.0400000000000D+03 2.9170000000000D+02
   10    0 5.0400000000000D+03 1.5800000000000D+01
*---+----+-------------------+-------------------+---------+---------------------
*   1: printout of the result at time [hours]
*---+----+-------------------+-------------------+---------+---------------------
    1    0 7.6920000000000D+03
*---+----+-------------------+-------------------+---------+---------------------
    2    1 7.6920000000000D+03 2.4529800000000D+01
   0.86792    1.0984    1.0735    1.0493    1.0376    1.0346    1.0391    1.0489
    1.0271   0.72369
    3    1 7.6920000000000D+03 1.2311506620000D+13
   0.86792    1.0984    1.0735    1.0493    1.0376    1.0346    1.0391    1.0489
    1.0271   0.72369
    9    0 7.6920000000000D+03 2.9170000000000D+02
   10    0 7.6920000000000D+03 1.5800000000000D+01
*---+----+-------------------+-------------------+---------+---------------------
*   1: printout of the result at time [hours]
*---+----+-------------------+-------------------+---------+---------------------
    1    0 8.4782000000000D+03
*---+----+-------------------+-------------------+---------+---------------------
    2    1 8.4782000000000D+03 2.2930000000000D+01
   0.76263   0.95787   0.96184   0.97593    1.0055    1.0444    1.0917    1.1486
    1.1836   0.86795
    3    1 8.4782000000000D+03 1.1228821000000D+13
   0.76263   0.95787   0.96184   0.97593    1.0055    1.0444    1.0917    1.1486
    1.1836   0.86795
    9    0 8.4782000000000D+03 2.8120000000000D+02
   10    0 8.4782000000000D+03 1.5800000000000D+01
*---+----+-------------------+-------------------+---------+---------------------
*   1: printout of the result at time [hours]
*---+----+-------------------+-------------------+---------+---------------------
    1    0 8.4802000000000D+03
*---+----+-------------------+-------------------+---------+---------------------
    2    1 8.4802000000000D+03 2.2969200000000D+01
   0.48125   0.72832   0.86851   0.99764    1.1151    1.2118    1.2774     1.303
    1.2175   0.79946
    3    1 8.4802000000000D+03 1.2458494080000D+13
   0.48125   0.72832   0.86851   0.99764    1.1151    1.2118    1.2774     1.303
    1.2175   0.79946
    9    0 8.4802000000000D+03 2.9170000000000D+02
   10    0 8.4802000000000D+03 1.5800000000000D+01
*---+----+-------------------+-------------------+---------+---------------------
*   1: printout of the result at time [hours]
*---+----+-------------------+-------------------+---------+---------------------
    1    0 8.6232000000000D+03
*---+----+-------------------+-------------------+---------+---------------------
    2    1 8.6232000000000D+03 2.2827200000000D+01
   0.67814   0.94514    1.0252    1.0745    1.1092    1.1316    1.1447    1.1297
    1.0562   0.70565
    3    1 8.6232000000000D+03 1.2390604160000D+13
   0.67814   0.94514    1.0252    1.0745    1.1092    1.1316    1.1447    1.1297
    1.0562   0.70565
    9    0 8.6232000000000D+03 2.9170000000000D+02
   10    0 8.6232000000000D+03 1.5800000000000D+01
*---+----+-------------------+-------------------+---------+---------------------
*   1: printout of the result at time [hours]
*---+----+-------------------+-------------------+---------+---------------------
    1    0 1.2079200000000D+04
*---+----+-------------------+-------------------+---------+---------------------
    2    1 1.2079200000000D+04 2.1768500000000D+01
   0.87039    1.0959    1.0975    1.0799    1.0628    1.0483    1.0371    1.0262
   0.98293   0.69895
    3    1 1.2079200000000D+04 1.1940022250000D+13
   0.87039    1.0959    1.0975    1.0799    1.0628    1.0483    1.0371    1.0262
   0.98293   0.69895
    9    0 1.2079200000000D+04 2.9170000000000D+02
   10    0 1.2079200000000D+04 1.5800000000000D+01
*---+----+-------------------+-------------------+---------+---------------------
*   1: printout of the result at time [hours]
*---+----+-------------------+-------------------+---------+---------------------
    1    0 1.4239200000000D+04
*---+----+-------------------+-------------------+---------+---------------------
    2    1 1.4239200000000D+04 2.1099900000000D+01
   0.91157    1.1224    1.1074     1.082    1.0587    1.0377    1.0194     1.003
   0.96086   0.69688
    3    1 1.4239200000000D+04 1.1659804740000D+13
   0.91157    1.1224    1.1074     1.082    1.0587    1.0377    1.0194     1.003
   0.96086   0.69688
    9    0 1.4239200000000D+04 2.9170000000000D+02
   10    0 1.4239200000000D+04 1.5800000000000D+01
*---+----+-------------------+-------------------+---------+---------------------
*   1: printout of the result at time [hours]
*---+----+-------------------+-------------------+---------+---------------------
    1    0 1.5542400000000D+04
*---+----+-------------------+-------------------+---------+---------------------
    2    1 1.5542400000000D+04 2.0889400000000D+01
   0.89591    1.0732     1.047    1.0338    1.0295     1.029     1.032    1.0408
    1.0373    0.7815
    3    1 1.5542400000000D+04 1.1570638660000D+13
   0.89591    1.0732     1.047    1.0338    1.0295     1.029     1.032    1.0408
    1.0373    0.7815
    9    0 1.5542400000000D+04 2.9170000000000D+02
   10    0 1.5542400000000D+04 1.5800000000000D+01
*---+----+-------------------+-------------------+---------+---------------------
*   1: printout of the result at time [hours]
*---+----+-------------------+-------------------+---------+---------------------
    1    0 1.5963800000000D+04
*---+----+-------------------+-------------------+---------+---------------------
    2    1 1.5963800000000D+04 1.9691700000000D+01
   0.80328     0.957   0.96056   0.97787    1.0071     1.041    1.0787    1.1233
    1.1588    0.8923
    3    1 1.5963800000000D+04 1.0733945670000D+13
   0.80328     0.957   0.96056   0.97787    1.0071     1.041    1.0787    1.1233
    1.1588    0.8923
    9    0 1.5963800000000D+04 2.8640000000000D+02
   10    0 1.5963800000000D+04 1.5800000000000D+01
*---+----+-------------------+-------------------+---------+---------------------
*   1: printout of the result at time [hours]
*---+----+-------------------+-------------------+---------+---------------------
    1    0 1.5965800000000D+04
*---+----+-------------------+-------------------+---------+---------------------
    2    1 1.5965800000000D+04 1.7201600000000D+01
   0.45391   0.63541   0.75708   0.89364     1.035    1.1677    1.2794     1.358
    1.3754    1.0445
    3    1 1.5965800000000D+04 1.0174746400000D+13
   0.45391   0.63541   0.75708   0.89364     1.035    1.1677    1.2794     1.358
    1.3754    1.0445
    9    0 1.5965800000000D+04 2.9170000000000D+02
   10    0 1.5965800000000D+04 1.5800000000000D+01
*---+----+-------------------+-------------------+---------+---------------------
*   1: printout of the result at time [hours]
*---+----+-------------------+-------------------+---------+---------------------
    1    0 1.6108800000000D+04
*---+----+-------------------+-------------------+---------+---------------------
    2    1 1.6108800000000D+04 1.7488000000000D+01
   0.65622    0.8527   0.92538   0.99285    1.0558    1.1104    1.1539    1.1828
    1.1732   0.89679
    3    1 1.6108800000000D+04 1.0351147200000D+13
   0.65622    0.8527   0.92538   0.99285    1.0558    1.1104    1.1539    1.1828
    1.1732   0.89679
    9    0 1.6108800000000D+04 2.9170000000000D+02
   10    0 1.6108800000000D+04 1.5800000000000D+01
*---+----+-------------------+-------------------+---------+---------------------
*   1: printout of the result at time [hours]
*---+----+-------------------+-------------------+---------+---------------------
    1    0 1.9564800000000D+04
*---+----+-------------------+-------------------+---------+---------------------
    2    1 1.9564800000000D+04 1.7655400000000D+01
    0.8564    1.0294    1.0372    1.0378    1.0392    1.0417     1.046    1.0578
      1.04   0.81454
    3    1 1.9564800000000D+04 1.0540273800000D+13
    0.8564    1.0294    1.0372    1.0378    1.0392    1.0417     1.046    1.0578
      1.04   0.81454
    9    0 1.9564800000000D+04 2.9170000000000D+02
   10    0 1.9564800000000D+04 1.5800000000000D+01
*---+----+-------------------+-------------------+---------+---------------------
*   1: printout of the result at time [hours]
*---+----+-------------------+-------------------+---------+---------------------
    1    0 2.1364800000000D+04
*---+----+-------------------+-------------------+---------+---------------------
    2    1 2.1364800000000D+04 1.7523600000000D+01
   0.89611     1.066    1.0609     1.051    1.0417    1.0337    1.0278    1.0241
    1.0055   0.79316
    3    1 2.1364800000000D+04 1.0512407640000D+13
   0.89611     1.066    1.0609     1.051    1.0417    1.0337    1.0278    1.0241
    1.0055   0.79316
    9    0 2.1364800000000D+04 2.9170000000000D+02
   10    0 2.1364800000000D+04 1.5800000000000D+01
*---+----+-------------------+-------------------+---------+---------------------
*   1: printout of the result at time [hours]
*---+----+-------------------+-------------------+---------+---------------------
    1    0 2.3119200000000D+04
*---+----+-------------------+-------------------+---------+---------------------
    2    1 2.3119200000000D+04 1.7449500000000D+01
   0.88364     1.014    1.0032   0.99986    1.0054    1.0165    1.0334    1.0596
    1.0933    0.8912
    3    1 2.3119200000000D+04 1.0474934850000D+13
   0.88364     1.014    1.0032   0.99986    1.0054    1.0165    1.0334    1.0596
    1.0933    0.8912
    9    0 2.3119200000000D+04 2.9170000000000D+02
   10    0 2.3119200000000D+04 1.5800000000000D+01
*---+----+-------------------+-------------------+---------+---------------------
*   1: printout of the result at time [hours]
*---+----+-------------------+-------------------+---------+---------------------
    1    0 2.4062400000000D+04
*---+----+-------------------+-------------------+---------+---------------------
    2    1 2.4062400000000D+04 1.4918200000000D+01
   0.74949   0.85828   0.87175   0.90668   0.95695     1.017    1.0875    1.1747
    1.2718    1.1058
    3    1 2.4062400000000D+04 8.6809005800000D+12
   0.74949   0.85828   0.87175   0.90668   0.95695     1.017    1.0875    1.1747
    1.2718    1.1058
    9    0 2.4062400000000D+04 2.8120000000000D+02
   10    0 2.4062400000000D+04 1.5800000000000D+01
* data point #4989 end
*  00:  last line of data set (finishing the program)
*---+----+-------------------+-------------------+---------+---------------------
00000    0 2.4062400000000D+04
*---+----+-------------------+-------------------+---------+---------------------
