* data point #4997 begin
*
*---+----+-------------------+-------------------+---------+---------------------
*   1: printout of the result at time [hours]
*---+----+-------------------+-------------------+---------+---------------------
    1    0 0.0000000000000D+00
*---+----+-------------------+-------------------+---------+---------------------
    2    1 0.0000000000000D+00 2.4283100000000D+01
   0.51456   0.72388   0.86068   0.98356    1.0974    1.1953    1.2673    1.3028
    1.2283   0.82621
    3    1 0.0000000000000D+00 1.1046382190000D+13
   0.51456   0.72388   0.86068   0.98356    1.0974    1.1953    1.2673    1.3028
    1.2283   0.82621
    9    0 0.0000000000000D+00 2.9170000000000D+02
   10    0 0.0000000000000D+00 1.5800000000000D+01
*---+----+-------------------+-------------------+---------+---------------------
*   1: printout of the result at time [hours]
*---+----+-------------------+-------------------+---------+---------------------
    1    0 1.4400000000000D+02
*---+----+-------------------+-------------------+---------+---------------------
    2    1 1.4400000000000D+02 2.4120600000000D+01
   0.72614   0.94023    1.0177    1.0618     1.094    1.1177    1.1352    1.1257
    1.0592   0.72233
    3    1 1.4400000000000D+02 1.0972460940000D+13
   0.72614   0.94023    1.0177    1.0618     1.094    1.1177    1.1352    1.1257
    1.0592   0.72233
    9    0 1.4400000000000D+02 2.9170000000000D+02
   10    0 1.4400000000000D+02 1.5800000000000D+01
*---+----+-------------------+-------------------+---------+---------------------
*   1: printout of the result at time [hours]
*---+----+-------------------+-------------------+---------+---------------------
    1    0 5.4000000000000D+03
*---+----+-------------------+-------------------+---------+---------------------
    2    1 5.4000000000000D+03 2.4900300000000D+01
   0.88794    1.1521     1.156    1.1236    1.0891    1.0567    1.0261   0.99232
   0.91658   0.59959
    3    1 5.4000000000000D+03 1.1658320460000D+13
   0.88794    1.1521     1.156    1.1236    1.0891    1.0567    1.0261   0.99232
   0.91658   0.59959
    9    0 5.4000000000000D+03 2.9170000000000D+02
   10    0 5.4000000000000D+03 1.5800000000000D+01
*---+----+-------------------+-------------------+---------+---------------------
*   1: printout of the result at time [hours]
*---+----+-------------------+-------------------+---------+---------------------
    1    0 7.2816000000000D+03
*---+----+-------------------+-------------------+---------+---------------------
    2    1 7.2816000000000D+03 2.4650600000000D+01
   0.87576    1.1089    1.0896    1.0662    1.0509    1.0411    1.0364    1.0369
    1.0132   0.68104
    3    1 7.2816000000000D+03 1.1657268740000D+13
   0.87576    1.1089    1.0896    1.0662    1.0509    1.0411    1.0364    1.0369
    1.0132   0.68104
    9    0 7.2816000000000D+03 2.9170000000000D+02
   10    0 7.2816000000000D+03 1.5800000000000D+01
*---+----+-------------------+-------------------+---------+---------------------
*   1: printout of the result at time [hours]
*---+----+-------------------+-------------------+---------+---------------------
    1    0 8.0174000000000D+03
*---+----+-------------------+-------------------+---------+---------------------
    2    1 8.0174000000000D+03 2.3059700000000D+01
    0.7713    0.9713   0.97928   0.99338    1.0196    1.0523    1.0909    1.1378
    1.1677   0.81645
    3    1 8.0174000000000D+03 1.0623603790000D+13
    0.7713    0.9713   0.97928   0.99338    1.0196    1.0523    1.0909    1.1378
    1.1677   0.81645
    9    0 8.0174000000000D+03 2.8110000000000D+02
   10    0 8.0174000000000D+03 1.5800000000000D+01
*---+----+-------------------+-------------------+---------+---------------------
*   1: printout of the result at time [hours]
*---+----+-------------------+-------------------+---------+---------------------
    1    0 8.0194000000000D+03
*---+----+-------------------+-------------------+---------+---------------------
    2    1 8.0194000000000D+03 2.3459700000000D+01
   0.44796   0.71054   0.85854   0.99332    1.1169      1.22    1.2913    1.3205
    1.2305   0.81033
    3    1 8.0194000000000D+03 1.2443024880000D+13
   0.44796   0.71054   0.85854   0.99332    1.1169      1.22    1.2913    1.3205
    1.2305   0.81033
    9    0 8.0194000000000D+03 2.9170000000000D+02
   10    0 8.0194000000000D+03 1.5800000000000D+01
*---+----+-------------------+-------------------+---------+---------------------
*   1: printout of the result at time [hours]
*---+----+-------------------+-------------------+---------+---------------------
    1    0 8.1624000000000D+03
*---+----+-------------------+-------------------+---------+---------------------
    2    1 8.1624000000000D+03 2.3495000000000D+01
    0.6375   0.93084    1.0228     1.078    1.1172    1.1431    1.1581    1.1425
    1.0618   0.70824
    3    1 8.1624000000000D+03 1.2473495500000D+13
    0.6375   0.93084    1.0228     1.078    1.1172    1.1431    1.1581    1.1425
    1.0618   0.70824
    9    0 8.1624000000000D+03 2.9170000000000D+02
   10    0 8.1624000000000D+03 1.5800000000000D+01
*---+----+-------------------+-------------------+---------+---------------------
*   1: printout of the result at time [hours]
*---+----+-------------------+-------------------+---------+---------------------
    1    0 1.1618400000000D+04
*---+----+-------------------+-------------------+---------+---------------------
    2    1 1.1618400000000D+04 2.1948000000000D+01
   0.84523    1.0803    1.0852     1.072    1.0599    1.0504    1.0439     1.038
    1.0006   0.72449
    3    1 1.1618400000000D+04 1.1805829200000D+13
   0.84523    1.0803    1.0852     1.072    1.0599    1.0504    1.0439     1.038
    1.0006   0.72449
    9    0 1.1618400000000D+04 2.9170000000000D+02
   10    0 1.1618400000000D+04 1.5800000000000D+01
*---+----+-------------------+-------------------+---------+---------------------
*   1: printout of the result at time [hours]
*---+----+-------------------+-------------------+---------+---------------------
    1    0 1.3778400000000D+04
*---+----+-------------------+-------------------+---------+---------------------
    2    1 1.3778400000000D+04 2.0942900000000D+01
   0.89978    1.0949    1.0791    1.0609    1.0464    1.0342    1.0248    1.0189
   0.99322    0.7478
    3    1 1.3778400000000D+04 1.1338486060000D+13
   0.89978    1.0949    1.0791    1.0609    1.0464    1.0342    1.0248    1.0189
   0.99322    0.7478
    9    0 1.3778400000000D+04 2.9170000000000D+02
   10    0 1.3778400000000D+04 1.5800000000000D+01
*---+----+-------------------+-------------------+---------+---------------------
*   1: printout of the result at time [hours]
*---+----+-------------------+-------------------+---------+---------------------
    1    0 1.5081600000000D+04
*---+----+-------------------+-------------------+---------+---------------------
    2    1 1.5081600000000D+04 2.0718800000000D+01
    0.8945    1.0513    1.0332    1.0217    1.0191    1.0209     1.027     1.042
    1.0593   0.83108
    3    1 1.5081600000000D+04 1.1256524040000D+13
    0.8945    1.0513    1.0332    1.0217    1.0191    1.0209     1.027     1.042
    1.0593   0.83108
    9    0 1.5081600000000D+04 2.9170000000000D+02
   10    0 1.5081600000000D+04 1.5800000000000D+01
*---+----+-------------------+-------------------+---------+---------------------
*   1: printout of the result at time [hours]
*---+----+-------------------+-------------------+---------+---------------------
    1    0 1.5503000000000D+04
*---+----+-------------------+-------------------+---------+---------------------
    2    1 1.5503000000000D+04 1.9481400000000D+01
   0.80564   0.94896   0.95065   0.96744   0.99613    1.0301    1.0688     1.117
    1.1734   0.94192
    3    1 1.5503000000000D+04 1.0406963880000D+13
   0.80564   0.94896   0.95065   0.96744   0.99613    1.0301    1.0688     1.117
    1.1734   0.94192
    9    0 1.5503000000000D+04 2.8640000000000D+02
   10    0 1.5503000000000D+04 1.5800000000000D+01
*---+----+-------------------+-------------------+---------+---------------------
*   1: printout of the result at time [hours]
*---+----+-------------------+-------------------+---------+---------------------
    1    0 1.5505000000000D+04
*---+----+-------------------+-------------------+---------+---------------------
    2    1 1.5505000000000D+04 1.5289700000000D+01
   0.50328    0.7212   0.85587   0.98393    1.1015    1.1993    1.2667    1.2974
    1.2347   0.83612
    3    1 1.5505000000000D+04 8.7609981000000D+12
   0.50328    0.7212   0.85587   0.98393    1.1015    1.1993    1.2667    1.2974
    1.2347   0.83612
    9    0 1.5505000000000D+04 2.9170000000000D+02
   10    0 1.5505000000000D+04 1.5800000000000D+01
*---+----+-------------------+-------------------+---------+---------------------
*   1: printout of the result at time [hours]
*---+----+-------------------+-------------------+---------+---------------------
    1    0 1.5648000000000D+04
*---+----+-------------------+-------------------+---------+---------------------
    2    1 1.5648000000000D+04 1.5491600000000D+01
   0.69896   0.92624    1.0034    1.0563     1.096     1.124    1.1424     1.133
    1.0794   0.74034
    3    1 1.5648000000000D+04 8.8426052800000D+12
   0.69896   0.92624    1.0034    1.0563     1.096     1.124    1.1424     1.133
    1.0794   0.74034
    9    0 1.5648000000000D+04 2.9170000000000D+02
   10    0 1.5648000000000D+04 1.5800000000000D+01
*---+----+-------------------+-------------------+---------+---------------------
*   1: printout of the result at time [hours]
*---+----+-------------------+-------------------+---------+---------------------
    1    0 1.9104000000000D+04
*---+----+-------------------+-------------------+---------+---------------------
    2    1 1.9104000000000D+04 1.5899800000000D+01
   0.87328    1.0705    1.0871    1.0714    1.0601    1.0504    1.0424    1.0332
   0.99756   0.71403
    3    1 1.9104000000000D+04 9.0883256800000D+12
   0.87328    1.0705    1.0871    1.0714    1.0601    1.0504    1.0424    1.0332
   0.99756   0.71403
    9    0 1.9104000000000D+04 2.9170000000000D+02
   10    0 1.9104000000000D+04 1.5800000000000D+01
*---+----+-------------------+-------------------+---------+---------------------
*   1: printout of the result at time [hours]
*---+----+-------------------+-------------------+---------+---------------------
    1    0 2.0904000000000D+04
*---+----+-------------------+-------------------+---------+---------------------
    2    1 2.0904000000000D+04 1.5954900000000D+01
   0.90624    1.1005     1.102    1.0829    1.0624    1.0433    1.0262    1.0091
   0.96854   0.69872
    3    1 2.0904000000000D+04 9.1485396600000D+12
   0.90624    1.1005     1.102    1.0829    1.0624    1.0433    1.0262    1.0091
   0.96854   0.69872
    9    0 2.0904000000000D+04 2.9170000000000D+02
   10    0 2.0904000000000D+04 1.5800000000000D+01
*---+----+-------------------+-------------------+---------+---------------------
*   1: printout of the result at time [hours]
*---+----+-------------------+-------------------+---------+---------------------
    1    0 2.2658400000000D+04
*---+----+-------------------+-------------------+---------+---------------------
    2    1 2.2658400000000D+04 1.6086300000000D+01
   0.87895    1.0264    1.0171    1.0136    1.0201    1.0321    1.0482    1.0693
    1.0817   0.81249
    3    1 2.2658400000000D+04 9.2254930500000D+12
   0.87895    1.0264    1.0171    1.0136    1.0201    1.0321    1.0482    1.0693
    1.0817   0.81249
    9    0 2.2658400000000D+04 2.9170000000000D+02
   10    0 2.2658400000000D+04 1.5800000000000D+01
*---+----+-------------------+-------------------+---------+---------------------
*   1: printout of the result at time [hours]
*---+----+-------------------+-------------------+---------+---------------------
    1    0 2.3601600000000D+04
*---+----+-------------------+-------------------+---------+---------------------
    2    1 2.3601600000000D+04 1.3827400000000D+01
   0.74417   0.86611   0.88209   0.91861    0.9714     1.034    1.1058    1.1909
     1.273    1.0139
    3    1 2.3601600000000D+04 7.6963308400000D+12
   0.74417   0.86611   0.88209   0.91861    0.9714     1.034    1.1058    1.1909
     1.273    1.0139
    9    0 2.3601600000000D+04 2.8120000000000D+02
   10    0 2.3601600000000D+04 1.5800000000000D+01
* data point #4997 end
*  00:  last line of data set (finishing the program)
*---+----+-------------------+-------------------+---------+---------------------
00000    0 2.3601600000000D+04
*---+----+-------------------+-------------------+---------+---------------------
