* data point #4872 begin
*
*---+----+-------------------+-------------------+---------+---------------------
*   1: printout of the result at time [hours]
*---+----+-------------------+-------------------+---------+---------------------
    1    0 0.0000000000000D+00
*---+----+-------------------+-------------------+---------+---------------------
    2    1 0.0000000000000D+00 2.1650500000000D+01
   0.59361   0.86769    1.0155    1.1144    1.1803    1.2148    1.2103    1.1603
    1.0188   0.62419
    3    1 0.0000000000000D+00 1.1334036750000D+13
   0.59361   0.86769    1.0155    1.1144    1.1803    1.2148    1.2103    1.1603
    1.0188   0.62419
    9    0 0.0000000000000D+00 2.9170000000000D+02
   10    0 0.0000000000000D+00 1.5800000000000D+01
*---+----+-------------------+-------------------+---------+---------------------
*   1: printout of the result at time [hours]
*---+----+-------------------+-------------------+---------+---------------------
    1    0 1.4400000000000D+02
*---+----+-------------------+-------------------+---------+---------------------
    2    1 1.4400000000000D+02 2.1775500000000D+01
   0.75461    1.0184    1.1034    1.1336    1.1411    1.1333    1.1101    1.0625
   0.94583   0.59709
    3    1 1.4400000000000D+02 1.1443025250000D+13
   0.75461    1.0184    1.1034    1.1336    1.1411    1.1333    1.1101    1.0625
   0.94583   0.59709
    9    0 1.4400000000000D+02 2.9170000000000D+02
   10    0 1.4400000000000D+02 1.5800000000000D+01
*---+----+-------------------+-------------------+---------+---------------------
*   1: printout of the result at time [hours]
*---+----+-------------------+-------------------+---------+---------------------
    1    0 3.2400000000000D+03
*---+----+-------------------+-------------------+---------+---------------------
    2    1 3.2400000000000D+03 2.2552000000000D+01
   0.86094    1.1057    1.1209     1.101    1.0798    1.0615    1.0458    1.0269
   0.96235   0.63507
    3    1 3.2400000000000D+03 1.1819503200000D+13
   0.86094    1.1057    1.1209     1.101    1.0798    1.0615    1.0458    1.0269
   0.96235   0.63507
    9    0 3.2400000000000D+03 2.9170000000000D+02
   10    0 3.2400000000000D+03 1.5800000000000D+01
*---+----+-------------------+-------------------+---------+---------------------
*   1: printout of the result at time [hours]
*---+----+-------------------+-------------------+---------+---------------------
    1    0 5.8800000000000D+03
*---+----+-------------------+-------------------+---------+---------------------
    2    1 5.8800000000000D+03 2.3016000000000D+01
   0.87635     1.148    1.1323    1.0977    1.0676    1.0426    1.0233    1.0091
   0.96459   0.63856
    3    1 5.8800000000000D+03 1.2115622400000D+13
   0.87635     1.148    1.1323    1.0977    1.0676    1.0426    1.0233    1.0091
   0.96459   0.63856
    9    0 5.8800000000000D+03 2.9170000000000D+02
   10    0 5.8800000000000D+03 1.5800000000000D+01
*---+----+-------------------+-------------------+---------+---------------------
*   1: printout of the result at time [hours]
*---+----+-------------------+-------------------+---------+---------------------
    1    0 6.7656000000000D+03
*---+----+-------------------+-------------------+---------+---------------------
    2    1 6.7656000000000D+03 2.3047800000000D+01
   0.88412    1.1353    1.1068    1.0747    1.0513    1.0341    1.0232    1.0209
   0.99927   0.67043
    3    1 6.7656000000000D+03 1.2102399780000D+13
   0.88412    1.1353    1.1068    1.0747    1.0513    1.0341    1.0232    1.0209
   0.99927   0.67043
    9    0 6.7656000000000D+03 2.9170000000000D+02
   10    0 6.7656000000000D+03 1.5800000000000D+01
*---+----+-------------------+-------------------+---------+---------------------
*   1: printout of the result at time [hours]
*---+----+-------------------+-------------------+---------+---------------------
    1    0 7.8446000000000D+03
*---+----+-------------------+-------------------+---------+---------------------
    2    1 7.8446000000000D+03 2.0867200000000D+01
   0.74155   0.94507   0.95351   0.97363    1.0078    1.0495    1.0984    1.1601
    1.2193     0.851
    3    1 7.8446000000000D+03 1.0533762560000D+13
   0.74155   0.94507   0.95351   0.97363    1.0078    1.0495    1.0984    1.1601
    1.2193     0.851
    9    0 7.8446000000000D+03 2.7920000000000D+02
   10    0 7.8446000000000D+03 1.5800000000000D+01
*---+----+-------------------+-------------------+---------+---------------------
*   1: printout of the result at time [hours]
*---+----+-------------------+-------------------+---------+---------------------
    1    0 7.8466000000000D+03
*---+----+-------------------+-------------------+---------+---------------------
    2    1 7.8466000000000D+03 2.4760200000000D+01
   0.51781    0.8294   0.98909    1.1102    1.1989    1.2499    1.2543    1.1961
    1.0319   0.62253
    3    1 7.8466000000000D+03 1.2234014820000D+13
   0.51781    0.8294   0.98909    1.1102    1.1989    1.2499    1.2543    1.1961
    1.0319   0.62253
    9    0 7.8466000000000D+03 2.9170000000000D+02
   10    0 7.8466000000000D+03 1.5800000000000D+01
*---+----+-------------------+-------------------+---------+---------------------
*   1: printout of the result at time [hours]
*---+----+-------------------+-------------------+---------+---------------------
    1    0 7.9896000000000D+03
*---+----+-------------------+-------------------+---------+---------------------
    2    1 7.9896000000000D+03 2.5074700000000D+01
   0.66529   0.98386    1.0836    1.1344    1.1603    1.1659    1.1486    1.0955
   0.96197   0.60069
    3    1 7.9896000000000D+03 1.2379379390000D+13
   0.66529   0.98386    1.0836    1.1344    1.1603    1.1659    1.1486    1.0955
   0.96197   0.60069
    9    0 7.9896000000000D+03 2.9170000000000D+02
   10    0 7.9896000000000D+03 1.5800000000000D+01
*---+----+-------------------+-------------------+---------+---------------------
*   1: printout of the result at time [hours]
*---+----+-------------------+-------------------+---------+---------------------
    1    0 1.1445600000000D+04
*---+----+-------------------+-------------------+---------+---------------------
    2    1 1.1445600000000D+04 2.4048300000000D+01
   0.81864    1.0757    1.0891    1.0788    1.0692    1.0631    1.0598    1.0525
   0.99953   0.69365
    3    1 1.1445600000000D+04 1.2129962520000D+13
   0.81864    1.0757    1.0891    1.0788    1.0692    1.0631    1.0598    1.0525
   0.99953   0.69365
    9    0 1.1445600000000D+04 2.9170000000000D+02
   10    0 1.1445600000000D+04 1.5800000000000D+01
*---+----+-------------------+-------------------+---------+---------------------
*   1: printout of the result at time [hours]
*---+----+-------------------+-------------------+---------+---------------------
    1    0 1.3605600000000D+04
*---+----+-------------------+-------------------+---------+---------------------
    2    1 1.3605600000000D+04 2.3500200000000D+01
   0.87284    1.1038    1.0912    1.0683    1.0508    1.0388    1.0322    1.0287
    0.9945   0.71872
    3    1 1.3605600000000D+04 1.1992152060000D+13
   0.87284    1.1038    1.0912    1.0683    1.0508    1.0388    1.0322    1.0287
    0.9945   0.71872
    9    0 1.3605600000000D+04 2.9170000000000D+02
   10    0 1.3605600000000D+04 1.5800000000000D+01
*---+----+-------------------+-------------------+---------+---------------------
*   1: printout of the result at time [hours]
*---+----+-------------------+-------------------+---------+---------------------
    1    0 1.4834400000000D+04
*---+----+-------------------+-------------------+---------+---------------------
    2    1 1.4834400000000D+04 2.3293600000000D+01
   0.87552    1.0751    1.0514    1.0309     1.021    1.0191    1.0265    1.0467
    1.0572   0.79657
    3    1 1.4834400000000D+04 1.1930981920000D+13
   0.87552    1.0751    1.0514    1.0309     1.021    1.0191    1.0265    1.0467
    1.0572   0.79657
    9    0 1.4834400000000D+04 2.9170000000000D+02
   10    0 1.4834400000000D+04 1.5800000000000D+01
*---+----+-------------------+-------------------+---------+---------------------
*   1: printout of the result at time [hours]
*---+----+-------------------+-------------------+---------+---------------------
    1    0 1.6328600000000D+04
*---+----+-------------------+-------------------+---------+---------------------
    2    1 1.6328600000000D+04 1.9782800000000D+01
   0.72639   0.87713   0.88663   0.91665   0.96356     1.021    1.0909     1.183
    1.2958    1.0389
    3    1 1.6328600000000D+04 9.7370941600000D+12
   0.72639   0.87713   0.88663   0.91665   0.96356     1.021    1.0909     1.183
    1.2958    1.0389
    9    0 1.6328600000000D+04 2.7520000000000D+02
   10    0 1.6328600000000D+04 1.5800000000000D+01
*---+----+-------------------+-------------------+---------+---------------------
*   1: printout of the result at time [hours]
*---+----+-------------------+-------------------+---------+---------------------
    1    0 1.6330600000000D+04
*---+----+-------------------+-------------------+---------+---------------------
    2    1 1.6330600000000D+04 2.4842200000000D+01
   0.68939   0.96513    1.0584    1.1123    1.1437    1.1516    1.1348    1.0898
   0.98844   0.66637
    3    1 1.6330600000000D+04 1.3901695120000D+13
   0.68939   0.96513    1.0584    1.1123    1.1437    1.1516    1.1348    1.0898
   0.98844   0.66637
    9    0 1.6330600000000D+04 2.9170000000000D+02
   10    0 1.6330600000000D+04 1.5800000000000D+01
*---+----+-------------------+-------------------+---------+---------------------
*   1: printout of the result at time [hours]
*---+----+-------------------+-------------------+---------+---------------------
    1    0 1.6473600000000D+04
*---+----+-------------------+-------------------+---------+---------------------
    2    1 1.6473600000000D+04 2.4031200000000D+01
   0.80828    1.0695    1.1134    1.1187    1.1109    1.0931    1.0657     1.025
   0.94248   0.65307
    3    1 1.6473600000000D+04 1.3411812720000D+13
   0.80828    1.0695    1.1134    1.1187    1.1109    1.0931    1.0657     1.025
   0.94248   0.65307
    9    0 1.6473600000000D+04 2.9170000000000D+02
   10    0 1.6473600000000D+04 1.5800000000000D+01
*---+----+-------------------+-------------------+---------+---------------------
*   1: printout of the result at time [hours]
*---+----+-------------------+-------------------+---------+---------------------
    1    0 1.7769600000000D+04
*---+----+-------------------+-------------------+---------+---------------------
    2    1 1.7769600000000D+04 2.3511000000000D+01
   0.84399    1.0695     1.089    1.0847    1.0777    1.0684    1.0556     1.035
   0.97648   0.69967
    3    1 1.7769600000000D+04 1.3184968800000D+13
   0.84399    1.0695     1.089    1.0847    1.0777    1.0684    1.0556     1.035
   0.97648   0.69967
    9    0 1.7769600000000D+04 2.9170000000000D+02
   10    0 1.7769600000000D+04 1.5800000000000D+01
*---+----+-------------------+-------------------+---------+---------------------
*   1: printout of the result at time [hours]
*---+----+-------------------+-------------------+---------+---------------------
    1    0 1.9375200000000D+04
*---+----+-------------------+-------------------+---------+---------------------
    2    1 1.9375200000000D+04 2.2863900000000D+01
   0.86188    1.0465     1.048    1.0395    1.0356    1.0356    1.0404    1.0508
    1.0449   0.79671
    3    1 1.9375200000000D+04 1.2863230140000D+13
   0.86188    1.0465     1.048    1.0395    1.0356    1.0356    1.0404    1.0508
    1.0449   0.79671
    9    0 1.9375200000000D+04 2.9170000000000D+02
   10    0 1.9375200000000D+04 1.5800000000000D+01
*---+----+-------------------+-------------------+---------+---------------------
*   1: printout of the result at time [hours]
*---+----+-------------------+-------------------+---------+---------------------
    1    0 2.1230400000000D+04
*---+----+-------------------+-------------------+---------+---------------------
    2    1 2.1230400000000D+04 1.8321000000000D+01
   0.69445   0.83467   0.86322   0.90585   0.96316    1.0306    1.1091    1.2042
    1.3132    1.0815
    3    1 2.1230400000000D+04 9.8365449000000D+12
   0.69445   0.83467   0.86322   0.90585   0.96316    1.0306    1.1091    1.2042
    1.3132    1.0815
    9    0 2.1230400000000D+04 2.7330000000000D+02
   10    0 2.1230400000000D+04 1.5800000000000D+01
*---+----+-------------------+-------------------+---------+---------------------
*   1: printout of the result at time [hours]
*---+----+-------------------+-------------------+---------+---------------------
    1    0 2.1234200000000D+04
*---+----+-------------------+-------------------+---------+---------------------
    2    1 2.1234200000000D+04 1.1345500000000D+01
   0.53951   0.67472   0.73404   0.81424    0.9164     1.037    1.1768    1.3391
    1.4972     1.271
    3    1 2.1234200000000D+04 6.0721116000000D+12
   0.53951   0.67472   0.73404   0.81424    0.9164     1.037    1.1768    1.3391
    1.4972     1.271
    9    0 2.1234200000000D+04 2.8340000000000D+02
   10    0 2.1234200000000D+04 1.5800000000000D+01
*---+----+-------------------+-------------------+---------+---------------------
*   1: printout of the result at time [hours]
*---+----+-------------------+-------------------+---------+---------------------
    1    0 2.1236200000000D+04
*---+----+-------------------+-------------------+---------+---------------------
    2    1 2.1236200000000D+04 1.4921000000000D+01
   0.74667    1.0072    1.0969    1.1393    1.1629    1.1376    1.1037    1.0487
   0.94813   0.60887
    3    1 2.1236200000000D+04 1.0044817200000D+13
   0.74667    1.0072    1.0969    1.1393    1.1629    1.1376    1.1037    1.0487
   0.94813   0.60887
    9    0 2.1236200000000D+04 2.9170000000000D+02
   10    0 2.1236200000000D+04 1.5800000000000D+01
*---+----+-------------------+-------------------+---------+---------------------
*   1: printout of the result at time [hours]
*---+----+-------------------+-------------------+---------+---------------------
    1    0 2.1379200000000D+04
*---+----+-------------------+-------------------+---------+---------------------
    2    1 2.1379200000000D+04 1.4910800000000D+01
   0.84932    1.0861    1.1292    1.1316    1.1157    1.0887    1.0537    1.0084
   0.92638   0.61077
    3    1 2.1379200000000D+04 1.0003655720000D+13
   0.84932    1.0861    1.1292    1.1316    1.1157    1.0887    1.0537    1.0084
   0.92638   0.61077
    9    0 2.1379200000000D+04 2.9170000000000D+02
   10    0 2.1379200000000D+04 1.5800000000000D+01
*---+----+-------------------+-------------------+---------+---------------------
*   1: printout of the result at time [hours]
*---+----+-------------------+-------------------+---------+---------------------
    1    0 2.2795200000000D+04
*---+----+-------------------+-------------------+---------+---------------------
    2    1 2.2795200000000D+04 1.5214600000000D+01
   0.85852     1.051    1.0713    1.0721    1.0686    1.0631    1.0562    1.0464
    1.0108   0.70202
    3    1 2.2795200000000D+04 1.0107058780000D+13
   0.85852     1.051    1.0713    1.0721    1.0686    1.0631    1.0562    1.0464
    1.0108   0.70202
    9    0 2.2795200000000D+04 2.9170000000000D+02
   10    0 2.2795200000000D+04 1.5800000000000D+01
*---+----+-------------------+-------------------+---------+---------------------
*   1: printout of the result at time [hours]
*---+----+-------------------+-------------------+---------+---------------------
    1    0 2.3620800000000D+04
*---+----+-------------------+-------------------+---------+---------------------
    2    1 2.3620800000000D+04 1.5315500000000D+01
   0.87695    1.0473    1.0544    1.0501    1.0464     1.044    1.0442    1.0482
    1.0393   0.74911
    3    1 2.3620800000000D+04 1.0099040700000D+13
   0.87695    1.0473    1.0544    1.0501    1.0464     1.044    1.0442    1.0482
    1.0393   0.74911
    9    0 2.3620800000000D+04 2.9170000000000D+02
   10    0 2.3620800000000D+04 1.5800000000000D+01
*---+----+-------------------+-------------------+---------+---------------------
*   1: printout of the result at time [hours]
*---+----+-------------------+-------------------+---------+---------------------
    1    0 2.4258200000000D+04
*---+----+-------------------+-------------------+---------+---------------------
    2    1 2.4258200000000D+04 1.4798900000000D+01
   0.78823   0.93831   0.96122   0.98629    1.0174    1.0516    1.0887    1.1306
    1.1708   0.86682
    3    1 2.4258200000000D+04 9.5171725900000D+12
   0.78823   0.93831   0.96122   0.98629    1.0174    1.0516    1.0887    1.1306
    1.1708   0.86682
    9    0 2.4258200000000D+04 2.8320000000000D+02
   10    0 2.4258200000000D+04 1.5800000000000D+01
*---+----+-------------------+-------------------+---------+---------------------
*   1: printout of the result at time [hours]
*---+----+-------------------+-------------------+---------+---------------------
    1    0 2.4260200000000D+04
*---+----+-------------------+-------------------+---------+---------------------
    2    1 2.4260200000000D+04 2.5970000000000D+00
   0.45437   0.69657   0.84944   0.98152    1.1013    1.2049    1.2815    1.3173
    1.2353   0.87794
    3    1 2.4260200000000D+04 1.4914571000000D+12
   0.45437   0.69657   0.84944   0.98152    1.1013    1.2049    1.2815    1.3173
    1.2353   0.87794
    9    0 2.4260200000000D+04 2.9170000000000D+02
   10    0 2.4260200000000D+04 1.5800000000000D+01
*---+----+-------------------+-------------------+---------+---------------------
*   1: printout of the result at time [hours]
*---+----+-------------------+-------------------+---------+---------------------
    1    0 2.4403200000000D+04
*---+----+-------------------+-------------------+---------+---------------------
    2    1 2.4403200000000D+04 2.7771000000000D+00
   0.63808   0.89734   0.99672    1.0547    1.0968      1.13    1.1526    1.1526
    1.0882   0.79291
    3    1 2.4403200000000D+04 1.5512880600000D+12
   0.63808   0.89734   0.99672    1.0547    1.0968      1.13    1.1526    1.1526
    1.0882   0.79291
    9    0 2.4403200000000D+04 2.9170000000000D+02
   10    0 2.4403200000000D+04 1.5800000000000D+01
*---+----+-------------------+-------------------+---------+---------------------
*   1: printout of the result at time [hours]
*---+----+-------------------+-------------------+---------+---------------------
    1    0 2.9659200000000D+04
*---+----+-------------------+-------------------+---------+---------------------
    2    1 2.9659200000000D+04 3.3275000000000D+00
    0.8565    1.0374    1.0485     1.044    1.0401    1.0386    1.0401    1.0425
    1.0257   0.82645
    3    1 2.9659200000000D+04 1.6833822500000D+12
    0.8565    1.0374    1.0485     1.044    1.0401    1.0386    1.0401    1.0425
    1.0257   0.82645
    9    0 2.9659200000000D+04 2.9170000000000D+02
   10    0 2.9659200000000D+04 1.5800000000000D+01
*---+----+-------------------+-------------------+---------+---------------------
*   1: printout of the result at time [hours]
*---+----+-------------------+-------------------+---------+---------------------
    1    0 3.1540800000000D+04
*---+----+-------------------+-------------------+---------+---------------------
    2    1 3.1540800000000D+04 3.6851000000000D+00
   0.85832    0.9978   0.99427   0.99265    1.0002    1.0141    1.0353    1.0673
    1.1072   0.93295
    3    1 3.1540800000000D+04 1.7854309500000D+12
   0.85832    0.9978   0.99427   0.99265    1.0002    1.0141    1.0353    1.0673
    1.1072   0.93295
    9    0 3.1540800000000D+04 2.9170000000000D+02
   10    0 3.1540800000000D+04 1.5800000000000D+01
*---+----+-------------------+-------------------+---------+---------------------
*   1: printout of the result at time [hours]
*---+----+-------------------+-------------------+---------+---------------------
    1    0 3.2276600000000D+04
*---+----+-------------------+-------------------+---------+---------------------
    2    1 3.2276600000000D+04 3.4336000000000D+00
   0.76829   0.88886   0.90051   0.92672   0.96721    1.0164     1.075    1.1481
    1.2273    1.0817
    3    1 3.2276600000000D+04 1.6240928000000D+12
   0.76829   0.88886   0.90051   0.92672   0.96721    1.0164     1.075    1.1481
    1.2273    1.0817
    9    0 3.2276600000000D+04 2.8110000000000D+02
   10    0 3.2276600000000D+04 1.5800000000000D+01
*---+----+-------------------+-------------------+---------+---------------------
*   1: printout of the result at time [hours]
*---+----+-------------------+-------------------+---------+---------------------
    1    0 3.2278600000000D+04
*---+----+-------------------+-------------------+---------+---------------------
    2    1 3.2278600000000D+04 3.3651000000000D+00
   0.46299   0.69092   0.84366   0.98125     1.107     1.213     1.287    1.3182
    1.2422   0.85376
    3    1 3.2278600000000D+04 2.0264632200000D+12
   0.46299   0.69092   0.84366   0.98125     1.107     1.213     1.287    1.3182
    1.2422   0.85376
    9    0 3.2278600000000D+04 2.9170000000000D+02
   10    0 3.2278600000000D+04 1.5800000000000D+01
*---+----+-------------------+-------------------+---------+---------------------
*   1: printout of the result at time [hours]
*---+----+-------------------+-------------------+---------+---------------------
    1    0 3.2421600000000D+04
*---+----+-------------------+-------------------+---------+---------------------
    2    1 3.2421600000000D+04 3.5891000000000D+00
   0.65309   0.89465   0.99496    1.0582    1.1039    1.1373    1.1602    1.1496
    1.0866   0.76147
    3    1 3.2421600000000D+04 2.1373090500000D+12
   0.65309   0.89465   0.99496    1.0582    1.1039    1.1373    1.1602    1.1496
    1.0866   0.76147
    9    0 3.2421600000000D+04 2.9170000000000D+02
   10    0 3.2421600000000D+04 1.5800000000000D+01
*---+----+-------------------+-------------------+---------+---------------------
*   1: printout of the result at time [hours]
*---+----+-------------------+-------------------+---------+---------------------
    1    0 3.5877600000000D+04
*---+----+-------------------+-------------------+---------+---------------------
    2    1 3.5877600000000D+04 4.0340000000000D+00
   0.84358    1.0302    1.0506    1.0501    1.0483    1.0486    1.0513    1.0607
    1.0357   0.78086
    3    1 3.5877600000000D+04 2.3308452000000D+12
   0.84358    1.0302    1.0506    1.0501    1.0483    1.0486    1.0513    1.0607
    1.0357   0.78086
    9    0 3.5877600000000D+04 2.9170000000000D+02
   10    0 3.5877600000000D+04 1.5800000000000D+01
*---+----+-------------------+-------------------+---------+---------------------
*   1: printout of the result at time [hours]
*---+----+-------------------+-------------------+---------+---------------------
    1    0 3.7677600000000D+04
*---+----+-------------------+-------------------+---------+---------------------
    2    1 3.7677600000000D+04 4.2147000000000D+00
   0.89069    1.0473    1.0513    1.0442     1.038    1.0345    1.0338    1.0361
    1.0274   0.79674
    3    1 3.7677600000000D+04 2.3998501800000D+12
   0.89069    1.0473    1.0513    1.0442     1.038    1.0345    1.0338    1.0361
    1.0274   0.79674
    9    0 3.7677600000000D+04 2.9170000000000D+02
   10    0 3.7677600000000D+04 1.5800000000000D+01
*---+----+-------------------+-------------------+---------+---------------------
*   1: printout of the result at time [hours]
*---+----+-------------------+-------------------+---------+---------------------
    1    0 3.9432000000000D+04
*---+----+-------------------+-------------------+---------+---------------------
    2    1 3.9432000000000D+04 4.5803000000000D+00
   0.88029   0.99775   0.99076   0.99011   0.99928     1.015    1.0373      1.07
    1.1115   0.90802
    3    1 3.9432000000000D+04 2.5764187500000D+12
   0.88029   0.99775   0.99076   0.99011   0.99928     1.015    1.0373      1.07
    1.1115   0.90802
    9    0 3.9432000000000D+04 2.9170000000000D+02
   10    0 3.9432000000000D+04 1.5800000000000D+01
*---+----+-------------------+-------------------+---------+---------------------
*   1: printout of the result at time [hours]
*---+----+-------------------+-------------------+---------+---------------------
    1    0 4.0375200000000D+04
*---+----+-------------------+-------------------+---------+---------------------
    2    1 4.0375200000000D+04 3.9860000000000D+00
   0.76016    0.8585   0.87155   0.90517   0.95459    1.0146     1.085    1.1731
      1.28    1.0973
    3    1 4.0375200000000D+04 2.1847266000000D+12
   0.76016    0.8585   0.87155   0.90517   0.95459    1.0146     1.085    1.1731
      1.28    1.0973
    9    0 4.0375200000000D+04 2.8120000000000D+02
   10    0 4.0375200000000D+04 1.5800000000000D+01
* data point #4872 end
*  00:  last line of data set (finishing the program)
*---+----+-------------------+-------------------+---------+---------------------
00000    0 4.0375200000000D+04
*---+----+-------------------+-------------------+---------+---------------------
