* data point #4667 begin
*
*---+----+-------------------+-------------------+---------+---------------------
*   1: printout of the result at time [hours]
*---+----+-------------------+-------------------+---------+---------------------
    1    0 0.0000000000000D+00
*---+----+-------------------+-------------------+---------+---------------------
    2    1 0.0000000000000D+00 2.6653100000000D+01
   0.56879   0.82973   0.97846    1.0861    1.1655    1.2137    1.2236    1.1822
     1.051   0.70089
    3    1 0.0000000000000D+00 1.2633569400000D+13
   0.56879   0.82973   0.97846    1.0861    1.1655    1.2137    1.2236    1.1822
     1.051   0.70089
    9    0 0.0000000000000D+00 2.9170000000000D+02
   10    0 0.0000000000000D+00 1.5800000000000D+01
*---+----+-------------------+-------------------+---------+---------------------
*   1: printout of the result at time [hours]
*---+----+-------------------+-------------------+---------+---------------------
    1    0 1.4400000000000D+02
*---+----+-------------------+-------------------+---------+---------------------
    2    1 1.4400000000000D+02 2.6433200000000D+01
   0.75409    1.0136    1.0975    1.1271    1.1449    1.1254    1.1007    1.0509
   0.94098   0.64491
    3    1 1.4400000000000D+02 1.2582203200000D+13
   0.75409    1.0136    1.0975    1.1271    1.1449    1.1254    1.1007    1.0509
   0.94098   0.64491
    9    0 1.4400000000000D+02 2.9170000000000D+02
   10    0 1.4400000000000D+02 1.5800000000000D+01
*---+----+-------------------+-------------------+---------+---------------------
*   1: printout of the result at time [hours]
*---+----+-------------------+-------------------+---------+---------------------
    1    0 5.0400000000000D+03
*---+----+-------------------+-------------------+---------+---------------------
    2    1 5.0400000000000D+03 2.5710400000000D+01
   0.87085    1.1496    1.1647    1.1335    1.0968    1.0611     1.026   0.98404
   0.89715   0.61629
    3    1 5.0400000000000D+03 1.2466972960000D+13
   0.87085    1.1496    1.1647    1.1335    1.0968    1.0611     1.026   0.98404
   0.89715   0.61629
    9    0 5.0400000000000D+03 2.9170000000000D+02
   10    0 5.0400000000000D+03 1.5800000000000D+01
*---+----+-------------------+-------------------+---------+---------------------
*   1: printout of the result at time [hours]
*---+----+-------------------+-------------------+---------+---------------------
    1    0 7.6920000000000D+03
*---+----+-------------------+-------------------+---------+---------------------
    2    1 7.6920000000000D+03 2.5254900000000D+01
   0.86791    1.0984    1.0735    1.0493    1.0375    1.0346    1.0391    1.0489
    1.0271    0.7237
    3    1 7.6920000000000D+03 1.2402681390000D+13
   0.86791    1.0984    1.0735    1.0493    1.0375    1.0346    1.0391    1.0489
    1.0271    0.7237
    9    0 7.6920000000000D+03 2.9170000000000D+02
   10    0 7.6920000000000D+03 1.5800000000000D+01
*---+----+-------------------+-------------------+---------+---------------------
*   1: printout of the result at time [hours]
*---+----+-------------------+-------------------+---------+---------------------
    1    0 8.4782000000000D+03
*---+----+-------------------+-------------------+---------+---------------------
    2    1 8.4782000000000D+03 2.3600700000000D+01
   0.76265   0.95785   0.96184   0.97595    1.0055    1.0443    1.0917    1.1486
    1.1837   0.86794
    3    1 8.4782000000000D+03 1.1309455440000D+13
   0.76265   0.95785   0.96184   0.97595    1.0055    1.0443    1.0917    1.1486
    1.1837   0.86794
    9    0 8.4782000000000D+03 2.8120000000000D+02
   10    0 8.4782000000000D+03 1.5800000000000D+01
*---+----+-------------------+-------------------+---------+---------------------
*   1: printout of the result at time [hours]
*---+----+-------------------+-------------------+---------+---------------------
    1    0 8.4802000000000D+03
*---+----+-------------------+-------------------+---------+---------------------
    2    1 8.4802000000000D+03 2.3416200000000D+01
   0.48125   0.72834    0.8685   0.99764    1.1151    1.2118    1.2774     1.303
    1.2175   0.79945
    3    1 8.4802000000000D+03 1.2429318960000D+13
   0.48125   0.72834    0.8685   0.99764    1.1151    1.2118    1.2774     1.303
    1.2175   0.79945
    9    0 8.4802000000000D+03 2.9170000000000D+02
   10    0 8.4802000000000D+03 1.5800000000000D+01
*---+----+-------------------+-------------------+---------+---------------------
*   1: printout of the result at time [hours]
*---+----+-------------------+-------------------+---------+---------------------
    1    0 8.6232000000000D+03
*---+----+-------------------+-------------------+---------+---------------------
    2    1 8.6232000000000D+03 2.3255600000000D+01
   0.67812   0.94515    1.0252    1.0745    1.1092    1.1316    1.1448    1.1297
    1.0562   0.70564
    3    1 8.6232000000000D+03 1.2351049160000D+13
   0.67812   0.94515    1.0252    1.0745    1.1092    1.1316    1.1448    1.1297
    1.0562   0.70564
    9    0 8.6232000000000D+03 2.9170000000000D+02
   10    0 8.6232000000000D+03 1.5800000000000D+01
*---+----+-------------------+-------------------+---------+---------------------
*   1: printout of the result at time [hours]
*---+----+-------------------+-------------------+---------+---------------------
    1    0 1.2079200000000D+04
*---+----+-------------------+-------------------+---------+---------------------
    2    1 1.2079200000000D+04 2.2155600000000D+01
   0.87039    1.0959    1.0975    1.0799    1.0628    1.0484    1.0371    1.0262
   0.98291   0.69892
    3    1 1.2079200000000D+04 1.1919712800000D+13
   0.87039    1.0959    1.0975    1.0799    1.0628    1.0484    1.0371    1.0262
   0.98291   0.69892
    9    0 1.2079200000000D+04 2.9170000000000D+02
   10    0 1.2079200000000D+04 1.5800000000000D+01
*---+----+-------------------+-------------------+---------+---------------------
*   1: printout of the result at time [hours]
*---+----+-------------------+-------------------+---------+---------------------
    1    0 1.4239200000000D+04
*---+----+-------------------+-------------------+---------+---------------------
    2    1 1.4239200000000D+04 2.1469500000000D+01
   0.91157    1.1224    1.1074     1.082    1.0587    1.0377    1.0194     1.003
    0.9609    0.6969
    3    1 1.4239200000000D+04 1.1649350700000D+13
   0.91157    1.1224    1.1074     1.082    1.0587    1.0377    1.0194     1.003
    0.9609    0.6969
    9    0 1.4239200000000D+04 2.9170000000000D+02
   10    0 1.4239200000000D+04 1.5800000000000D+01
*---+----+-------------------+-------------------+---------+---------------------
*   1: printout of the result at time [hours]
*---+----+-------------------+-------------------+---------+---------------------
    1    0 1.5542400000000D+04
*---+----+-------------------+-------------------+---------+---------------------
    2    1 1.5542400000000D+04 2.1240500000000D+01
   0.89593    1.0732     1.047    1.0338    1.0295    1.0291    1.0319    1.0408
    1.0373   0.78153
    3    1 1.5542400000000D+04 1.1571824400000D+13
   0.89593    1.0732     1.047    1.0338    1.0295    1.0291    1.0319    1.0408
    1.0373   0.78153
    9    0 1.5542400000000D+04 2.9170000000000D+02
   10    0 1.5542400000000D+04 1.5800000000000D+01
*---+----+-------------------+-------------------+---------+---------------------
*   1: printout of the result at time [hours]
*---+----+-------------------+-------------------+---------+---------------------
    1    0 1.5963800000000D+04
*---+----+-------------------+-------------------+---------+---------------------
    2    1 1.5963800000000D+04 2.0025200000000D+01
   0.80329   0.95699   0.96054   0.97787    1.0071     1.041    1.0787    1.1233
    1.1588   0.89233
    3    1 1.5963800000000D+04 1.0723494600000D+13
   0.80329   0.95699   0.96054   0.97787    1.0071     1.041    1.0787    1.1233
    1.1588   0.89233
    9    0 1.5963800000000D+04 2.8640000000000D+02
   10    0 1.5963800000000D+04 1.5800000000000D+01
*---+----+-------------------+-------------------+---------+---------------------
*   1: printout of the result at time [hours]
*---+----+-------------------+-------------------+---------+---------------------
    1    0 1.5965800000000D+04
*---+----+-------------------+-------------------+---------+---------------------
    2    1 1.5965800000000D+04 1.7401300000000D+01
   0.45387   0.63541   0.75707   0.89361     1.035    1.1677    1.2794     1.358
    1.3754    1.0445
    3    1 1.5965800000000D+04 1.0094494130000D+13
   0.45387   0.63541   0.75707   0.89361     1.035    1.1677    1.2794     1.358
    1.3754    1.0445
    9    0 1.5965800000000D+04 2.9170000000000D+02
   10    0 1.5965800000000D+04 1.5800000000000D+01
*---+----+-------------------+-------------------+---------+---------------------
*   1: printout of the result at time [hours]
*---+----+-------------------+-------------------+---------+---------------------
    1    0 1.6108800000000D+04
*---+----+-------------------+-------------------+---------+---------------------
    2    1 1.6108800000000D+04 1.7697000000000D+01
   0.65621   0.85269   0.92541   0.99288    1.0558    1.1104    1.1539    1.1828
    1.1732   0.89676
    3    1 1.6108800000000D+04 1.0260720600000D+13
   0.65621   0.85269   0.92541   0.99288    1.0558    1.1104    1.1539    1.1828
    1.1732   0.89676
    9    0 1.6108800000000D+04 2.9170000000000D+02
   10    0 1.6108800000000D+04 1.5800000000000D+01
*---+----+-------------------+-------------------+---------+---------------------
*   1: printout of the result at time [hours]
*---+----+-------------------+-------------------+---------+---------------------
    1    0 1.9564800000000D+04
*---+----+-------------------+-------------------+---------+---------------------
    2    1 1.9564800000000D+04 1.7864800000000D+01
   0.85643    1.0295    1.0372    1.0378    1.0391    1.0417     1.046    1.0578
    1.0399   0.81451
    3    1 1.9564800000000D+04 1.0458053920000D+13
   0.85643    1.0295    1.0372    1.0378    1.0391    1.0417     1.046    1.0578
    1.0399   0.81451
    9    0 1.9564800000000D+04 2.9170000000000D+02
   10    0 1.9564800000000D+04 1.5800000000000D+01
*---+----+-------------------+-------------------+---------+---------------------
*   1: printout of the result at time [hours]
*---+----+-------------------+-------------------+---------+---------------------
    1    0 2.1364800000000D+04
*---+----+-------------------+-------------------+---------+---------------------
    2    1 2.1364800000000D+04 1.7723000000000D+01
   0.89607     1.066    1.0609     1.051    1.0417    1.0337    1.0278    1.0241
    1.0055   0.79321
    3    1 2.1364800000000D+04 1.0431757800000D+13
   0.89607     1.066    1.0609     1.051    1.0417    1.0337    1.0278    1.0241
    1.0055   0.79321
    9    0 2.1364800000000D+04 2.9170000000000D+02
   10    0 2.1364800000000D+04 1.5800000000000D+01
*---+----+-------------------+-------------------+---------+---------------------
*   1: printout of the result at time [hours]
*---+----+-------------------+-------------------+---------+---------------------
    1    0 2.3119200000000D+04
*---+----+-------------------+-------------------+---------+---------------------
    2    1 2.3119200000000D+04 1.7637800000000D+01
   0.88361     1.014    1.0032   0.99984    1.0054    1.0165    1.0334    1.0596
    1.0933   0.89121
    3    1 2.3119200000000D+04 1.0404538220000D+13
   0.88361     1.014    1.0032   0.99984    1.0054    1.0165    1.0334    1.0596
    1.0933   0.89121
    9    0 2.3119200000000D+04 2.9170000000000D+02
   10    0 2.3119200000000D+04 1.5800000000000D+01
*---+----+-------------------+-------------------+---------+---------------------
*   1: printout of the result at time [hours]
*---+----+-------------------+-------------------+---------+---------------------
    1    0 2.4062400000000D+04
*---+----+-------------------+-------------------+---------+---------------------
    2    1 2.4062400000000D+04 1.5072200000000D+01
   0.74946   0.85827   0.87174    0.9067   0.95693     1.017    1.0875    1.1747
    1.2718    1.1058
    3    1 2.4062400000000D+04 8.6197911800000D+12
   0.74946   0.85827   0.87174    0.9067   0.95693     1.017    1.0875    1.1747
    1.2718    1.1058
    9    0 2.4062400000000D+04 2.8120000000000D+02
   10    0 2.4062400000000D+04 1.5800000000000D+01
* data point #4667 end
*  00:  last line of data set (finishing the program)
*---+----+-------------------+-------------------+---------+---------------------
00000    0 2.4062400000000D+04
*---+----+-------------------+-------------------+---------+---------------------
