* data point #4145 begin
*
*---+----+-------------------+-------------------+---------+---------------------
*   1: printout of the result at time [hours]
*---+----+-------------------+-------------------+---------+---------------------
    1    0 0.0000000000000D+00
*---+----+-------------------+-------------------+---------+---------------------
    2    1 0.0000000000000D+00 2.5170300000000D+01
   0.63213   0.99741    1.1026    1.1525    1.1792    1.1825    1.1606    1.1063
   0.96658   0.52014
    3    1 0.0000000000000D+00 1.0287101610000D+13
   0.63213   0.99741    1.1026    1.1525    1.1792    1.1825    1.1606    1.1063
   0.96658   0.52014
    9    0 0.0000000000000D+00 2.9170000000000D+02
   10    0 0.0000000000000D+00 1.5800000000000D+01
*---+----+-------------------+-------------------+---------+---------------------
*   1: printout of the result at time [hours]
*---+----+-------------------+-------------------+---------+---------------------
    1    0 1.4400000000000D+02
*---+----+-------------------+-------------------+---------+---------------------
    2    1 1.4400000000000D+02 2.5352800000000D+01
   0.76228    1.1229    1.1761    1.1624    1.1425    1.1143    1.0776    1.0259
   0.90897   0.50712
    3    1 1.4400000000000D+02 1.0417465520000D+13
   0.76228    1.1229    1.1761    1.1624    1.1425    1.1143    1.0776    1.0259
   0.90897   0.50712
    9    0 1.4400000000000D+02 2.9170000000000D+02
   10    0 1.4400000000000D+02 1.5800000000000D+01
*---+----+-------------------+-------------------+---------+---------------------
*   1: printout of the result at time [hours]
*---+----+-------------------+-------------------+---------+---------------------
    1    0 1.4400000000000D+03
*---+----+-------------------+-------------------+---------+---------------------
    2    1 1.4400000000000D+03 2.5064400000000D+01
   0.81111    1.1323    1.1478    1.1277    1.1069    1.0861    1.0634    1.0323
   0.94265    0.5497
    3    1 1.4400000000000D+03 1.0476919200000D+13
   0.81111    1.1323    1.1478    1.1277    1.1069    1.0861    1.0634    1.0323
   0.94265    0.5497
    9    0 1.4400000000000D+03 2.9170000000000D+02
   10    0 1.4400000000000D+03 1.5800000000000D+01
*---+----+-------------------+-------------------+---------+---------------------
*   1: printout of the result at time [hours]
*---+----+-------------------+-------------------+---------+---------------------
    1    0 3.0456000000000D+03
*---+----+-------------------+-------------------+---------+---------------------
    2    1 3.0456000000000D+03 2.4732400000000D+01
   0.84234    1.1115    1.0988    1.0737     1.056    1.0445    1.0402    1.0451
    1.0278   0.66007
    3    1 3.0456000000000D+03 1.0493957320000D+13
   0.84234    1.1115    1.0988    1.0737     1.056    1.0445    1.0402    1.0451
    1.0278   0.66007
    9    0 3.0456000000000D+03 2.9170000000000D+02
   10    0 3.0456000000000D+03 1.5800000000000D+01
*---+----+-------------------+-------------------+---------+---------------------
*   1: printout of the result at time [hours]
*---+----+-------------------+-------------------+---------+---------------------
    1    0 4.9008000000000D+03
*---+----+-------------------+-------------------+---------+---------------------
    2    1 4.9008000000000D+03 1.9157200000000D+01
   0.68919   0.89115   0.91308   0.94528   0.99294    1.0502    1.1183    1.2043
    1.2918   0.90373
    3    1 4.9008000000000D+03 7.8372105200000D+12
   0.68919   0.89115   0.91308   0.94528   0.99294    1.0502    1.1183    1.2043
    1.2918   0.90373
    9    0 4.9008000000000D+03 2.7330000000000D+02
   10    0 4.9008000000000D+03 1.5800000000000D+01
*---+----+-------------------+-------------------+---------+---------------------
*   1: printout of the result at time [hours]
*---+----+-------------------+-------------------+---------+---------------------
    1    0 4.9046000000000D+03
*---+----+-------------------+-------------------+---------+---------------------
    2    1 4.9046000000000D+03 1.1515700000000D+01
   0.53796   0.72319    0.7798   0.85388   0.94975    1.0624    1.1927    1.3455
     1.494    1.0608
    3    1 4.9046000000000D+03 4.7145275800000D+12
   0.53796   0.72319    0.7798   0.85388   0.94975    1.0624    1.1927    1.3455
     1.494    1.0608
    9    0 4.9046000000000D+03 2.8340000000000D+02
   10    0 4.9046000000000D+03 1.5800000000000D+01
*---+----+-------------------+-------------------+---------+---------------------
*   1: printout of the result at time [hours]
*---+----+-------------------+-------------------+---------+---------------------
    1    0 4.9066000000000D+03
*---+----+-------------------+-------------------+---------+---------------------
    2    1 4.9066000000000D+03 2.7358100000000D+01
   0.75893    1.1139    1.1948    1.2112    1.1848    1.1373    1.0711   0.98603
   0.85236   0.48951
    3    1 4.9066000000000D+03 1.2718780690000D+13
   0.75893    1.1139    1.1948    1.2112    1.1848    1.1373    1.0711   0.98603
   0.85236   0.48951
    9    0 4.9066000000000D+03 2.9170000000000D+02
   10    0 4.9066000000000D+03 1.5800000000000D+01
*---+----+-------------------+-------------------+---------+---------------------
*   1: printout of the result at time [hours]
*---+----+-------------------+-------------------+---------+---------------------
    1    0 5.0496000000000D+03
*---+----+-------------------+-------------------+---------+---------------------
    2    1 5.0496000000000D+03 2.7376800000000D+01
   0.86193    1.1935    1.2279    1.1916     1.143     1.085    1.0212   0.94825
   0.83417   0.49348
    3    1 5.0496000000000D+03 1.2776752560000D+13
   0.86193    1.1935    1.2279    1.1916     1.143     1.085    1.0212   0.94825
   0.83417   0.49348
    9    0 5.0496000000000D+03 2.9170000000000D+02
   10    0 5.0496000000000D+03 1.5800000000000D+01
*---+----+-------------------+-------------------+---------+---------------------
*   1: printout of the result at time [hours]
*---+----+-------------------+-------------------+---------+---------------------
    1    0 6.4656000000000D+03
*---+----+-------------------+-------------------+---------+---------------------
    2    1 6.4656000000000D+03 2.6532700000000D+01
   0.86659    1.1393    1.1467    1.1238    1.0965    1.0674    1.0372    1.0028
   0.93338   0.58622
    3    1 6.4656000000000D+03 1.2549967100000D+13
   0.86659    1.1393    1.1467    1.1238    1.0965    1.0674    1.0372    1.0028
   0.93338   0.58622
    9    0 6.4656000000000D+03 2.9170000000000D+02
   10    0 6.4656000000000D+03 1.5800000000000D+01
*---+----+-------------------+-------------------+---------+---------------------
*   1: printout of the result at time [hours]
*---+----+-------------------+-------------------+---------+---------------------
    1    0 7.2912000000000D+03
*---+----+-------------------+-------------------+---------+---------------------
    2    1 7.2912000000000D+03 2.6215700000000D+01
   0.88333    1.1329    1.1242    1.0985    1.0736    1.0502    1.0292    1.0097
   0.96648   0.63187
    3    1 7.2912000000000D+03 1.2476051630000D+13
   0.88333    1.1329    1.1242    1.0985    1.0736    1.0502    1.0292    1.0097
   0.96648   0.63187
    9    0 7.2912000000000D+03 2.9170000000000D+02
   10    0 7.2912000000000D+03 1.5800000000000D+01
*---+----+-------------------+-------------------+---------+---------------------
*   1: printout of the result at time [hours]
*---+----+-------------------+-------------------+---------+---------------------
    1    0 7.9286000000000D+03
*---+----+-------------------+-------------------+---------+---------------------
    2    1 7.9286000000000D+03 2.5115100000000D+01
   0.79064    1.0091    1.0256    1.0357    1.0503    1.0666     1.084    1.1022
    1.0941   0.74163
    3    1 7.9286000000000D+03 1.1728751700000D+13
   0.79064    1.0091    1.0256    1.0357    1.0503    1.0666     1.084    1.1022
    1.0941   0.74163
    9    0 7.9286000000000D+03 2.8320000000000D+02
   10    0 7.9286000000000D+03 1.5800000000000D+01
*---+----+-------------------+-------------------+---------+---------------------
*   1: printout of the result at time [hours]
*---+----+-------------------+-------------------+---------+---------------------
    1    0 7.9306000000000D+03
*---+----+-------------------+-------------------+---------+---------------------
    2    1 7.9306000000000D+03 2.5386100000000D+01
    0.5347    0.8045   0.94883     1.065    1.1571    1.2205    1.2511     1.223
    1.1119   0.68348
    3    1 7.9306000000000D+03 1.2731129150000D+13
    0.5347    0.8045   0.94883     1.065    1.1571    1.2205    1.2511     1.223
    1.1119   0.68348
    9    0 7.9306000000000D+03 2.9170000000000D+02
   10    0 7.9306000000000D+03 1.5800000000000D+01
*---+----+-------------------+-------------------+---------+---------------------
*   1: printout of the result at time [hours]
*---+----+-------------------+-------------------+---------+---------------------
    1    0 8.0736000000000D+03
*---+----+-------------------+-------------------+---------+---------------------
    2    1 8.0736000000000D+03 2.5223300000000D+01
   0.70883   0.98742    1.0711    1.1125    1.1331    1.1492    1.1269    1.0903
   0.99531   0.62533
    3    1 8.0736000000000D+03 1.2657051940000D+13
   0.70883   0.98742    1.0711    1.1125    1.1331    1.1492    1.1269    1.0903
   0.99531   0.62533
    9    0 8.0736000000000D+03 2.9170000000000D+02
   10    0 8.0736000000000D+03 1.5800000000000D+01
*---+----+-------------------+-------------------+---------+---------------------
*   1: printout of the result at time [hours]
*---+----+-------------------+-------------------+---------+---------------------
    1    0 1.2969600000000D+04
*---+----+-------------------+-------------------+---------+---------------------
    2    1 1.2969600000000D+04 2.3593900000000D+01
    0.8673    1.1139     1.137    1.1125     1.089    1.0657    1.0423    1.0118
   0.93965    0.6208
    3    1 1.2969600000000D+04 1.2379719330000D+13
    0.8673    1.1139     1.137    1.1125     1.089    1.0657    1.0423    1.0118
   0.93965    0.6208
    9    0 1.2969600000000D+04 2.9170000000000D+02
   10    0 1.2969600000000D+04 1.5800000000000D+01
*---+----+-------------------+-------------------+---------+---------------------
*   1: printout of the result at time [hours]
*---+----+-------------------+-------------------+---------+---------------------
    1    0 1.5621600000000D+04
*---+----+-------------------+-------------------+---------+---------------------
    2    1 1.5621600000000D+04 2.2902000000000D+01
   0.88001    1.0612    1.0476    1.0327    1.0292    1.0343    1.0471    1.0653
    1.0579   0.74469
    3    1 1.5621600000000D+04 1.2181573800000D+13
   0.88001    1.0612    1.0476    1.0327    1.0292    1.0343    1.0471    1.0653
    1.0579   0.74469
    9    0 1.5621600000000D+04 2.9170000000000D+02
   10    0 1.5621600000000D+04 1.5800000000000D+01
*---+----+-------------------+-------------------+---------+---------------------
*   1: printout of the result at time [hours]
*---+----+-------------------+-------------------+---------+---------------------
    1    0 1.6407800000000D+04
*---+----+-------------------+-------------------+---------+---------------------
    2    1 1.6407800000000D+04 2.1385600000000D+01
   0.77318   0.92871   0.93764    0.9585   0.99464    1.0407    1.0963    1.1619
    1.2182   0.89023
    3    1 1.6407800000000D+04 1.1079879360000D+13
   0.77318   0.92871   0.93764    0.9585   0.99464    1.0407    1.0963    1.1619
    1.2182   0.89023
    9    0 1.6407800000000D+04 2.8120000000000D+02
   10    0 1.6407800000000D+04 1.5800000000000D+01
*---+----+-------------------+-------------------+---------+---------------------
*   1: printout of the result at time [hours]
*---+----+-------------------+-------------------+---------+---------------------
    1    0 1.6409800000000D+04
*---+----+-------------------+-------------------+---------+---------------------
    2    1 1.6409800000000D+04 1.8579800000000D+01
   0.43526   0.60501   0.71906   0.84942   0.98995    1.1312    1.2642    1.3785
    1.4577    1.1698
    3    1 1.6409800000000D+04 1.0482723160000D+13
   0.43526   0.60501   0.71906   0.84942   0.98995    1.1312    1.2642    1.3785
    1.4577    1.1698
    9    0 1.6409800000000D+04 2.9170000000000D+02
   10    0 1.6409800000000D+04 1.5800000000000D+01
*---+----+-------------------+-------------------+---------+---------------------
*   1: printout of the result at time [hours]
*---+----+-------------------+-------------------+---------+---------------------
    1    0 1.6552800000000D+04
*---+----+-------------------+-------------------+---------+---------------------
    2    1 1.6552800000000D+04 1.8841900000000D+01
   0.63964   0.82359   0.89073    0.9559    1.0216    1.0856    1.1468    1.2024
    1.2367   0.99714
    3    1 1.6552800000000D+04 1.0636252550000D+13
   0.63964   0.82359   0.89073    0.9559    1.0216    1.0856    1.1468    1.2024
    1.2367   0.99714
    9    0 1.6552800000000D+04 2.9170000000000D+02
   10    0 1.6552800000000D+04 1.5800000000000D+01
*---+----+-------------------+-------------------+---------+---------------------
*   1: printout of the result at time [hours]
*---+----+-------------------+-------------------+---------+---------------------
    1    0 2.1808800000000D+04
*---+----+-------------------+-------------------+---------+---------------------
    2    1 2.1808800000000D+04 1.9099900000000D+01
   0.90053    1.0652    1.0601    1.0491    1.0385    1.0294    1.0226    1.0181
    1.0015   0.81503
    3    1 2.1808800000000D+04 1.1041652190000D+13
   0.90053    1.0652    1.0601    1.0491    1.0385    1.0294    1.0226    1.0181
    1.0015   0.81503
    9    0 2.1808800000000D+04 2.9170000000000D+02
   10    0 2.1808800000000D+04 1.5800000000000D+01
*---+----+-------------------+-------------------+---------+---------------------
*   1: printout of the result at time [hours]
*---+----+-------------------+-------------------+---------+---------------------
    1    0 2.3690400000000D+04
*---+----+-------------------+-------------------+---------+---------------------
    2    1 2.3690400000000D+04 1.8870900000000D+01
   0.90197    1.0279    1.0139    1.0056    1.0052    1.0101     1.021    1.0412
     1.075    0.8981
    3    1 2.3690400000000D+04 1.0956444540000D+13
   0.90197    1.0279    1.0139    1.0056    1.0052    1.0101     1.021    1.0412
     1.075    0.8981
    9    0 2.3690400000000D+04 2.9170000000000D+02
   10    0 2.3690400000000D+04 1.5800000000000D+01
*---+----+-------------------+-------------------+---------+---------------------
*   1: printout of the result at time [hours]
*---+----+-------------------+-------------------+---------+---------------------
    1    0 2.4426200000000D+04
*---+----+-------------------+-------------------+---------+---------------------
    2    1 2.4426200000000D+04 1.7332600000000D+01
   0.79428   0.90246   0.90881   0.93292   0.96996    1.0146    1.0672    1.1334
    1.2086    1.0678
    3    1 2.4426200000000D+04 9.7807861800000D+12
   0.79428   0.90246   0.90881   0.93292   0.96996    1.0146    1.0672    1.1334
    1.2086    1.0678
    9    0 2.4426200000000D+04 2.8110000000000D+02
   10    0 2.4426200000000D+04 1.5800000000000D+01
*---+----+-------------------+-------------------+---------+---------------------
*   1: printout of the result at time [hours]
*---+----+-------------------+-------------------+---------+---------------------
    1    0 2.4428200000000D+04
*---+----+-------------------+-------------------+---------+---------------------
    2    1 2.4428200000000D+04 1.5190600000000D+01
   0.48695   0.68167   0.81149   0.94091    1.0651    1.1751    1.2612    1.3185
    1.2845   0.97455
    3    1 2.4428200000000D+04 9.5108346600000D+12
   0.48695   0.68167   0.81149   0.94091    1.0651    1.1751    1.2612    1.3185
    1.2845   0.97455
    9    0 2.4428200000000D+04 2.9170000000000D+02
   10    0 2.4428200000000D+04 1.5800000000000D+01
*---+----+-------------------+-------------------+---------+---------------------
*   1: printout of the result at time [hours]
*---+----+-------------------+-------------------+---------+---------------------
    1    0 2.4571200000000D+04
*---+----+-------------------+-------------------+---------+---------------------
    2    1 2.4571200000000D+04 1.5200900000000D+01
   0.68687   0.88909   0.96468     1.022     1.069    1.1072    1.1353    1.1549
    1.1157   0.85541
    3    1 2.4571200000000D+04 9.4808013300000D+12
   0.68687   0.88909   0.96468     1.022     1.069    1.1072    1.1353    1.1549
    1.1157   0.85541
    9    0 2.4571200000000D+04 2.9170000000000D+02
   10    0 2.4571200000000D+04 1.5800000000000D+01
*---+----+-------------------+-------------------+---------+---------------------
*   1: printout of the result at time [hours]
*---+----+-------------------+-------------------+---------+---------------------
    1    0 2.8027200000000D+04
*---+----+-------------------+-------------------+---------+---------------------
    2    1 2.8027200000000D+04 1.5780600000000D+01
   0.87747    1.0455    1.0534    1.0471    1.0408     1.037    1.0365    1.0372
    1.0161    0.8089
    3    1 2.8027200000000D+04 9.8281576800000D+12
   0.87747    1.0455    1.0534    1.0471    1.0408     1.037    1.0365    1.0372
    1.0161    0.8089
    9    0 2.8027200000000D+04 2.9170000000000D+02
   10    0 2.8027200000000D+04 1.5800000000000D+01
*---+----+-------------------+-------------------+---------+---------------------
*   1: printout of the result at time [hours]
*---+----+-------------------+-------------------+---------+---------------------
    1    0 3.0187200000000D+04
*---+----+-------------------+-------------------+---------+---------------------
    2    1 3.0187200000000D+04 1.6145300000000D+01
   0.91866    1.0808    1.0739    1.0581     1.043    1.0296    1.0186    1.0092
   0.98097   0.78704
    3    1 3.0187200000000D+04 1.0068209080000D+13
   0.91866    1.0808    1.0739    1.0581     1.043    1.0296    1.0186    1.0092
   0.98097   0.78704
    9    0 3.0187200000000D+04 2.9170000000000D+02
   10    0 3.0187200000000D+04 1.5800000000000D+01
*---+----+-------------------+-------------------+---------+---------------------
*   1: printout of the result at time [hours]
*---+----+-------------------+-------------------+---------+---------------------
    1    0 3.1490400000000D+04
*---+----+-------------------+-------------------+---------+---------------------
    2    1 3.1490400000000D+04 1.6243600000000D+01
   0.89869     1.026    1.0165    1.0112    1.0142     1.021     1.031    1.0466
    1.0597   0.87518
    3    1 3.1490400000000D+04 1.0105143560000D+13
   0.89869     1.026    1.0165    1.0112    1.0142     1.021     1.031    1.0466
    1.0597   0.87518
    9    0 3.1490400000000D+04 2.9170000000000D+02
   10    0 3.1490400000000D+04 1.5800000000000D+01
*---+----+-------------------+-------------------+---------+---------------------
*   1: printout of the result at time [hours]
*---+----+-------------------+-------------------+---------+---------------------
    1    0 3.1911800000000D+04
*---+----+-------------------+-------------------+---------+---------------------
    2    1 3.1911800000000D+04 1.5322500000000D+01
    0.8045   0.92106   0.93066    0.9537   0.98848    1.0286    1.0728    1.1242
    1.1837   0.99233
    3    1 3.1911800000000D+04 9.3727732500000D+12
    0.8045   0.92106   0.93066    0.9537   0.98848    1.0286    1.0728    1.1242
    1.1837   0.99233
    9    0 3.1911800000000D+04 2.8640000000000D+02
   10    0 3.1911800000000D+04 1.5800000000000D+01
*---+----+-------------------+-------------------+---------+---------------------
*   1: printout of the result at time [hours]
*---+----+-------------------+-------------------+---------+---------------------
    1    0 3.1913800000000D+04
*---+----+-------------------+-------------------+---------+---------------------
    2    1 3.1913800000000D+04 1.6085000000000D+00
   0.48679    0.7019   0.84551   0.97544    1.0923    1.1899    1.2571    1.2857
    1.2223   0.94311
    3    1 3.1913800000000D+04 1.0582321500000D+12
   0.48679    0.7019   0.84551   0.97544    1.0923    1.1899    1.2571    1.2857
    1.2223   0.94311
    9    0 3.1913800000000D+04 2.9170000000000D+02
   10    0 3.1913800000000D+04 1.5800000000000D+01
*---+----+-------------------+-------------------+---------+---------------------
*   1: printout of the result at time [hours]
*---+----+-------------------+-------------------+---------+---------------------
    1    0 3.2056800000000D+04
*---+----+-------------------+-------------------+---------+---------------------
    2    1 3.2056800000000D+04 1.6998000000000D+00
   0.67537   0.89775   0.98776    1.0442    1.0854    1.1154    1.1366    1.1272
     1.079   0.85128
    3    1 3.2056800000000D+04 1.0982407800000D+12
   0.67537   0.89775   0.98776    1.0442    1.0854    1.1154    1.1366    1.1272
     1.079   0.85128
    9    0 3.2056800000000D+04 2.9170000000000D+02
   10    0 3.2056800000000D+04 1.5800000000000D+01
*---+----+-------------------+-------------------+---------+---------------------
*   1: printout of the result at time [hours]
*---+----+-------------------+-------------------+---------+---------------------
    1    0 3.5512800000000D+04
*---+----+-------------------+-------------------+---------+---------------------
    2    1 3.5512800000000D+04 2.0302000000000D+00
   0.83292    1.0299    1.0634    1.0541    1.0487    1.0447    1.0432    1.0398
    1.0137   0.82947
    3    1 3.5512800000000D+04 1.2499941400000D+12
   0.83292    1.0299    1.0634    1.0541    1.0487    1.0447    1.0432    1.0398
    1.0137   0.82947
    9    0 3.5512800000000D+04 2.9170000000000D+02
   10    0 3.5512800000000D+04 1.5800000000000D+01
*---+----+-------------------+-------------------+---------+---------------------
*   1: printout of the result at time [hours]
*---+----+-------------------+-------------------+---------+---------------------
    1    0 3.7312800000000D+04
*---+----+-------------------+-------------------+---------+---------------------
    2    1 3.7312800000000D+04 2.2246000000000D+00
   0.86353    1.0586    1.0838    1.0649    1.0505    1.0379    1.0276    1.0164
   0.98535   0.81138
    3    1 3.7312800000000D+04 1.3507771200000D+12
   0.86353    1.0586    1.0838    1.0649    1.0505    1.0379    1.0276    1.0164
   0.98535   0.81138
    9    0 3.7312800000000D+04 2.9170000000000D+02
   10    0 3.7312800000000D+04 1.5800000000000D+01
*---+----+-------------------+-------------------+---------+---------------------
*   1: printout of the result at time [hours]
*---+----+-------------------+-------------------+---------+---------------------
    1    0 3.9067200000000D+04
*---+----+-------------------+-------------------+---------+---------------------
    2    1 3.9067200000000D+04 2.4558000000000D+00
   0.83517   0.99112    0.9952   0.99723    1.0086    1.0261    1.0489    1.0762
    1.0933   0.92801
    3    1 3.9067200000000D+04 1.4503954800000D+12
   0.83517   0.99112    0.9952   0.99723    1.0086    1.0261    1.0489    1.0762
    1.0933   0.92801
    9    0 3.9067200000000D+04 2.9170000000000D+02
   10    0 3.9067200000000D+04 1.5800000000000D+01
*---+----+-------------------+-------------------+---------+---------------------
*   1: printout of the result at time [hours]
*---+----+-------------------+-------------------+---------+---------------------
    1    0 4.0010400000000D+04
*---+----+-------------------+-------------------+---------+---------------------
    2    1 4.0010400000000D+04 2.1294000000000D+00
   0.71335   0.84343   0.86738   0.90542   0.95943    1.0242    1.0989    1.1877
    1.2694    1.1308
    3    1 4.0010400000000D+04 1.2192944400000D+12
   0.71335   0.84343   0.86738   0.90542   0.95943    1.0242    1.0989    1.1877
    1.2694    1.1308
    9    0 4.0010400000000D+04 2.8120000000000D+02
   10    0 4.0010400000000D+04 1.5800000000000D+01
* data point #4145 end
*  00:  last line of data set (finishing the program)
*---+----+-------------------+-------------------+---------+---------------------
00000    0 4.0010400000000D+04
*---+----+-------------------+-------------------+---------+---------------------
