* data point #4785 begin
*
*---+----+-------------------+-------------------+---------+---------------------
*   1: printout of the result at time [hours]
*---+----+-------------------+-------------------+---------+---------------------
    1    0 0.0000000000000D+00
*---+----+-------------------+-------------------+---------+---------------------
    2    1 0.0000000000000D+00 2.3329300000000D+01
   0.59363   0.86771    1.0155    1.1144    1.1803    1.2148    1.2103    1.1603
    1.0188   0.62419
    3    1 0.0000000000000D+00 1.0264892000000D+13
   0.59363   0.86771    1.0155    1.1144    1.1803    1.2148    1.2103    1.1603
    1.0188   0.62419
    9    0 0.0000000000000D+00 2.9170000000000D+02
   10    0 0.0000000000000D+00 1.5800000000000D+01
*---+----+-------------------+-------------------+---------+---------------------
*   1: printout of the result at time [hours]
*---+----+-------------------+-------------------+---------+---------------------
    1    0 1.4400000000000D+02
*---+----+-------------------+-------------------+---------+---------------------
    2    1 1.4400000000000D+02 2.3796500000000D+01
   0.75461    1.0184    1.1034    1.1336    1.1411    1.1333    1.1102    1.0625
   0.94585    0.5971
    3    1 1.4400000000000D+02 1.0503775100000D+13
   0.75461    1.0184    1.1034    1.1336    1.1411    1.1333    1.1102    1.0625
   0.94585    0.5971
    9    0 1.4400000000000D+02 2.9170000000000D+02
   10    0 1.4400000000000D+02 1.5800000000000D+01
*---+----+-------------------+-------------------+---------+---------------------
*   1: printout of the result at time [hours]
*---+----+-------------------+-------------------+---------+---------------------
    1    0 3.2400000000000D+03
*---+----+-------------------+-------------------+---------+---------------------
    2    1 3.2400000000000D+03 2.4614700000000D+01
   0.86095    1.1057    1.1209     1.101    1.0798    1.0615    1.0458    1.0269
   0.96235   0.63507
    3    1 3.2400000000000D+03 1.1093845290000D+13
   0.86095    1.1057    1.1209     1.101    1.0798    1.0615    1.0458    1.0269
   0.96235   0.63507
    9    0 3.2400000000000D+03 2.9170000000000D+02
   10    0 3.2400000000000D+03 1.5800000000000D+01
*---+----+-------------------+-------------------+---------+---------------------
*   1: printout of the result at time [hours]
*---+----+-------------------+-------------------+---------+---------------------
    1    0 5.8800000000000D+03
*---+----+-------------------+-------------------+---------+---------------------
    2    1 5.8800000000000D+03 2.5392700000000D+01
   0.87635     1.148    1.1323    1.0977    1.0676    1.0426    1.0233    1.0091
   0.96461   0.63853
    3    1 5.8800000000000D+03 1.1571453390000D+13
   0.87635     1.148    1.1323    1.0977    1.0676    1.0426    1.0233    1.0091
   0.96461   0.63853
    9    0 5.8800000000000D+03 2.9170000000000D+02
   10    0 5.8800000000000D+03 1.5800000000000D+01
*---+----+-------------------+-------------------+---------+---------------------
*   1: printout of the result at time [hours]
*---+----+-------------------+-------------------+---------+---------------------
    1    0 6.7656000000000D+03
*---+----+-------------------+-------------------+---------+---------------------
    2    1 6.7656000000000D+03 2.5328600000000D+01
    0.8841    1.1353    1.1068    1.0747    1.0513     1.034    1.0232    1.0209
   0.99927   0.67043
    3    1 6.7656000000000D+03 1.1577703060000D+13
    0.8841    1.1353    1.1068    1.0747    1.0513     1.034    1.0232    1.0209
   0.99927   0.67043
    9    0 6.7656000000000D+03 2.9170000000000D+02
   10    0 6.7656000000000D+03 1.5800000000000D+01
*---+----+-------------------+-------------------+---------+---------------------
*   1: printout of the result at time [hours]
*---+----+-------------------+-------------------+---------+---------------------
    1    0 7.8446000000000D+03
*---+----+-------------------+-------------------+---------+---------------------
    2    1 7.8446000000000D+03 2.2536800000000D+01
   0.74159   0.94503   0.95351   0.97365    1.0078    1.0495    1.0984    1.1601
    1.2193   0.85101
    3    1 7.8446000000000D+03 1.0001831840000D+13
   0.74159   0.94503   0.95351   0.97365    1.0078    1.0495    1.0984    1.1601
    1.2193   0.85101
    9    0 7.8446000000000D+03 2.7920000000000D+02
   10    0 7.8446000000000D+03 1.5800000000000D+01
*---+----+-------------------+-------------------+---------+---------------------
*   1: printout of the result at time [hours]
*---+----+-------------------+-------------------+---------+---------------------
    1    0 7.8466000000000D+03
*---+----+-------------------+-------------------+---------+---------------------
    2    1 7.8466000000000D+03 1.9934900000000D+01
   0.51779    0.8294   0.98912    1.1102    1.1989    1.2499    1.2543    1.1961
    1.0319   0.62253
    3    1 7.8466000000000D+03 9.7501595900000D+12
   0.51779    0.8294   0.98912    1.1102    1.1989    1.2499    1.2543    1.1961
    1.0319   0.62253
    9    0 7.8466000000000D+03 2.9170000000000D+02
   10    0 7.8466000000000D+03 1.5800000000000D+01
*---+----+-------------------+-------------------+---------+---------------------
*   1: printout of the result at time [hours]
*---+----+-------------------+-------------------+---------+---------------------
    1    0 7.9896000000000D+03
*---+----+-------------------+-------------------+---------+---------------------
    2    1 7.9896000000000D+03 2.0407200000000D+01
    0.6653   0.98387    1.0836    1.1344    1.1602    1.1659    1.1486    1.0955
   0.96196   0.60067
    3    1 7.9896000000000D+03 9.9750393600000D+12
    0.6653   0.98387    1.0836    1.1344    1.1602    1.1659    1.1486    1.0955
   0.96196   0.60067
    9    0 7.9896000000000D+03 2.9170000000000D+02
   10    0 7.9896000000000D+03 1.5800000000000D+01
*---+----+-------------------+-------------------+---------+---------------------
*   1: printout of the result at time [hours]
*---+----+-------------------+-------------------+---------+---------------------
    1    0 1.1445600000000D+04
*---+----+-------------------+-------------------+---------+---------------------
    2    1 1.1445600000000D+04 2.0418600000000D+01
   0.81867    1.0757    1.0891    1.0788    1.0692    1.0631    1.0598    1.0526
   0.99953   0.69363
    3    1 1.1445600000000D+04 1.0166420940000D+13
   0.81867    1.0757    1.0891    1.0788    1.0692    1.0631    1.0598    1.0526
   0.99953   0.69363
    9    0 1.1445600000000D+04 2.9170000000000D+02
   10    0 1.1445600000000D+04 1.5800000000000D+01
*---+----+-------------------+-------------------+---------+---------------------
*   1: printout of the result at time [hours]
*---+----+-------------------+-------------------+---------+---------------------
    1    0 1.3605600000000D+04
*---+----+-------------------+-------------------+---------+---------------------
    2    1 1.3605600000000D+04 2.0517100000000D+01
   0.87288    1.1038    1.0912    1.0683    1.0508    1.0388    1.0323    1.0287
   0.99449   0.71872
    3    1 1.3605600000000D+04 1.0340618400000D+13
   0.87288    1.1038    1.0912    1.0683    1.0508    1.0388    1.0323    1.0287
   0.99449   0.71872
    9    0 1.3605600000000D+04 2.9170000000000D+02
   10    0 1.3605600000000D+04 1.5800000000000D+01
*---+----+-------------------+-------------------+---------+---------------------
*   1: printout of the result at time [hours]
*---+----+-------------------+-------------------+---------+---------------------
    1    0 1.4834400000000D+04
*---+----+-------------------+-------------------+---------+---------------------
    2    1 1.4834400000000D+04 2.0563600000000D+01
   0.87553    1.0751    1.0514    1.0309     1.021    1.0191    1.0265    1.0468
    1.0572   0.79655
    3    1 1.4834400000000D+04 1.0419576120000D+13
   0.87553    1.0751    1.0514    1.0309     1.021    1.0191    1.0265    1.0468
    1.0572   0.79655
    9    0 1.4834400000000D+04 2.9170000000000D+02
   10    0 1.4834400000000D+04 1.5800000000000D+01
*---+----+-------------------+-------------------+---------+---------------------
*   1: printout of the result at time [hours]
*---+----+-------------------+-------------------+---------+---------------------
    1    0 1.6328600000000D+04
*---+----+-------------------+-------------------+---------+---------------------
    2    1 1.6328600000000D+04 1.7408600000000D+01
   0.72637    0.8771   0.88663   0.91667   0.96355     1.021     1.091     1.183
    1.2957     1.039
    3    1 1.6328600000000D+04 8.4866925000000D+12
   0.72637    0.8771   0.88663   0.91667   0.96355     1.021     1.091     1.183
    1.2957     1.039
    9    0 1.6328600000000D+04 2.7520000000000D+02
   10    0 1.6328600000000D+04 1.5800000000000D+01
*---+----+-------------------+-------------------+---------+---------------------
*   1: printout of the result at time [hours]
*---+----+-------------------+-------------------+---------+---------------------
    1    0 1.6330600000000D+04
*---+----+-------------------+-------------------+---------+---------------------
    2    1 1.6330600000000D+04 2.2991000000000D+01
    0.6894   0.96512    1.0584    1.1123    1.1438    1.1516    1.1348    1.0898
   0.98843   0.66639
    3    1 1.6330600000000D+04 1.2714023000000D+13
    0.6894   0.96512    1.0584    1.1123    1.1438    1.1516    1.1348    1.0898
   0.98843   0.66639
    9    0 1.6330600000000D+04 2.9170000000000D+02
   10    0 1.6330600000000D+04 1.5800000000000D+01
*---+----+-------------------+-------------------+---------+---------------------
*   1: printout of the result at time [hours]
*---+----+-------------------+-------------------+---------+---------------------
    1    0 1.6473600000000D+04
*---+----+-------------------+-------------------+---------+---------------------
    2    1 1.6473600000000D+04 2.2385600000000D+01
   0.80829    1.0695    1.1134    1.1187    1.1109    1.0931    1.0656     1.025
   0.94248    0.6531
    3    1 1.6473600000000D+04 1.2345658400000D+13
   0.80829    1.0695    1.1134    1.1187    1.1109    1.0931    1.0656     1.025
   0.94248    0.6531
    9    0 1.6473600000000D+04 2.9170000000000D+02
   10    0 1.6473600000000D+04 1.5800000000000D+01
*---+----+-------------------+-------------------+---------+---------------------
*   1: printout of the result at time [hours]
*---+----+-------------------+-------------------+---------+---------------------
    1    0 1.7769600000000D+04
*---+----+-------------------+-------------------+---------+---------------------
    2    1 1.7769600000000D+04 2.2041800000000D+01
   0.84399    1.0695     1.089    1.0848    1.0777    1.0683    1.0556     1.035
   0.97646   0.69967
    3    1 1.7769600000000D+04 1.2226586460000D+13
   0.84399    1.0695     1.089    1.0848    1.0777    1.0683    1.0556     1.035
   0.97646   0.69967
    9    0 1.7769600000000D+04 2.9170000000000D+02
   10    0 1.7769600000000D+04 1.5800000000000D+01
*---+----+-------------------+-------------------+---------+---------------------
*   1: printout of the result at time [hours]
*---+----+-------------------+-------------------+---------+---------------------
    1    0 1.9375200000000D+04
*---+----+-------------------+-------------------+---------+---------------------
    2    1 1.9375200000000D+04 2.1522600000000D+01
   0.86188    1.0465     1.048    1.0396    1.0356    1.0356    1.0404    1.0508
    1.0449    0.7967
    3    1 1.9375200000000D+04 1.1996697240000D+13
   0.86188    1.0465     1.048    1.0396    1.0356    1.0356    1.0404    1.0508
    1.0449    0.7967
    9    0 1.9375200000000D+04 2.9170000000000D+02
   10    0 1.9375200000000D+04 1.5800000000000D+01
*---+----+-------------------+-------------------+---------+---------------------
*   1: printout of the result at time [hours]
*---+----+-------------------+-------------------+---------+---------------------
    1    0 2.1230400000000D+04
*---+----+-------------------+-------------------+---------+---------------------
    2    1 2.1230400000000D+04 1.7119300000000D+01
   0.69442   0.83467   0.86324   0.90582   0.96318    1.0306    1.1091    1.2042
    1.3132    1.0816
    3    1 2.1230400000000D+04 9.1399942700000D+12
   0.69442   0.83467   0.86324   0.90582   0.96318    1.0306    1.1091    1.2042
    1.3132    1.0816
    9    0 2.1230400000000D+04 2.7330000000000D+02
   10    0 2.1230400000000D+04 1.5800000000000D+01
*---+----+-------------------+-------------------+---------+---------------------
*   1: printout of the result at time [hours]
*---+----+-------------------+-------------------+---------+---------------------
    1    0 2.1234200000000D+04
*---+----+-------------------+-------------------+---------+---------------------
    2    1 2.1234200000000D+04 1.0590400000000D+01
   0.53955   0.67467   0.73406   0.81423    0.9164     1.037    1.1768     1.339
    1.4973     1.271
    3    1 2.1234200000000D+04 5.6478603200000D+12
   0.53955   0.67467   0.73406   0.81423    0.9164     1.037    1.1768     1.339
    1.4973     1.271
    9    0 2.1234200000000D+04 2.8340000000000D+02
   10    0 2.1234200000000D+04 1.5800000000000D+01
*---+----+-------------------+-------------------+---------+---------------------
*   1: printout of the result at time [hours]
*---+----+-------------------+-------------------+---------+---------------------
    1    0 2.1236200000000D+04
*---+----+-------------------+-------------------+---------+---------------------
    2    1 2.1236200000000D+04 1.6011600000000D+01
   0.74665    1.0072     1.097    1.1394    1.1628    1.1376    1.1037    1.0487
   0.94813   0.60887
    3    1 2.1236200000000D+04 9.1858549200000D+12
   0.74665    1.0072     1.097    1.1394    1.1628    1.1376    1.1037    1.0487
   0.94813   0.60887
    9    0 2.1236200000000D+04 2.9170000000000D+02
   10    0 2.1236200000000D+04 1.5800000000000D+01
*---+----+-------------------+-------------------+---------+---------------------
*   1: printout of the result at time [hours]
*---+----+-------------------+-------------------+---------+---------------------
    1    0 2.1379200000000D+04
*---+----+-------------------+-------------------+---------+---------------------
    2    1 2.1379200000000D+04 1.6460800000000D+01
   0.84929    1.0862    1.1293    1.1316    1.1157    1.0887    1.0537    1.0084
   0.92638   0.61078
    3    1 2.1379200000000D+04 9.3991168000000D+12
   0.84929    1.0862    1.1293    1.1316    1.1157    1.0887    1.0537    1.0084
   0.92638   0.61078
    9    0 2.1379200000000D+04 2.9170000000000D+02
   10    0 2.1379200000000D+04 1.5800000000000D+01
*---+----+-------------------+-------------------+---------+---------------------
*   1: printout of the result at time [hours]
*---+----+-------------------+-------------------+---------+---------------------
    1    0 2.2795200000000D+04
*---+----+-------------------+-------------------+---------+---------------------
    2    1 2.2795200000000D+04 1.6743100000000D+01
    0.8585     1.051    1.0713    1.0721    1.0686    1.0631    1.0561    1.0465
    1.0108   0.70202
    3    1 2.2795200000000D+04 9.5435670000000D+12
    0.8585     1.051    1.0713    1.0721    1.0686    1.0631    1.0561    1.0465
    1.0108   0.70202
    9    0 2.2795200000000D+04 2.9170000000000D+02
   10    0 2.2795200000000D+04 1.5800000000000D+01
*---+----+-------------------+-------------------+---------+---------------------
*   1: printout of the result at time [hours]
*---+----+-------------------+-------------------+---------+---------------------
    1    0 2.3620800000000D+04
*---+----+-------------------+-------------------+---------+---------------------
    2    1 2.3620800000000D+04 1.6866600000000D+01
   0.87694    1.0473    1.0545    1.0501    1.0464    1.0441    1.0443    1.0481
    1.0393   0.74911
    3    1 2.3620800000000D+04 9.5970954000000D+12
   0.87694    1.0473    1.0545    1.0501    1.0464    1.0441    1.0443    1.0481
    1.0393   0.74911
    9    0 2.3620800000000D+04 2.9170000000000D+02
   10    0 2.3620800000000D+04 1.5800000000000D+01
*---+----+-------------------+-------------------+---------+---------------------
*   1: printout of the result at time [hours]
*---+----+-------------------+-------------------+---------+---------------------
    1    0 2.4258200000000D+04
*---+----+-------------------+-------------------+---------+---------------------
    2    1 2.4258200000000D+04 1.6067200000000D+01
   0.78825   0.93831   0.96121    0.9863    1.0174    1.0516    1.0887    1.1306
    1.1708    0.8668
    3    1 2.4258200000000D+04 8.9430035200000D+12
   0.78825   0.93831   0.96121    0.9863    1.0174    1.0516    1.0887    1.1306
    1.1708    0.8668
    9    0 2.4258200000000D+04 2.8320000000000D+02
   10    0 2.4258200000000D+04 1.5800000000000D+01
*---+----+-------------------+-------------------+---------+---------------------
*   1: printout of the result at time [hours]
*---+----+-------------------+-------------------+---------+---------------------
    1    0 2.4260200000000D+04
*---+----+-------------------+-------------------+---------+---------------------
    2    1 2.4260200000000D+04 1.0181200000000D+01
   0.45427   0.69677   0.84941   0.98151    1.1013    1.2049    1.2815    1.3172
    1.2353   0.87779
    3    1 2.4260200000000D+04 6.2166407200000D+12
   0.45427   0.69677   0.84941   0.98151    1.1013    1.2049    1.2815    1.3172
    1.2353   0.87779
    9    0 2.4260200000000D+04 2.9170000000000D+02
   10    0 2.4260200000000D+04 1.5800000000000D+01
*---+----+-------------------+-------------------+---------+---------------------
*   1: printout of the result at time [hours]
*---+----+-------------------+-------------------+---------+---------------------
    1    0 2.4403200000000D+04
*---+----+-------------------+-------------------+---------+---------------------
    2    1 2.4403200000000D+04 1.0370600000000D+01
   0.63786   0.89725   0.99686    1.0548    1.0969      1.13    1.1526    1.1526
    1.0881   0.79301
    3    1 2.4403200000000D+04 6.2742130000000D+12
   0.63786   0.89725   0.99686    1.0548    1.0969      1.13    1.1526    1.1526
    1.0881   0.79301
    9    0 2.4403200000000D+04 2.9170000000000D+02
   10    0 2.4403200000000D+04 1.5800000000000D+01
*---+----+-------------------+-------------------+---------+---------------------
*   1: printout of the result at time [hours]
*---+----+-------------------+-------------------+---------+---------------------
    1    0 2.9659200000000D+04
*---+----+-------------------+-------------------+---------+---------------------
    2    1 2.9659200000000D+04 1.0522400000000D+01
   0.85655    1.0374    1.0484    1.0441    1.0403    1.0386    1.0401    1.0425
    1.0257   0.82633
    3    1 2.9659200000000D+04 6.2092682400000D+12
   0.85655    1.0374    1.0484    1.0441    1.0403    1.0386    1.0401    1.0425
    1.0257   0.82633
    9    0 2.9659200000000D+04 2.9170000000000D+02
   10    0 2.9659200000000D+04 1.5800000000000D+01
*---+----+-------------------+-------------------+---------+---------------------
*   1: printout of the result at time [hours]
*---+----+-------------------+-------------------+---------+---------------------
    1    0 3.1540800000000D+04
*---+----+-------------------+-------------------+---------+---------------------
    2    1 3.1540800000000D+04 1.0846600000000D+01
   0.85824   0.99792   0.99432   0.99275    1.0001    1.0141    1.0353    1.0672
    1.1071   0.93292
    3    1 3.1540800000000D+04 6.3365837200000D+12
   0.85824   0.99792   0.99432   0.99275    1.0001    1.0141    1.0353    1.0672
    1.1071   0.93292
    9    0 3.1540800000000D+04 2.9170000000000D+02
   10    0 3.1540800000000D+04 1.5800000000000D+01
*---+----+-------------------+-------------------+---------+---------------------
*   1: printout of the result at time [hours]
*---+----+-------------------+-------------------+---------+---------------------
    1    0 3.2276600000000D+04
*---+----+-------------------+-------------------+---------+---------------------
    2    1 3.2276600000000D+04 1.0271800000000D+01
   0.76832   0.88884   0.90052   0.92691   0.96721    1.0164    1.0749    1.1481
    1.2272    1.0816
    3    1 3.2276600000000D+04 5.8508172800000D+12
   0.76832   0.88884   0.90052   0.92691   0.96721    1.0164    1.0749    1.1481
    1.2272    1.0816
    9    0 3.2276600000000D+04 2.8110000000000D+02
   10    0 3.2276600000000D+04 1.5800000000000D+01
*---+----+-------------------+-------------------+---------+---------------------
*   1: printout of the result at time [hours]
*---+----+-------------------+-------------------+---------+---------------------
    1    0 3.2278600000000D+04
*---+----+-------------------+-------------------+---------+---------------------
    2    1 3.2278600000000D+04 1.0007000000000D+01
   0.46288   0.69082   0.84351   0.98131    1.1069     1.213    1.2871    1.3184
    1.2422    0.8539
    3    1 3.2278600000000D+04 6.4625206000000D+12
   0.46288   0.69082   0.84351   0.98131    1.1069     1.213    1.2871    1.3184
    1.2422    0.8539
    9    0 3.2278600000000D+04 2.9170000000000D+02
   10    0 3.2278600000000D+04 1.5800000000000D+01
*---+----+-------------------+-------------------+---------+---------------------
*   1: printout of the result at time [hours]
*---+----+-------------------+-------------------+---------+---------------------
    1    0 3.2421600000000D+04
*---+----+-------------------+-------------------+---------+---------------------
    2    1 3.2421600000000D+04 1.0265000000000D+01
   0.65309   0.89479   0.99503    1.0581     1.104    1.1373    1.1601    1.1494
    1.0867   0.76152
    3    1 3.2421600000000D+04 6.5624145000000D+12
   0.65309   0.89479   0.99503    1.0581     1.104    1.1373    1.1601    1.1494
    1.0867   0.76152
    9    0 3.2421600000000D+04 2.9170000000000D+02
   10    0 3.2421600000000D+04 1.5800000000000D+01
*---+----+-------------------+-------------------+---------+---------------------
*   1: printout of the result at time [hours]
*---+----+-------------------+-------------------+---------+---------------------
    1    0 3.5877600000000D+04
*---+----+-------------------+-------------------+---------+---------------------
    2    1 3.5877600000000D+04 1.0506800000000D+01
   0.84345    1.0304    1.0506    1.0501    1.0483    1.0486    1.0514    1.0607
    1.0356   0.78092
    3    1 3.5877600000000D+04 6.5993210800000D+12
   0.84345    1.0304    1.0506    1.0501    1.0483    1.0486    1.0514    1.0607
    1.0356   0.78092
    9    0 3.5877600000000D+04 2.9170000000000D+02
   10    0 3.5877600000000D+04 1.5800000000000D+01
*---+----+-------------------+-------------------+---------+---------------------
*   1: printout of the result at time [hours]
*---+----+-------------------+-------------------+---------+---------------------
    1    0 3.7677600000000D+04
*---+----+-------------------+-------------------+---------+---------------------
    2    1 3.7677600000000D+04 1.0496300000000D+01
   0.89069    1.0472    1.0513    1.0442    1.0381    1.0345    1.0338    1.0363
    1.0273   0.79666
    3    1 3.7677600000000D+04 6.5339467500000D+12
   0.89069    1.0472    1.0513    1.0442    1.0381    1.0345    1.0338    1.0363
    1.0273   0.79666
    9    0 3.7677600000000D+04 2.9170000000000D+02
   10    0 3.7677600000000D+04 1.5800000000000D+01
*---+----+-------------------+-------------------+---------+---------------------
*   1: printout of the result at time [hours]
*---+----+-------------------+-------------------+---------+---------------------
    1    0 3.9432000000000D+04
*---+----+-------------------+-------------------+---------+---------------------
    2    1 3.9432000000000D+04 1.0885000000000D+01
   0.88029    0.9978   0.99072   0.99008   0.99917     1.015    1.0372    1.0701
    1.1116   0.90804
    3    1 3.9432000000000D+04 6.7029830000000D+12
   0.88029    0.9978   0.99072   0.99008   0.99917     1.015    1.0372    1.0701
    1.1116   0.90804
    9    0 3.9432000000000D+04 2.9170000000000D+02
   10    0 3.9432000000000D+04 1.5800000000000D+01
*---+----+-------------------+-------------------+---------+---------------------
*   1: printout of the result at time [hours]
*---+----+-------------------+-------------------+---------+---------------------
    1    0 4.0375200000000D+04
*---+----+-------------------+-------------------+---------+---------------------
    2    1 4.0375200000000D+04 9.5268000000000D+00
   0.76017   0.85853   0.87165   0.90513   0.95457    1.0145    1.0851     1.173
      1.28    1.0973
    3    1 4.0375200000000D+04 5.7084585600000D+12
   0.76017   0.85853   0.87165   0.90513   0.95457    1.0145    1.0851     1.173
      1.28    1.0973
    9    0 4.0375200000000D+04 2.8120000000000D+02
   10    0 4.0375200000000D+04 1.5800000000000D+01
* data point #4785 end
*  00:  last line of data set (finishing the program)
*---+----+-------------------+-------------------+---------+---------------------
00000    0 4.0375200000000D+04
*---+----+-------------------+-------------------+---------+---------------------
