* data point #4015 begin
*
*---+----+-------------------+-------------------+---------+---------------------
*   1: printout of the result at time [hours]
*---+----+-------------------+-------------------+---------+---------------------
    1    0 0.0000000000000D+00
*---+----+-------------------+-------------------+---------+---------------------
    2    1 0.0000000000000D+00 2.7940600000000D+01
   0.51459   0.72389   0.86068   0.98359    1.0974    1.1953    1.2673    1.3028
    1.2283   0.82618
    3    1 0.0000000000000D+00 1.2408420460000D+13
   0.51459   0.72389   0.86068   0.98359    1.0974    1.1953    1.2673    1.3028
    1.2283   0.82618
    9    0 0.0000000000000D+00 2.9170000000000D+02
   10    0 0.0000000000000D+00 1.5800000000000D+01
*---+----+-------------------+-------------------+---------+---------------------
*   1: printout of the result at time [hours]
*---+----+-------------------+-------------------+---------+---------------------
    1    0 1.4400000000000D+02
*---+----+-------------------+-------------------+---------+---------------------
    2    1 1.4400000000000D+02 2.7467700000000D+01
   0.72613   0.94027    1.0177    1.0618     1.094    1.1177    1.1352    1.1257
    1.0592    0.7223
    3    1 1.4400000000000D+02 1.2253340970000D+13
   0.72613   0.94027    1.0177    1.0618     1.094    1.1177    1.1352    1.1257
    1.0592    0.7223
    9    0 1.4400000000000D+02 2.9170000000000D+02
   10    0 1.4400000000000D+02 1.5800000000000D+01
*---+----+-------------------+-------------------+---------+---------------------
*   1: printout of the result at time [hours]
*---+----+-------------------+-------------------+---------+---------------------
    1    0 5.4000000000000D+03
*---+----+-------------------+-------------------+---------+---------------------
    2    1 5.4000000000000D+03 2.7533500000000D+01
   0.88794    1.1521     1.156    1.1236    1.0891    1.0566    1.0261   0.99232
   0.91659    0.5996
    3    1 5.4000000000000D+03 1.3229846750000D+13
   0.88794    1.1521     1.156    1.1236    1.0891    1.0566    1.0261   0.99232
   0.91659    0.5996
    9    0 5.4000000000000D+03 2.9170000000000D+02
   10    0 5.4000000000000D+03 1.5800000000000D+01
*---+----+-------------------+-------------------+---------+---------------------
*   1: printout of the result at time [hours]
*---+----+-------------------+-------------------+---------+---------------------
    1    0 7.2816000000000D+03
*---+----+-------------------+-------------------+---------+---------------------
    2    1 7.2816000000000D+03 2.6966100000000D+01
   0.87577    1.1089    1.0896    1.0662    1.0509    1.0411    1.0363    1.0369
    1.0132   0.68108
    3    1 7.2816000000000D+03 1.3186422900000D+13
   0.87577    1.1089    1.0896    1.0662    1.0509    1.0411    1.0363    1.0369
    1.0132   0.68108
    9    0 7.2816000000000D+03 2.9170000000000D+02
   10    0 7.2816000000000D+03 1.5800000000000D+01
*---+----+-------------------+-------------------+---------+---------------------
*   1: printout of the result at time [hours]
*---+----+-------------------+-------------------+---------+---------------------
    1    0 8.0174000000000D+03
*---+----+-------------------+-------------------+---------+---------------------
    2    1 8.0174000000000D+03 2.5268400000000D+01
   0.77128   0.97129   0.97925   0.99338    1.0196    1.0523    1.0909    1.1378
    1.1677   0.81647
    3    1 8.0174000000000D+03 1.2053026800000D+13
   0.77128   0.97129   0.97925   0.99338    1.0196    1.0523    1.0909    1.1378
    1.1677   0.81647
    9    0 8.0174000000000D+03 2.8110000000000D+02
   10    0 8.0174000000000D+03 1.5800000000000D+01
*---+----+-------------------+-------------------+---------+---------------------
*   1: printout of the result at time [hours]
*---+----+-------------------+-------------------+---------+---------------------
    1    0 8.0194000000000D+03
*---+----+-------------------+-------------------+---------+---------------------
    2    1 8.0194000000000D+03 2.2943700000000D+01
   0.44862   0.71148    0.8595   0.99409    1.1174    1.2202    1.2909    1.3196
    1.2291   0.80915
    3    1 8.0194000000000D+03 1.1900897190000D+13
   0.44862   0.71148    0.8595   0.99409    1.1174    1.2202    1.2909    1.3196
    1.2291   0.80915
    9    0 8.0194000000000D+03 2.9170000000000D+02
   10    0 8.0194000000000D+03 1.5800000000000D+01
*---+----+-------------------+-------------------+---------+---------------------
*   1: printout of the result at time [hours]
*---+----+-------------------+-------------------+---------+---------------------
    1    0 8.1624000000000D+03
*---+----+-------------------+-------------------+---------+---------------------
    2    1 8.1624000000000D+03 2.2918600000000D+01
     0.638   0.93151    1.0234    1.0785    1.1174    1.1431    1.1578    1.1419
    1.0609   0.70746
    3    1 8.1624000000000D+03 1.1910796420000D+13
     0.638   0.93151    1.0234    1.0785    1.1174    1.1431    1.1578    1.1419
    1.0609   0.70746
    9    0 8.1624000000000D+03 2.9170000000000D+02
   10    0 8.1624000000000D+03 1.5800000000000D+01
*---+----+-------------------+-------------------+---------+---------------------
*   1: printout of the result at time [hours]
*---+----+-------------------+-------------------+---------+---------------------
    1    0 1.1618400000000D+04
*---+----+-------------------+-------------------+---------+---------------------
    2    1 1.1618400000000D+04 2.1342100000000D+01
   0.84518    1.0802    1.0851     1.072    1.0599    1.0504    1.0439    1.0381
    1.0007   0.72453
    3    1 1.1618400000000D+04 1.1283568270000D+13
   0.84518    1.0802    1.0851     1.072    1.0599    1.0504    1.0439    1.0381
    1.0007   0.72453
    9    0 1.1618400000000D+04 2.9170000000000D+02
   10    0 1.1618400000000D+04 1.5800000000000D+01
*---+----+-------------------+-------------------+---------+---------------------
*   1: printout of the result at time [hours]
*---+----+-------------------+-------------------+---------+---------------------
    1    0 1.3778400000000D+04
*---+----+-------------------+-------------------+---------+---------------------
    2    1 1.3778400000000D+04 2.0373900000000D+01
   0.89963    1.0946    1.0789    1.0608    1.0463    1.0342    1.0249     1.019
   0.99348   0.74802
    3    1 1.3778400000000D+04 1.0863363480000D+13
   0.89963    1.0946    1.0789    1.0608    1.0463    1.0342    1.0249     1.019
   0.99348   0.74802
    9    0 1.3778400000000D+04 2.9170000000000D+02
   10    0 1.3778400000000D+04 1.5800000000000D+01
*---+----+-------------------+-------------------+---------+---------------------
*   1: printout of the result at time [hours]
*---+----+-------------------+-------------------+---------+---------------------
    1    0 1.5081600000000D+04
*---+----+-------------------+-------------------+---------+---------------------
    2    1 1.5081600000000D+04 2.0178800000000D+01
    0.8943     1.051     1.033    1.0215     1.019    1.0208    1.0271    1.0422
    1.0596   0.83142
    3    1 1.5081600000000D+04 1.0801711640000D+13
    0.8943     1.051     1.033    1.0215     1.019    1.0208    1.0271    1.0422
    1.0596   0.83142
    9    0 1.5081600000000D+04 2.9170000000000D+02
   10    0 1.5081600000000D+04 1.5800000000000D+01
*---+----+-------------------+-------------------+---------+---------------------
*   1: printout of the result at time [hours]
*---+----+-------------------+-------------------+---------+---------------------
    1    0 1.5503000000000D+04
*---+----+-------------------+-------------------+---------+---------------------
    2    1 1.5503000000000D+04 1.8994600000000D+01
   0.80549   0.94869   0.95043   0.96727   0.99602    1.0301    1.0688    1.1172
    1.1738   0.94227
    3    1 1.5503000000000D+04 1.0013953120000D+13
   0.80549   0.94869   0.95043   0.96727   0.99602    1.0301    1.0688    1.1172
    1.1738   0.94227
    9    0 1.5503000000000D+04 2.8640000000000D+02
   10    0 1.5503000000000D+04 1.5800000000000D+01
*---+----+-------------------+-------------------+---------+---------------------
*   1: printout of the result at time [hours]
*---+----+-------------------+-------------------+---------+---------------------
    1    0 1.5505000000000D+04
*---+----+-------------------+-------------------+---------+---------------------
    2    1 1.5505000000000D+04 1.8113400000000D+01
   0.50361   0.72151   0.85616   0.98408    1.1015    1.1992    1.2665    1.2972
    1.2344   0.83585
    3    1 1.5505000000000D+04 1.0455054480000D+13
   0.50361   0.72151   0.85616   0.98408    1.1015    1.1992    1.2665    1.2972
    1.2344   0.83585
    9    0 1.5505000000000D+04 2.9170000000000D+02
   10    0 1.5505000000000D+04 1.5800000000000D+01
*---+----+-------------------+-------------------+---------+---------------------
*   1: printout of the result at time [hours]
*---+----+-------------------+-------------------+---------+---------------------
    1    0 1.5648000000000D+04
*---+----+-------------------+-------------------+---------+---------------------
    2    1 1.5648000000000D+04 1.8067900000000D+01
   0.69914   0.92639    1.0035    1.0563     1.096    1.1239    1.1423    1.1329
    1.0793   0.74021
    3    1 1.5648000000000D+04 1.0405303610000D+13
   0.69914   0.92639    1.0035    1.0563     1.096    1.1239    1.1423    1.1329
    1.0793   0.74021
    9    0 1.5648000000000D+04 2.9170000000000D+02
   10    0 1.5648000000000D+04 1.5800000000000D+01
*---+----+-------------------+-------------------+---------+---------------------
*   1: printout of the result at time [hours]
*---+----+-------------------+-------------------+---------+---------------------
    1    0 1.9104000000000D+04
*---+----+-------------------+-------------------+---------+---------------------
    2    1 1.9104000000000D+04 1.8089200000000D+01
   0.87328    1.0705    1.0871    1.0714    1.0601    1.0504    1.0424    1.0332
   0.99761   0.71407
    3    1 1.9104000000000D+04 1.0518869800000D+13
   0.87328    1.0705    1.0871    1.0714    1.0601    1.0504    1.0424    1.0332
   0.99761   0.71407
    9    0 1.9104000000000D+04 2.9170000000000D+02
   10    0 1.9104000000000D+04 1.5800000000000D+01
*---+----+-------------------+-------------------+---------+---------------------
*   1: printout of the result at time [hours]
*---+----+-------------------+-------------------+---------+---------------------
    1    0 2.0904000000000D+04
*---+----+-------------------+-------------------+---------+---------------------
    2    1 2.0904000000000D+04 1.8050500000000D+01
   0.90618    1.1004    1.1019    1.0829    1.0624    1.0433    1.0263    1.0092
   0.96867   0.69887
    3    1 2.0904000000000D+04 1.0568567750000D+13
   0.90618    1.1004    1.1019    1.0829    1.0624    1.0433    1.0263    1.0092
   0.96867   0.69887
    9    0 2.0904000000000D+04 2.9170000000000D+02
   10    0 2.0904000000000D+04 1.5800000000000D+01
*---+----+-------------------+-------------------+---------+---------------------
*   1: printout of the result at time [hours]
*---+----+-------------------+-------------------+---------+---------------------
    1    0 2.2658400000000D+04
*---+----+-------------------+-------------------+---------+---------------------
    2    1 2.2658400000000D+04 1.8002200000000D+01
   0.87878    1.0262    1.0169    1.0134      1.02     1.032    1.0483    1.0695
     1.082   0.81285
    3    1 2.2658400000000D+04 1.0563690960000D+13
   0.87878    1.0262    1.0169    1.0134      1.02     1.032    1.0483    1.0695
     1.082   0.81285
    9    0 2.2658400000000D+04 2.9170000000000D+02
   10    0 2.2658400000000D+04 1.5800000000000D+01
*---+----+-------------------+-------------------+---------+---------------------
*   1: printout of the result at time [hours]
*---+----+-------------------+-------------------+---------+---------------------
    1    0 2.3601600000000D+04
*---+----+-------------------+-------------------+---------+---------------------
    2    1 2.3601600000000D+04 1.5602500000000D+01
   0.74411   0.86595   0.88197   0.91844   0.97132    1.0339    1.1058     1.191
    1.2732    1.0143
    3    1 2.3601600000000D+04 8.8840635000000D+12
   0.74411   0.86595   0.88197   0.91844   0.97132    1.0339    1.1058     1.191
    1.2732    1.0143
    9    0 2.3601600000000D+04 2.8120000000000D+02
   10    0 2.3601600000000D+04 1.5800000000000D+01
* data point #4015 end
*  00:  last line of data set (finishing the program)
*---+----+-------------------+-------------------+---------+---------------------
00000    0 2.3601600000000D+04
*---+----+-------------------+-------------------+---------+---------------------
