* data point #4806 begin
*
*---+----+-------------------+-------------------+---------+---------------------
*   1: printout of the result at time [hours]
*---+----+-------------------+-------------------+---------+---------------------
    1    0 0.0000000000000D+00
*---+----+-------------------+-------------------+---------+---------------------
    2    1 0.0000000000000D+00 2.0564500000000D+01
   0.48049   0.79277   0.94901    1.0699    1.1674     1.236    1.2702    1.2412
    1.1142   0.67894
    3    1 0.0000000000000D+00 9.7804762000000D+12
   0.48049   0.79277   0.94901    1.0699    1.1674     1.236    1.2702    1.2412
    1.1142   0.67894
    9    0 0.0000000000000D+00 2.9170000000000D+02
   10    0 0.0000000000000D+00 1.5800000000000D+01
*---+----+-------------------+-------------------+---------+---------------------
*   1: printout of the result at time [hours]
*---+----+-------------------+-------------------+---------+---------------------
    1    0 1.4400000000000D+02
*---+----+-------------------+-------------------+---------+---------------------
    2    1 1.4400000000000D+02 2.0211700000000D+01
   0.66605    1.0061    1.0965     1.132    1.1461    1.1455    1.1291     1.087
   0.97864   0.61306
    3    1 1.4400000000000D+02 9.6510867500000D+12
   0.66605    1.0061    1.0965     1.132    1.1461    1.1455    1.1291     1.087
   0.97864   0.61306
    9    0 1.4400000000000D+02 2.9170000000000D+02
   10    0 1.4400000000000D+02 1.5800000000000D+01
*---+----+-------------------+-------------------+---------+---------------------
*   1: printout of the result at time [hours]
*---+----+-------------------+-------------------+---------+---------------------
    1    0 3.6000000000000D+03
*---+----+-------------------+-------------------+---------+---------------------
    2    1 3.6000000000000D+03 1.9749700000000D+01
   0.83652    1.1371    1.1477      1.12    1.0895    1.0614    1.0357    1.0064
   0.93728   0.62836
    3    1 3.6000000000000D+03 9.6911777900000D+12
   0.83652    1.1371    1.1477      1.12    1.0895    1.0614    1.0357    1.0064
   0.93728   0.62836
    9    0 3.6000000000000D+03 2.9170000000000D+02
   10    0 3.6000000000000D+03 1.5800000000000D+01
*---+----+-------------------+-------------------+---------+---------------------
*   1: printout of the result at time [hours]
*---+----+-------------------+-------------------+---------+---------------------
    1    0 5.4000000000000D+03
*---+----+-------------------+-------------------+---------+---------------------
    2    1 5.4000000000000D+03 1.9576300000000D+01
   0.87116    1.1566    1.1558    1.1207    1.0845    1.0509    1.0201   0.98783
   0.92173   0.63066
    3    1 5.4000000000000D+03 9.7196329500000D+12
   0.87116    1.1566    1.1558    1.1207    1.0845    1.0509    1.0201   0.98783
   0.92173   0.63066
    9    0 5.4000000000000D+03 2.9170000000000D+02
   10    0 5.4000000000000D+03 1.5800000000000D+01
*---+----+-------------------+-------------------+---------+---------------------
*   1: printout of the result at time [hours]
*---+----+-------------------+-------------------+---------+---------------------
    1    0 7.1544000000000D+03
*---+----+-------------------+-------------------+---------+---------------------
    2    1 7.1544000000000D+03 1.9560400000000D+01
   0.85044    1.0848    1.0695    1.0521    1.0447    1.0428    1.0448    1.0494
    1.0267   0.73485
    3    1 7.1544000000000D+03 9.7841120800000D+12
   0.85044    1.0848    1.0695    1.0521    1.0447    1.0428    1.0448    1.0494
    1.0267   0.73485
    9    0 7.1544000000000D+03 2.9170000000000D+02
   10    0 7.1544000000000D+03 1.5800000000000D+01
*---+----+-------------------+-------------------+---------+---------------------
*   1: printout of the result at time [hours]
*---+----+-------------------+-------------------+---------+---------------------
    1    0 8.0976000000000D+03
*---+----+-------------------+-------------------+---------+---------------------
    2    1 8.0976000000000D+03 1.7294800000000D+01
   0.72334   0.91767   0.93329   0.95971    1.0012    1.0509    1.1077    1.1731
    1.2192   0.91392
    3    1 8.0976000000000D+03 8.4087317600000D+12
   0.72334   0.91767   0.93329   0.95971    1.0012    1.0509    1.1077    1.1731
    1.2192   0.91392
    9    0 8.0976000000000D+03 2.8120000000000D+02
   10    0 8.0976000000000D+03 1.5800000000000D+01
* data point #4806 end
*  00:  last line of data set (finishing the program)
*---+----+-------------------+-------------------+---------+---------------------
00000    0 8.0976000000000D+03
*---+----+-------------------+-------------------+---------+---------------------
