* data point #4020 begin
*
*---+----+-------------------+-------------------+---------+---------------------
*   1: printout of the result at time [hours]
*---+----+-------------------+-------------------+---------+---------------------
    1    0 0.0000000000000D+00
*---+----+-------------------+-------------------+---------+---------------------
    2    1 0.0000000000000D+00 2.4592600000000D+01
   0.63214   0.99741    1.1026    1.1525    1.1793    1.1825    1.1606    1.1063
   0.96659   0.52016
    3    1 0.0000000000000D+00 1.1533929400000D+13
   0.63214   0.99741    1.1026    1.1525    1.1793    1.1825    1.1606    1.1063
   0.96659   0.52016
    9    0 0.0000000000000D+00 2.9170000000000D+02
   10    0 0.0000000000000D+00 1.5800000000000D+01
*---+----+-------------------+-------------------+---------+---------------------
*   1: printout of the result at time [hours]
*---+----+-------------------+-------------------+---------+---------------------
    1    0 1.4400000000000D+02
*---+----+-------------------+-------------------+---------+---------------------
    2    1 1.4400000000000D+02 2.4576200000000D+01
   0.76228    1.1229    1.1761    1.1623    1.1425    1.1143    1.0776    1.0259
   0.90897   0.50712
    3    1 1.4400000000000D+02 1.1587678300000D+13
   0.76228    1.1229    1.1761    1.1623    1.1425    1.1143    1.0776    1.0259
   0.90897   0.50712
    9    0 1.4400000000000D+02 2.9170000000000D+02
   10    0 1.4400000000000D+02 1.5800000000000D+01
*---+----+-------------------+-------------------+---------+---------------------
*   1: printout of the result at time [hours]
*---+----+-------------------+-------------------+---------+---------------------
    1    0 1.4400000000000D+03
*---+----+-------------------+-------------------+---------+---------------------
    2    1 1.4400000000000D+03 2.4443700000000D+01
   0.81113    1.1323    1.1478    1.1277     1.107    1.0861    1.0634    1.0323
   0.94262   0.54971
    3    1 1.4400000000000D+03 1.1583869430000D+13
   0.81113    1.1323    1.1478    1.1277     1.107    1.0861    1.0634    1.0323
   0.94262   0.54971
    9    0 1.4400000000000D+03 2.9170000000000D+02
   10    0 1.4400000000000D+03 1.5800000000000D+01
*---+----+-------------------+-------------------+---------+---------------------
*   1: printout of the result at time [hours]
*---+----+-------------------+-------------------+---------+---------------------
    1    0 3.0456000000000D+03
*---+----+-------------------+-------------------+---------+---------------------
    2    1 3.0456000000000D+03 2.4171900000000D+01
   0.84234    1.1115    1.0988    1.0737     1.056    1.0444    1.0402    1.0451
    1.0278   0.66006
    3    1 3.0456000000000D+03 1.1539665060000D+13
   0.84234    1.1115    1.0988    1.0737     1.056    1.0444    1.0402    1.0451
    1.0278   0.66006
    9    0 3.0456000000000D+03 2.9170000000000D+02
   10    0 3.0456000000000D+03 1.5800000000000D+01
*---+----+-------------------+-------------------+---------+---------------------
*   1: printout of the result at time [hours]
*---+----+-------------------+-------------------+---------+---------------------
    1    0 4.9008000000000D+03
*---+----+-------------------+-------------------+---------+---------------------
    2    1 4.9008000000000D+03 1.8917900000000D+01
   0.68919   0.89111   0.91305    0.9453   0.99297    1.0502    1.1183    1.2043
    1.2918   0.90375
    3    1 4.9008000000000D+03 8.6435885100000D+12
   0.68919   0.89111   0.91305    0.9453   0.99297    1.0502    1.1183    1.2043
    1.2918   0.90375
    9    0 4.9008000000000D+03 2.7330000000000D+02
   10    0 4.9008000000000D+03 1.5800000000000D+01
*---+----+-------------------+-------------------+---------+---------------------
*   1: printout of the result at time [hours]
*---+----+-------------------+-------------------+---------+---------------------
    1    0 4.9046000000000D+03
*---+----+-------------------+-------------------+---------+---------------------
    2    1 4.9046000000000D+03 1.1411900000000D+01
   0.53795   0.72319    0.7798   0.85393   0.94971    1.0624    1.1927    1.3454
    1.4941    1.0608
    3    1 4.9046000000000D+03 5.2175206800000D+12
   0.53795   0.72319    0.7798   0.85393   0.94971    1.0624    1.1927    1.3454
    1.4941    1.0608
    9    0 4.9046000000000D+03 2.8340000000000D+02
   10    0 4.9046000000000D+03 1.5800000000000D+01
*---+----+-------------------+-------------------+---------+---------------------
*   1: printout of the result at time [hours]
*---+----+-------------------+-------------------+---------+---------------------
    1    0 4.9066000000000D+03
*---+----+-------------------+-------------------+---------+---------------------
    2    1 4.9066000000000D+03 2.6392900000000D+01
   0.75892    1.1139    1.1948    1.2112    1.1848    1.1372    1.0711   0.98606
   0.85239   0.48949
    3    1 4.9066000000000D+03 1.2536627500000D+13
   0.75892    1.1139    1.1948    1.2112    1.1848    1.1372    1.0711   0.98606
   0.85239   0.48949
    9    0 4.9066000000000D+03 2.9170000000000D+02
   10    0 4.9066000000000D+03 1.5800000000000D+01
*---+----+-------------------+-------------------+---------+---------------------
*   1: printout of the result at time [hours]
*---+----+-------------------+-------------------+---------+---------------------
    1    0 5.0496000000000D+03
*---+----+-------------------+-------------------+---------+---------------------
    2    1 5.0496000000000D+03 2.6541300000000D+01
   0.86194    1.1935    1.2279    1.1916     1.143     1.085    1.0212   0.94826
   0.83417   0.49346
    3    1 5.0496000000000D+03 1.2633658800000D+13
   0.86194    1.1935    1.2279    1.1916     1.143     1.085    1.0212   0.94826
   0.83417   0.49346
    9    0 5.0496000000000D+03 2.9170000000000D+02
   10    0 5.0496000000000D+03 1.5800000000000D+01
*---+----+-------------------+-------------------+---------+---------------------
*   1: printout of the result at time [hours]
*---+----+-------------------+-------------------+---------+---------------------
    1    0 6.4656000000000D+03
*---+----+-------------------+-------------------+---------+---------------------
    2    1 6.4656000000000D+03 2.5860700000000D+01
    0.8666    1.1393    1.1468    1.1238    1.0965    1.0674    1.0372    1.0028
   0.93339   0.58622
    3    1 6.4656000000000D+03 1.2428652420000D+13
    0.8666    1.1393    1.1468    1.1238    1.0965    1.0674    1.0372    1.0028
   0.93339   0.58622
    9    0 6.4656000000000D+03 2.9170000000000D+02
   10    0 6.4656000000000D+03 1.5800000000000D+01
*---+----+-------------------+-------------------+---------+---------------------
*   1: printout of the result at time [hours]
*---+----+-------------------+-------------------+---------+---------------------
    1    0 7.2912000000000D+03
*---+----+-------------------+-------------------+---------+---------------------
    2    1 7.2912000000000D+03 2.5604900000000D+01
   0.88335    1.1329    1.1242    1.0985    1.0736    1.0502    1.0292    1.0098
   0.96646   0.63187
    3    1 7.2912000000000D+03 1.2346682780000D+13
   0.88335    1.1329    1.1242    1.0985    1.0736    1.0502    1.0292    1.0098
   0.96646   0.63187
    9    0 7.2912000000000D+03 2.9170000000000D+02
   10    0 7.2912000000000D+03 1.5800000000000D+01
*---+----+-------------------+-------------------+---------+---------------------
*   1: printout of the result at time [hours]
*---+----+-------------------+-------------------+---------+---------------------
    1    0 7.9286000000000D+03
*---+----+-------------------+-------------------+---------+---------------------
    2    1 7.9286000000000D+03 2.4446300000000D+01
   0.79067    1.0091    1.0256    1.0357    1.0503    1.0667     1.084    1.1022
    1.0941   0.74163
    3    1 7.9286000000000D+03 1.1558210640000D+13
   0.79067    1.0091    1.0256    1.0357    1.0503    1.0667     1.084    1.1022
    1.0941   0.74163
    9    0 7.9286000000000D+03 2.8320000000000D+02
   10    0 7.9286000000000D+03 1.5800000000000D+01
*---+----+-------------------+-------------------+---------+---------------------
*   1: printout of the result at time [hours]
*---+----+-------------------+-------------------+---------+---------------------
    1    0 7.9306000000000D+03
*---+----+-------------------+-------------------+---------+---------------------
    2    1 7.9306000000000D+03 2.2532600000000D+01
   0.53474   0.80448    0.9488     1.065    1.1571    1.2205    1.2511    1.2229
    1.1119    0.6835
    3    1 7.9306000000000D+03 1.1732724820000D+13
   0.53474   0.80448    0.9488     1.065    1.1571    1.2205    1.2511    1.2229
    1.1119    0.6835
    9    0 7.9306000000000D+03 2.9170000000000D+02
   10    0 7.9306000000000D+03 1.5800000000000D+01
*---+----+-------------------+-------------------+---------+---------------------
*   1: printout of the result at time [hours]
*---+----+-------------------+-------------------+---------+---------------------
    1    0 8.0736000000000D+03
*---+----+-------------------+-------------------+---------+---------------------
    2    1 8.0736000000000D+03 2.2494200000000D+01
    0.7088   0.98741    1.0711    1.1126    1.1331    1.1492    1.1269    1.0903
   0.99532   0.62532
    3    1 8.0736000000000D+03 1.1696984000000D+13
    0.7088   0.98741    1.0711    1.1126    1.1331    1.1492    1.1269    1.0903
   0.99532   0.62532
    9    0 8.0736000000000D+03 2.9170000000000D+02
   10    0 8.0736000000000D+03 1.5800000000000D+01
*---+----+-------------------+-------------------+---------+---------------------
*   1: printout of the result at time [hours]
*---+----+-------------------+-------------------+---------+---------------------
    1    0 1.2969600000000D+04
*---+----+-------------------+-------------------+---------+---------------------
    2    1 1.2969600000000D+04 2.1603900000000D+01
    0.8673    1.1139     1.137    1.1125     1.089    1.0657    1.0423    1.0118
   0.93965   0.62081
    3    1 1.2969600000000D+04 1.1491114410000D+13
    0.8673    1.1139     1.137    1.1125     1.089    1.0657    1.0423    1.0118
   0.93965   0.62081
    9    0 1.2969600000000D+04 2.9170000000000D+02
   10    0 1.2969600000000D+04 1.5800000000000D+01
*---+----+-------------------+-------------------+---------+---------------------
*   1: printout of the result at time [hours]
*---+----+-------------------+-------------------+---------+---------------------
    1    0 1.5621600000000D+04
*---+----+-------------------+-------------------+---------+---------------------
    2    1 1.5621600000000D+04 2.1203000000000D+01
   0.88002    1.0612    1.0476    1.0327    1.0292    1.0343    1.0471    1.0653
    1.0579   0.74471
    3    1 1.5621600000000D+04 1.1356326800000D+13
   0.88002    1.0612    1.0476    1.0327    1.0292    1.0343    1.0471    1.0653
    1.0579   0.74471
    9    0 1.5621600000000D+04 2.9170000000000D+02
   10    0 1.5621600000000D+04 1.5800000000000D+01
*---+----+-------------------+-------------------+---------+---------------------
*   1: printout of the result at time [hours]
*---+----+-------------------+-------------------+---------+---------------------
    1    0 1.6407800000000D+04
*---+----+-------------------+-------------------+---------+---------------------
    2    1 1.6407800000000D+04 1.9781500000000D+01
    0.7732    0.9287   0.93759   0.95852   0.99462    1.0408    1.0963    1.1619
    1.2182   0.89023
    3    1 1.6407800000000D+04 1.0314074100000D+13
    0.7732    0.9287   0.93759   0.95852   0.99462    1.0408    1.0963    1.1619
    1.2182   0.89023
    9    0 1.6407800000000D+04 2.8120000000000D+02
   10    0 1.6407800000000D+04 1.5800000000000D+01
*---+----+-------------------+-------------------+---------+---------------------
*   1: printout of the result at time [hours]
*---+----+-------------------+-------------------+---------+---------------------
    1    0 1.6409800000000D+04
*---+----+-------------------+-------------------+---------+---------------------
    2    1 1.6409800000000D+04 1.9244300000000D+01
   0.43525   0.60501   0.71907   0.84939   0.98996    1.1312    1.2642    1.3785
    1.4577    1.1697
    3    1 1.6409800000000D+04 1.1078943510000D+13
   0.43525   0.60501   0.71907   0.84939   0.98996    1.1312    1.2642    1.3785
    1.4577    1.1697
    9    0 1.6409800000000D+04 2.9170000000000D+02
   10    0 1.6409800000000D+04 1.5800000000000D+01
*---+----+-------------------+-------------------+---------+---------------------
*   1: printout of the result at time [hours]
*---+----+-------------------+-------------------+---------+---------------------
    1    0 1.6552800000000D+04
*---+----+-------------------+-------------------+---------+---------------------
    2    1 1.6552800000000D+04 1.9435800000000D+01
   0.63964   0.82358   0.89078   0.95592    1.0215    1.0856    1.1468    1.2024
    1.2366   0.99713
    3    1 1.6552800000000D+04 1.1210569440000D+13
   0.63964   0.82358   0.89078   0.95592    1.0215    1.0856    1.1468    1.2024
    1.2366   0.99713
    9    0 1.6552800000000D+04 2.9170000000000D+02
   10    0 1.6552800000000D+04 1.5800000000000D+01
*---+----+-------------------+-------------------+---------+---------------------
*   1: printout of the result at time [hours]
*---+----+-------------------+-------------------+---------+---------------------
    1    0 2.1808800000000D+04
*---+----+-------------------+-------------------+---------+---------------------
    2    1 2.1808800000000D+04 1.9708600000000D+01
   0.90052    1.0652    1.0601    1.0491    1.0385    1.0293    1.0226    1.0181
    1.0014   0.81508
    3    1 2.1808800000000D+04 1.1838956020000D+13
   0.90052    1.0652    1.0601    1.0491    1.0385    1.0293    1.0226    1.0181
    1.0014   0.81508
    9    0 2.1808800000000D+04 2.9170000000000D+02
   10    0 2.1808800000000D+04 1.5800000000000D+01
*---+----+-------------------+-------------------+---------+---------------------
*   1: printout of the result at time [hours]
*---+----+-------------------+-------------------+---------+---------------------
    1    0 2.3690400000000D+04
*---+----+-------------------+-------------------+---------+---------------------
    2    1 2.3690400000000D+04 1.9463200000000D+01
   0.90196    1.0279    1.0139    1.0055    1.0052    1.0102     1.021    1.0411
    1.0751   0.89805
    3    1 2.3690400000000D+04 1.1744094880000D+13
   0.90196    1.0279    1.0139    1.0055    1.0052    1.0102     1.021    1.0411
    1.0751   0.89805
    9    0 2.3690400000000D+04 2.9170000000000D+02
   10    0 2.3690400000000D+04 1.5800000000000D+01
*---+----+-------------------+-------------------+---------+---------------------
*   1: printout of the result at time [hours]
*---+----+-------------------+-------------------+---------+---------------------
    1    0 2.4426200000000D+04
*---+----+-------------------+-------------------+---------+---------------------
    2    1 2.4426200000000D+04 1.7906600000000D+01
   0.79434   0.90246   0.90877    0.9329   0.96998    1.0146    1.0672    1.1334
    1.2086    1.0678
    3    1 2.4426200000000D+04 1.0496848920000D+13
   0.79434   0.90246   0.90877    0.9329   0.96998    1.0146    1.0672    1.1334
    1.2086    1.0678
    9    0 2.4426200000000D+04 2.8110000000000D+02
   10    0 2.4426200000000D+04 1.5800000000000D+01
*---+----+-------------------+-------------------+---------+---------------------
*   1: printout of the result at time [hours]
*---+----+-------------------+-------------------+---------+---------------------
    1    0 2.4428200000000D+04
*---+----+-------------------+-------------------+---------+---------------------
    2    1 2.4428200000000D+04 1.6747100000000D+01
   0.48695   0.68167   0.81148   0.94094    1.0651    1.1751    1.2612    1.3185
    1.2845   0.97456
    3    1 2.4428200000000D+04 1.0689673930000D+13
   0.48695   0.68167   0.81148   0.94094    1.0651    1.1751    1.2612    1.3185
    1.2845   0.97456
    9    0 2.4428200000000D+04 2.9170000000000D+02
   10    0 2.4428200000000D+04 1.5800000000000D+01
*---+----+-------------------+-------------------+---------+---------------------
*   1: printout of the result at time [hours]
*---+----+-------------------+-------------------+---------+---------------------
    1    0 2.4571200000000D+04
*---+----+-------------------+-------------------+---------+---------------------
    2    1 2.4571200000000D+04 1.6556800000000D+01
   0.68691   0.88906   0.96468    1.0219     1.069    1.1072    1.1352    1.1549
    1.1157   0.85542
    3    1 2.4571200000000D+04 1.0549992960000D+13
   0.68691   0.88906   0.96468    1.0219     1.069    1.1072    1.1352    1.1549
    1.1157   0.85542
    9    0 2.4571200000000D+04 2.9170000000000D+02
   10    0 2.4571200000000D+04 1.5800000000000D+01
*---+----+-------------------+-------------------+---------+---------------------
*   1: printout of the result at time [hours]
*---+----+-------------------+-------------------+---------+---------------------
    1    0 2.8027200000000D+04
*---+----+-------------------+-------------------+---------+---------------------
    2    1 2.8027200000000D+04 1.6788700000000D+01
   0.87749    1.0455    1.0534    1.0471    1.0408    1.0371    1.0365    1.0372
    1.0161   0.80888
    3    1 2.8027200000000D+04 1.0865646640000D+13
   0.87749    1.0455    1.0534    1.0471    1.0408    1.0371    1.0365    1.0372
    1.0161   0.80888
    9    0 2.8027200000000D+04 2.9170000000000D+02
   10    0 2.8027200000000D+04 1.5800000000000D+01
*---+----+-------------------+-------------------+---------+---------------------
*   1: printout of the result at time [hours]
*---+----+-------------------+-------------------+---------+---------------------
    1    0 3.0187200000000D+04
*---+----+-------------------+-------------------+---------+---------------------
    2    1 3.0187200000000D+04 1.7070000000000D+01
   0.91869    1.0808    1.0739    1.0581     1.043    1.0296    1.0186    1.0092
   0.98096   0.78705
    3    1 3.0187200000000D+04 1.1107449000000D+13
   0.91869    1.0808    1.0739    1.0581     1.043    1.0296    1.0186    1.0092
   0.98096   0.78705
    9    0 3.0187200000000D+04 2.9170000000000D+02
   10    0 3.0187200000000D+04 1.5800000000000D+01
*---+----+-------------------+-------------------+---------+---------------------
*   1: printout of the result at time [hours]
*---+----+-------------------+-------------------+---------+---------------------
    1    0 3.1490400000000D+04
*---+----+-------------------+-------------------+---------+---------------------
    2    1 3.1490400000000D+04 1.7093000000000D+01
   0.89873     1.026    1.0164    1.0112    1.0142     1.021    1.0309    1.0466
    1.0597   0.87515
    3    1 3.1490400000000D+04 1.1112159300000D+13
   0.89873     1.026    1.0164    1.0112    1.0142     1.021    1.0309    1.0466
    1.0597   0.87515
    9    0 3.1490400000000D+04 2.9170000000000D+02
   10    0 3.1490400000000D+04 1.5800000000000D+01
*---+----+-------------------+-------------------+---------+---------------------
*   1: printout of the result at time [hours]
*---+----+-------------------+-------------------+---------+---------------------
    1    0 3.1911800000000D+04
*---+----+-------------------+-------------------+---------+---------------------
    2    1 3.1911800000000D+04 1.6175900000000D+01
   0.80453   0.92106   0.93064    0.9537   0.98851    1.0286    1.0728    1.1241
    1.1837   0.99228
    3    1 3.1911800000000D+04 1.0341252870000D+13
   0.80453   0.92106   0.93064    0.9537   0.98851    1.0286    1.0728    1.1241
    1.1837   0.99228
    9    0 3.1911800000000D+04 2.8640000000000D+02
   10    0 3.1911800000000D+04 1.5800000000000D+01
*---+----+-------------------+-------------------+---------+---------------------
*   1: printout of the result at time [hours]
*---+----+-------------------+-------------------+---------+---------------------
    1    0 3.1913800000000D+04
*---+----+-------------------+-------------------+---------+---------------------
    2    1 3.1913800000000D+04 1.8349000000000D+00
   0.48668    0.7014   0.84582   0.97553    1.0922    1.1897    1.2573    1.2856
    1.2224   0.94338
    3    1 3.1913800000000D+04 1.2192910500000D+12
   0.48668    0.7014   0.84582   0.97553    1.0922    1.1897    1.2573    1.2856
    1.2224   0.94338
    9    0 3.1913800000000D+04 2.9170000000000D+02
   10    0 3.1913800000000D+04 1.5800000000000D+01
*---+----+-------------------+-------------------+---------+---------------------
*   1: printout of the result at time [hours]
*---+----+-------------------+-------------------+---------+---------------------
    1    0 3.2056800000000D+04
*---+----+-------------------+-------------------+---------+---------------------
    2    1 3.2056800000000D+04 1.9283000000000D+00
   0.67521   0.89768   0.98792    1.0444    1.0854    1.1155    1.1368    1.1274
    1.0787   0.85101
    3    1 3.2056800000000D+04 1.2499240600000D+12
   0.67521   0.89768   0.98792    1.0444    1.0854    1.1155    1.1368    1.1274
    1.0787   0.85101
    9    0 3.2056800000000D+04 2.9170000000000D+02
   10    0 3.2056800000000D+04 1.5800000000000D+01
*---+----+-------------------+-------------------+---------+---------------------
*   1: printout of the result at time [hours]
*---+----+-------------------+-------------------+---------+---------------------
    1    0 3.5512800000000D+04
*---+----+-------------------+-------------------+---------+---------------------
    2    1 3.5512800000000D+04 2.2519000000000D+00
   0.83263    1.0298    1.0635    1.0542    1.0484    1.0449    1.0436      1.04
    1.0134   0.82952
    3    1 3.5512800000000D+04 1.3909986300000D+12
   0.83263    1.0298    1.0635    1.0542    1.0484    1.0449    1.0436      1.04
    1.0134   0.82952
    9    0 3.5512800000000D+04 2.9170000000000D+02
   10    0 3.5512800000000D+04 1.5800000000000D+01
*---+----+-------------------+-------------------+---------+---------------------
*   1: printout of the result at time [hours]
*---+----+-------------------+-------------------+---------+---------------------
    1    0 3.7312800000000D+04
*---+----+-------------------+-------------------+---------+---------------------
    2    1 3.7312800000000D+04 2.4382000000000D+00
   0.86334    1.0586     1.084    1.0647    1.0504    1.0377    1.0274    1.0167
   0.98556   0.81166
    3    1 3.7312800000000D+04 1.4716975200000D+12
   0.86334    1.0586     1.084    1.0647    1.0504    1.0377    1.0274    1.0167
   0.98556   0.81166
    9    0 3.7312800000000D+04 2.9170000000000D+02
   10    0 3.7312800000000D+04 1.5800000000000D+01
*---+----+-------------------+-------------------+---------+---------------------
*   1: printout of the result at time [hours]
*---+----+-------------------+-------------------+---------+---------------------
    1    0 3.9067200000000D+04
*---+----+-------------------+-------------------+---------+---------------------
    2    1 3.9067200000000D+04 2.6668000000000D+00
   0.83508   0.99108    0.9952   0.99708    1.0087    1.0263    1.0488    1.0762
    1.0934   0.92808
    3    1 3.9067200000000D+04 1.5616780800000D+12
   0.83508   0.99108    0.9952   0.99708    1.0087    1.0263    1.0488    1.0762
    1.0934   0.92808
    9    0 3.9067200000000D+04 2.9170000000000D+02
   10    0 3.9067200000000D+04 1.5800000000000D+01
*---+----+-------------------+-------------------+---------+---------------------
*   1: printout of the result at time [hours]
*---+----+-------------------+-------------------+---------+---------------------
    1    0 4.0010400000000D+04
*---+----+-------------------+-------------------+---------+---------------------
    2    1 4.0010400000000D+04 2.3086000000000D+00
   0.71342    0.8438   0.86763   0.90531   0.95946     1.024    1.0989    1.1873
    1.2696    1.1306
    3    1 4.0010400000000D+04 1.3098996400000D+12
   0.71342    0.8438   0.86763   0.90531   0.95946     1.024    1.0989    1.1873
    1.2696    1.1306
    9    0 4.0010400000000D+04 2.8120000000000D+02
   10    0 4.0010400000000D+04 1.5800000000000D+01
* data point #4020 end
*  00:  last line of data set (finishing the program)
*---+----+-------------------+-------------------+---------+---------------------
00000    0 4.0010400000000D+04
*---+----+-------------------+-------------------+---------+---------------------
