* data point #4166 begin
*
*---+----+-------------------+-------------------+---------+---------------------
*   1: printout of the result at time [hours]
*---+----+-------------------+-------------------+---------+---------------------
    1    0 0.0000000000000D+00
*---+----+-------------------+-------------------+---------+---------------------
    2    1 0.0000000000000D+00 2.7583200000000D+01
   0.56879   0.82971   0.97846    1.0862    1.1655    1.2137    1.2236    1.1822
     1.051    0.7009
    3    1 0.0000000000000D+00 1.2200049360000D+13
   0.56879   0.82971   0.97846    1.0862    1.1655    1.2137    1.2236    1.1822
     1.051    0.7009
    9    0 0.0000000000000D+00 2.9170000000000D+02
   10    0 0.0000000000000D+00 1.5800000000000D+01
*---+----+-------------------+-------------------+---------+---------------------
*   1: printout of the result at time [hours]
*---+----+-------------------+-------------------+---------+---------------------
    1    0 1.4400000000000D+02
*---+----+-------------------+-------------------+---------+---------------------
    2    1 1.4400000000000D+02 2.7332900000000D+01
   0.75411    1.0136    1.0975    1.1271    1.1449    1.1253    1.1007    1.0509
   0.94095    0.6449
    3    1 1.4400000000000D+02 1.2146740760000D+13
   0.75411    1.0136    1.0975    1.1271    1.1449    1.1253    1.1007    1.0509
   0.94095    0.6449
    9    0 1.4400000000000D+02 2.9170000000000D+02
   10    0 1.4400000000000D+02 1.5800000000000D+01
*---+----+-------------------+-------------------+---------+---------------------
*   1: printout of the result at time [hours]
*---+----+-------------------+-------------------+---------+---------------------
    1    0 5.0400000000000D+03
*---+----+-------------------+-------------------+---------+---------------------
    2    1 5.0400000000000D+03 2.5706300000000D+01
   0.87084    1.1496    1.1647    1.1335    1.0968    1.0611     1.026   0.98404
   0.89713   0.61631
    3    1 5.0400000000000D+03 1.2063966590000D+13
   0.87084    1.1496    1.1647    1.1335    1.0968    1.0611     1.026   0.98404
   0.89713   0.61631
    9    0 5.0400000000000D+03 2.9170000000000D+02
   10    0 5.0400000000000D+03 1.5800000000000D+01
*---+----+-------------------+-------------------+---------+---------------------
*   1: printout of the result at time [hours]
*---+----+-------------------+-------------------+---------+---------------------
    1    0 7.6920000000000D+03
*---+----+-------------------+-------------------+---------+---------------------
    2    1 7.6920000000000D+03 2.5144900000000D+01
   0.86793    1.0984    1.0735    1.0494    1.0375    1.0346    1.0391    1.0489
    1.0271   0.72373
    3    1 7.6920000000000D+03 1.2029320160000D+13
   0.86793    1.0984    1.0735    1.0494    1.0375    1.0346    1.0391    1.0489
    1.0271   0.72373
    9    0 7.6920000000000D+03 2.9170000000000D+02
   10    0 7.6920000000000D+03 1.5800000000000D+01
*---+----+-------------------+-------------------+---------+---------------------
*   1: printout of the result at time [hours]
*---+----+-------------------+-------------------+---------+---------------------
    1    0 8.4782000000000D+03
*---+----+-------------------+-------------------+---------+---------------------
    2    1 8.4782000000000D+03 2.3491200000000D+01
   0.76263   0.95785   0.96181   0.97594    1.0055    1.0443    1.0917    1.1486
    1.1837   0.86794
    3    1 8.4782000000000D+03 1.0977437760000D+13
   0.76263   0.95785   0.96181   0.97594    1.0055    1.0443    1.0917    1.1486
    1.1837   0.86794
    9    0 8.4782000000000D+03 2.8120000000000D+02
   10    0 8.4782000000000D+03 1.5800000000000D+01
*---+----+-------------------+-------------------+---------+---------------------
*   1: printout of the result at time [hours]
*---+----+-------------------+-------------------+---------+---------------------
    1    0 8.4802000000000D+03
*---+----+-------------------+-------------------+---------+---------------------
    2    1 8.4802000000000D+03 2.4069200000000D+01
   0.48124   0.72832    0.8685   0.99762    1.1151    1.2118    1.2774     1.303
    1.2175   0.79944
    3    1 8.4802000000000D+03 1.2458217920000D+13
   0.48124   0.72832    0.8685   0.99762    1.1151    1.2118    1.2774     1.303
    1.2175   0.79944
    9    0 8.4802000000000D+03 2.9170000000000D+02
   10    0 8.4802000000000D+03 1.5800000000000D+01
*---+----+-------------------+-------------------+---------+---------------------
*   1: printout of the result at time [hours]
*---+----+-------------------+-------------------+---------+---------------------
    1    0 8.6232000000000D+03
*---+----+-------------------+-------------------+---------+---------------------
    2    1 8.6232000000000D+03 2.3892800000000D+01
   0.67811   0.94518    1.0252    1.0745    1.1091    1.1316    1.1447    1.1297
    1.0562   0.70565
    3    1 8.6232000000000D+03 1.2381248960000D+13
   0.67811   0.94518    1.0252    1.0745    1.1091    1.1316    1.1447    1.1297
    1.0562   0.70565
    9    0 8.6232000000000D+03 2.9170000000000D+02
   10    0 8.6232000000000D+03 1.5800000000000D+01
*---+----+-------------------+-------------------+---------+---------------------
*   1: printout of the result at time [hours]
*---+----+-------------------+-------------------+---------+---------------------
    1    0 1.2079200000000D+04
*---+----+-------------------+-------------------+---------+---------------------
    2    1 1.2079200000000D+04 2.2675400000000D+01
   0.87041    1.0959    1.0975    1.0799    1.0628    1.0484    1.0371    1.0262
   0.98292   0.69895
    3    1 1.2079200000000D+04 1.1981681360000D+13
   0.87041    1.0959    1.0975    1.0799    1.0628    1.0484    1.0371    1.0262
   0.98292   0.69895
    9    0 1.2079200000000D+04 2.9170000000000D+02
   10    0 1.2079200000000D+04 1.5800000000000D+01
*---+----+-------------------+-------------------+---------+---------------------
*   1: printout of the result at time [hours]
*---+----+-------------------+-------------------+---------+---------------------
    1    0 1.4239200000000D+04
*---+----+-------------------+-------------------+---------+---------------------
    2    1 1.4239200000000D+04 2.1935200000000D+01
   0.91155    1.1224    1.1074     1.082    1.0587    1.0377    1.0194     1.003
   0.96088   0.69687
    3    1 1.4239200000000D+04 1.1728751440000D+13
   0.91155    1.1224    1.1074     1.082    1.0587    1.0377    1.0194     1.003
   0.96088   0.69687
    9    0 1.4239200000000D+04 2.9170000000000D+02
   10    0 1.4239200000000D+04 1.5800000000000D+01
*---+----+-------------------+-------------------+---------+---------------------
*   1: printout of the result at time [hours]
*---+----+-------------------+-------------------+---------+---------------------
    1    0 1.5542400000000D+04
*---+----+-------------------+-------------------+---------+---------------------
    2    1 1.5542400000000D+04 2.1662200000000D+01
   0.89594    1.0733     1.047    1.0338    1.0295    1.0291    1.0319    1.0408
    1.0372    0.7815
    3    1 1.5542400000000D+04 1.1641266280000D+13
   0.89594    1.0733     1.047    1.0338    1.0295    1.0291    1.0319    1.0408
    1.0372    0.7815
    9    0 1.5542400000000D+04 2.9170000000000D+02
   10    0 1.5542400000000D+04 1.5800000000000D+01
*---+----+-------------------+-------------------+---------+---------------------
*   1: printout of the result at time [hours]
*---+----+-------------------+-------------------+---------+---------------------
    1    0 1.5963800000000D+04
*---+----+-------------------+-------------------+---------+---------------------
    2    1 1.5963800000000D+04 2.0414500000000D+01
    0.8033   0.95697   0.96054   0.97783    1.0071    1.0411    1.0787    1.1233
    1.1588   0.89231
    3    1 1.5963800000000D+04 1.0793146150000D+13
    0.8033   0.95697   0.96054   0.97783    1.0071    1.0411    1.0787    1.1233
    1.1588   0.89231
    9    0 1.5963800000000D+04 2.8640000000000D+02
   10    0 1.5963800000000D+04 1.5800000000000D+01
*---+----+-------------------+-------------------+---------+---------------------
*   1: printout of the result at time [hours]
*---+----+-------------------+-------------------+---------+---------------------
    1    0 1.5965800000000D+04
*---+----+-------------------+-------------------+---------+---------------------
    2    1 1.5965800000000D+04 1.7954900000000D+01
   0.45392   0.63537   0.75706   0.89363     1.035    1.1677    1.2794     1.358
    1.3754    1.0445
    3    1 1.5965800000000D+04 1.0255838880000D+13
   0.45392   0.63537   0.75706   0.89363     1.035    1.1677    1.2794     1.358
    1.3754    1.0445
    9    0 1.5965800000000D+04 2.9170000000000D+02
   10    0 1.5965800000000D+04 1.5800000000000D+01
*---+----+-------------------+-------------------+---------+---------------------
*   1: printout of the result at time [hours]
*---+----+-------------------+-------------------+---------+---------------------
    1    0 1.6108800000000D+04
*---+----+-------------------+-------------------+---------+---------------------
    2    1 1.6108800000000D+04 1.8238100000000D+01
   0.65621   0.85267   0.92537   0.99287    1.0558    1.1104    1.1539    1.1828
    1.1732    0.8968
    3    1 1.6108800000000D+04 1.0423074150000D+13
   0.65621   0.85267   0.92537   0.99287    1.0558    1.1104    1.1539    1.1828
    1.1732    0.8968
    9    0 1.6108800000000D+04 2.9170000000000D+02
   10    0 1.6108800000000D+04 1.5800000000000D+01
*---+----+-------------------+-------------------+---------+---------------------
*   1: printout of the result at time [hours]
*---+----+-------------------+-------------------+---------+---------------------
    1    0 1.9564800000000D+04
*---+----+-------------------+-------------------+---------+---------------------
    2    1 1.9564800000000D+04 1.8387600000000D+01
   0.85639    1.0294    1.0372    1.0378    1.0392    1.0417     1.046    1.0578
    1.0399   0.81452
    3    1 1.9564800000000D+04 1.0640904120000D+13
   0.85639    1.0294    1.0372    1.0378    1.0392    1.0417     1.046    1.0578
    1.0399   0.81452
    9    0 1.9564800000000D+04 2.9170000000000D+02
   10    0 1.9564800000000D+04 1.5800000000000D+01
*---+----+-------------------+-------------------+---------+---------------------
*   1: printout of the result at time [hours]
*---+----+-------------------+-------------------+---------+---------------------
    1    0 2.1364800000000D+04
*---+----+-------------------+-------------------+---------+---------------------
    2    1 2.1364800000000D+04 1.8244400000000D+01
   0.89611     1.066    1.0609     1.051    1.0417    1.0337    1.0278    1.0241
    1.0055   0.79317
    3    1 2.1364800000000D+04 1.0623714120000D+13
   0.89611     1.066    1.0609     1.051    1.0417    1.0337    1.0278    1.0241
    1.0055   0.79317
    9    0 2.1364800000000D+04 2.9170000000000D+02
   10    0 2.1364800000000D+04 1.5800000000000D+01
*---+----+-------------------+-------------------+---------+---------------------
*   1: printout of the result at time [hours]
*---+----+-------------------+-------------------+---------+---------------------
    1    0 2.3119200000000D+04
*---+----+-------------------+-------------------+---------+---------------------
    2    1 2.3119200000000D+04 1.8109700000000D+01
   0.88361     1.014    1.0032   0.99985    1.0054    1.0165    1.0334    1.0596
    1.0932   0.89118
    3    1 2.3119200000000D+04 1.0576064800000D+13
   0.88361     1.014    1.0032   0.99985    1.0054    1.0165    1.0334    1.0596
    1.0932   0.89118
    9    0 2.3119200000000D+04 2.9170000000000D+02
   10    0 2.3119200000000D+04 1.5800000000000D+01
*---+----+-------------------+-------------------+---------+---------------------
*   1: printout of the result at time [hours]
*---+----+-------------------+-------------------+---------+---------------------
    1    0 2.4062400000000D+04
*---+----+-------------------+-------------------+---------+---------------------
    2    1 2.4062400000000D+04 1.5467700000000D+01
   0.74943   0.85824   0.87175   0.90666   0.95696     1.017    1.0876    1.1748
    1.2718    1.1058
    3    1 2.4062400000000D+04 8.7516246600000D+12
   0.74943   0.85824   0.87175   0.90666   0.95696     1.017    1.0876    1.1748
    1.2718    1.1058
    9    0 2.4062400000000D+04 2.8120000000000D+02
   10    0 2.4062400000000D+04 1.5800000000000D+01
* data point #4166 end
*  00:  last line of data set (finishing the program)
*---+----+-------------------+-------------------+---------+---------------------
00000    0 2.4062400000000D+04
*---+----+-------------------+-------------------+---------+---------------------
