* data point #4054 begin
*
*---+----+-------------------+-------------------+---------+---------------------
*   1: printout of the result at time [hours]
*---+----+-------------------+-------------------+---------+---------------------
    1    0 0.0000000000000D+00
*---+----+-------------------+-------------------+---------+---------------------
    2    1 0.0000000000000D+00 2.5398300000000D+01
   0.51456   0.72387   0.86069   0.98357    1.0974    1.1953    1.2673    1.3028
    1.2283    0.8262
    3    1 0.0000000000000D+00 1.2056573010000D+13
   0.51456   0.72387   0.86069   0.98357    1.0974    1.1953    1.2673    1.3028
    1.2283    0.8262
    9    0 0.0000000000000D+00 2.9170000000000D+02
   10    0 0.0000000000000D+00 1.5800000000000D+01
*---+----+-------------------+-------------------+---------+---------------------
*   1: printout of the result at time [hours]
*---+----+-------------------+-------------------+---------+---------------------
    1    0 1.4400000000000D+02
*---+----+-------------------+-------------------+---------+---------------------
    2    1 1.4400000000000D+02 2.5072200000000D+01
   0.72614   0.94024    1.0177    1.0618     1.094    1.1177    1.1352    1.1257
    1.0592   0.72231
    3    1 1.4400000000000D+02 1.1961946620000D+13
   0.72614   0.94024    1.0177    1.0618     1.094    1.1177    1.1352    1.1257
    1.0592   0.72231
    9    0 1.4400000000000D+02 2.9170000000000D+02
   10    0 1.4400000000000D+02 1.5800000000000D+01
*---+----+-------------------+-------------------+---------+---------------------
*   1: printout of the result at time [hours]
*---+----+-------------------+-------------------+---------+---------------------
    1    0 5.4000000000000D+03
*---+----+-------------------+-------------------+---------+---------------------
    2    1 5.4000000000000D+03 2.5145800000000D+01
   0.88794    1.1521     1.156    1.1236    1.0891    1.0566    1.0261   0.99233
   0.91657   0.59958
    3    1 5.4000000000000D+03 1.2806755940000D+13
   0.88794    1.1521     1.156    1.1236    1.0891    1.0566    1.0261   0.99233
   0.91657   0.59958
    9    0 5.4000000000000D+03 2.9170000000000D+02
   10    0 5.4000000000000D+03 1.5800000000000D+01
*---+----+-------------------+-------------------+---------+---------------------
*   1: printout of the result at time [hours]
*---+----+-------------------+-------------------+---------+---------------------
    1    0 7.2816000000000D+03
*---+----+-------------------+-------------------+---------+---------------------
    2    1 7.2816000000000D+03 2.4777200000000D+01
   0.87576    1.1089    1.0896    1.0662    1.0509    1.0411    1.0364    1.0369
    1.0132   0.68107
    3    1 7.2816000000000D+03 1.2785035200000D+13
   0.87576    1.1089    1.0896    1.0662    1.0509    1.0411    1.0364    1.0369
    1.0132   0.68107
    9    0 7.2816000000000D+03 2.9170000000000D+02
   10    0 7.2816000000000D+03 1.5800000000000D+01
*---+----+-------------------+-------------------+---------+---------------------
*   1: printout of the result at time [hours]
*---+----+-------------------+-------------------+---------+---------------------
    1    0 8.0174000000000D+03
*---+----+-------------------+-------------------+---------+---------------------
    2    1 8.0174000000000D+03 2.3219400000000D+01
   0.77129    0.9713   0.97927   0.99339    1.0196    1.0523    1.0909    1.1378
    1.1677   0.81647
    3    1 8.0174000000000D+03 1.1639885220000D+13
   0.77129    0.9713   0.97927   0.99339    1.0196    1.0523    1.0909    1.1378
    1.1677   0.81647
    9    0 8.0174000000000D+03 2.8110000000000D+02
   10    0 8.0174000000000D+03 1.5800000000000D+01
*---+----+-------------------+-------------------+---------+---------------------
*   1: printout of the result at time [hours]
*---+----+-------------------+-------------------+---------+---------------------
    1    0 8.0194000000000D+03
*---+----+-------------------+-------------------+---------+---------------------
    2    1 8.0194000000000D+03 2.2853800000000D+01
   0.44793   0.71056   0.85854   0.99331    1.1169    1.2201    1.2913    1.3205
    1.2305   0.81032
    3    1 8.0194000000000D+03 1.2523882400000D+13
   0.44793   0.71056   0.85854   0.99331    1.1169    1.2201    1.2913    1.3205
    1.2305   0.81032
    9    0 8.0194000000000D+03 2.9170000000000D+02
   10    0 8.0194000000000D+03 1.5800000000000D+01
*---+----+-------------------+-------------------+---------+---------------------
*   1: printout of the result at time [hours]
*---+----+-------------------+-------------------+---------+---------------------
    1    0 8.1624000000000D+03
*---+----+-------------------+-------------------+---------+---------------------
    2    1 8.1624000000000D+03 2.2810700000000D+01
   0.63751   0.93084    1.0228     1.078    1.1172    1.1431    1.1581    1.1425
    1.0617   0.70822
    3    1 8.1624000000000D+03 1.2513950020000D+13
   0.63751   0.93084    1.0228     1.078    1.1172    1.1431    1.1581    1.1425
    1.0617   0.70822
    9    0 8.1624000000000D+03 2.9170000000000D+02
   10    0 8.1624000000000D+03 1.5800000000000D+01
*---+----+-------------------+-------------------+---------+---------------------
*   1: printout of the result at time [hours]
*---+----+-------------------+-------------------+---------+---------------------
    1    0 1.1618400000000D+04
*---+----+-------------------+-------------------+---------+---------------------
    2    1 1.1618400000000D+04 2.1470900000000D+01
   0.84524    1.0803    1.0851     1.072    1.0599    1.0504    1.0439     1.038
    1.0006   0.72452
    3    1 1.1618400000000D+04 1.1836907170000D+13
   0.84524    1.0803    1.0851     1.072    1.0599    1.0504    1.0439     1.038
    1.0006   0.72452
    9    0 1.1618400000000D+04 2.9170000000000D+02
   10    0 1.1618400000000D+04 1.5800000000000D+01
*---+----+-------------------+-------------------+---------+---------------------
*   1: printout of the result at time [hours]
*---+----+-------------------+-------------------+---------+---------------------
    1    0 1.3778400000000D+04
*---+----+-------------------+-------------------+---------+---------------------
    2    1 1.3778400000000D+04 2.0607200000000D+01
   0.89978    1.0949    1.0791    1.0609    1.0464    1.0342    1.0248    1.0189
    0.9932    0.7478
    3    1 1.3778400000000D+04 1.1397842320000D+13
   0.89978    1.0949    1.0791    1.0609    1.0464    1.0342    1.0248    1.0189
    0.9932    0.7478
    9    0 1.3778400000000D+04 2.9170000000000D+02
   10    0 1.3778400000000D+04 1.5800000000000D+01
*---+----+-------------------+-------------------+---------+---------------------
*   1: printout of the result at time [hours]
*---+----+-------------------+-------------------+---------+---------------------
    1    0 1.5081600000000D+04
*---+----+-------------------+-------------------+---------+---------------------
    2    1 1.5081600000000D+04 2.0426200000000D+01
   0.89449    1.0513    1.0332    1.0217    1.0191    1.0208     1.027     1.042
    1.0593   0.83109
    3    1 1.5081600000000D+04 1.1316114800000D+13
   0.89449    1.0513    1.0332    1.0217    1.0191    1.0208     1.027     1.042
    1.0593   0.83109
    9    0 1.5081600000000D+04 2.9170000000000D+02
   10    0 1.5081600000000D+04 1.5800000000000D+01
*---+----+-------------------+-------------------+---------+---------------------
*   1: printout of the result at time [hours]
*---+----+-------------------+-------------------+---------+---------------------
    1    0 1.5503000000000D+04
*---+----+-------------------+-------------------+---------+---------------------
    2    1 1.5503000000000D+04 1.9246500000000D+01
   0.80565   0.94895   0.95067   0.96745   0.99613    1.0301    1.0688     1.117
    1.1734   0.94189
    3    1 1.5503000000000D+04 1.0487417850000D+13
   0.80565   0.94895   0.95067   0.96745   0.99613    1.0301    1.0688     1.117
    1.1734   0.94189
    9    0 1.5503000000000D+04 2.8640000000000D+02
   10    0 1.5503000000000D+04 1.5800000000000D+01
*---+----+-------------------+-------------------+---------+---------------------
*   1: printout of the result at time [hours]
*---+----+-------------------+-------------------+---------+---------------------
    1    0 1.5505000000000D+04
*---+----+-------------------+-------------------+---------+---------------------
    2    1 1.5505000000000D+04 1.6775200000000D+01
    0.5033   0.72118   0.85591   0.98389    1.1014    1.1993    1.2667    1.2974
    1.2347   0.83612
    3    1 1.5505000000000D+04 9.9812440000000D+12
    0.5033   0.72118   0.85591   0.98389    1.1014    1.1993    1.2667    1.2974
    1.2347   0.83612
    9    0 1.5505000000000D+04 2.9170000000000D+02
   10    0 1.5505000000000D+04 1.5800000000000D+01
*---+----+-------------------+-------------------+---------+---------------------
*   1: printout of the result at time [hours]
*---+----+-------------------+-------------------+---------+---------------------
    1    0 1.5648000000000D+04
*---+----+-------------------+-------------------+---------+---------------------
    2    1 1.5648000000000D+04 1.6741500000000D+01
   0.69892    0.9262    1.0034    1.0563     1.096     1.124    1.1424    1.1331
    1.0794   0.74032
    3    1 1.5648000000000D+04 9.9310578000000D+12
   0.69892    0.9262    1.0034    1.0563     1.096     1.124    1.1424    1.1331
    1.0794   0.74032
    9    0 1.5648000000000D+04 2.9170000000000D+02
   10    0 1.5648000000000D+04 1.5800000000000D+01
*---+----+-------------------+-------------------+---------+---------------------
*   1: printout of the result at time [hours]
*---+----+-------------------+-------------------+---------+---------------------
    1    0 1.9104000000000D+04
*---+----+-------------------+-------------------+---------+---------------------
    2    1 1.9104000000000D+04 1.7185100000000D+01
   0.87331    1.0705    1.0871    1.0714    1.0602    1.0504    1.0424    1.0332
   0.99755   0.71399
    3    1 1.9104000000000D+04 1.0195919830000D+13
   0.87331    1.0705    1.0871    1.0714    1.0602    1.0504    1.0424    1.0332
   0.99755   0.71399
    9    0 1.9104000000000D+04 2.9170000000000D+02
   10    0 1.9104000000000D+04 1.5800000000000D+01
*---+----+-------------------+-------------------+---------+---------------------
*   1: printout of the result at time [hours]
*---+----+-------------------+-------------------+---------+---------------------
    1    0 2.0904000000000D+04
*---+----+-------------------+-------------------+---------+---------------------
    2    1 2.0904000000000D+04 1.7370300000000D+01
   0.90626    1.1006     1.102    1.0829    1.0624    1.0433    1.0262    1.0091
   0.96855   0.69872
    3    1 2.0904000000000D+04 1.0326643350000D+13
   0.90626    1.1006     1.102    1.0829    1.0624    1.0433    1.0262    1.0091
   0.96855   0.69872
    9    0 2.0904000000000D+04 2.9170000000000D+02
   10    0 2.0904000000000D+04 1.5800000000000D+01
*---+----+-------------------+-------------------+---------+---------------------
*   1: printout of the result at time [hours]
*---+----+-------------------+-------------------+---------+---------------------
    1    0 2.2658400000000D+04
*---+----+-------------------+-------------------+---------+---------------------
    2    1 2.2658400000000D+04 1.7458900000000D+01
   0.87898    1.0264    1.0171    1.0136    1.0202    1.0321    1.0482    1.0693
    1.0817   0.81248
    3    1 2.2658400000000D+04 1.0351381810000D+13
   0.87898    1.0264    1.0171    1.0136    1.0202    1.0321    1.0482    1.0693
    1.0817   0.81248
    9    0 2.2658400000000D+04 2.9170000000000D+02
   10    0 2.2658400000000D+04 1.5800000000000D+01
*---+----+-------------------+-------------------+---------+---------------------
*   1: printout of the result at time [hours]
*---+----+-------------------+-------------------+---------+---------------------
    1    0 2.3601600000000D+04
*---+----+-------------------+-------------------+---------+---------------------
    2    1 2.3601600000000D+04 1.5153300000000D+01
   0.74419   0.86608   0.88212   0.91855   0.97141     1.034    1.1058    1.1909
     1.273     1.014
    3    1 2.3601600000000D+04 8.7131475000000D+12
   0.74419   0.86608   0.88212   0.91855   0.97141     1.034    1.1058    1.1909
     1.273     1.014
    9    0 2.3601600000000D+04 2.8120000000000D+02
   10    0 2.3601600000000D+04 1.5800000000000D+01
* data point #4054 end
*  00:  last line of data set (finishing the program)
*---+----+-------------------+-------------------+---------+---------------------
00000    0 2.3601600000000D+04
*---+----+-------------------+-------------------+---------+---------------------
