* data point #5439 begin
*
*---+----+-------------------+-------------------+---------+---------------------
*   1: printout of the result at time [hours]
*---+----+-------------------+-------------------+---------+---------------------
    1    0 0.0000000000000D+00
*---+----+-------------------+-------------------+---------+---------------------
    2    1 0.0000000000000D+00 2.2986500000000D+01
   0.56894    0.8361   0.99598    1.1133    1.1976     1.245    1.2427    1.1795
    1.0107   0.61014
    3    1 0.0000000000000D+00 1.0868017200000D+13
   0.56894    0.8361   0.99598    1.1133    1.1976     1.245    1.2427    1.1795
    1.0107   0.61014
    9    0 0.0000000000000D+00 2.9170000000000D+02
   10    0 0.0000000000000D+00 1.5800000000000D+01
*---+----+-------------------+-------------------+---------+---------------------
*   1: printout of the result at time [hours]
*---+----+-------------------+-------------------+---------+---------------------
    1    0 1.4400000000000D+02
*---+----+-------------------+-------------------+---------+---------------------
    2    1 1.4400000000000D+02 2.3380700000000D+01
   0.73022   0.99086    1.0898     1.136     1.157    1.1577    1.1355    1.0776
   0.93941   0.58591
    3    1 1.4400000000000D+02 1.1087127940000D+13
   0.73022   0.99086    1.0898     1.136     1.157    1.1577    1.1355    1.0776
   0.93941   0.58591
    9    0 1.4400000000000D+02 2.9170000000000D+02
   10    0 1.4400000000000D+02 1.5800000000000D+01
*---+----+-------------------+-------------------+---------+---------------------
*   1: printout of the result at time [hours]
*---+----+-------------------+-------------------+---------+---------------------
    1    0 3.6000000000000D+03
*---+----+-------------------+-------------------+---------+---------------------
    2    1 3.6000000000000D+03 2.4420800000000D+01
   0.85775    1.0932     1.109    1.0933    1.0776    1.0648    1.0542    1.0378
    0.9704   0.64187
    3    1 3.6000000000000D+03 1.1487544320000D+13
   0.85775    1.0932     1.109    1.0933    1.0776    1.0648    1.0542    1.0378
    0.9704   0.64187
    9    0 3.6000000000000D+03 2.9170000000000D+02
   10    0 3.6000000000000D+03 1.5800000000000D+01
*---+----+-------------------+-------------------+---------+---------------------
*   1: printout of the result at time [hours]
*---+----+-------------------+-------------------+---------+---------------------
    1    0 5.7600000000000D+03
*---+----+-------------------+-------------------+---------+---------------------
    2    1 5.7600000000000D+03 2.5497800000000D+01
   0.88204    1.1405     1.128    1.0956    1.0682    1.0465    1.0299    1.0144
   0.95879   0.63602
    3    1 5.7600000000000D+03 1.1836078760000D+13
   0.88204    1.1405     1.128    1.0956    1.0682    1.0465    1.0299    1.0144
   0.95879   0.63602
    9    0 5.7600000000000D+03 2.9170000000000D+02
   10    0 5.7600000000000D+03 1.5800000000000D+01
*---+----+-------------------+-------------------+---------+---------------------
*   1: printout of the result at time [hours]
*---+----+-------------------+-------------------+---------+---------------------
    1    0 6.9888000000000D+03
*---+----+-------------------+-------------------+---------+---------------------
    2    1 6.9888000000000D+03 2.5672200000000D+01
   0.87628    1.1171     1.088    1.0585    1.0398    1.0292    1.0277    1.0377
    1.0278   0.69795
    3    1 6.9888000000000D+03 1.1922169680000D+13
   0.87628    1.1171     1.088    1.0585    1.0398    1.0292    1.0277    1.0377
    1.0278   0.69795
    9    0 6.9888000000000D+03 2.9170000000000D+02
   10    0 6.9888000000000D+03 1.5800000000000D+01
*---+----+-------------------+-------------------+---------+---------------------
*   1: printout of the result at time [hours]
*---+----+-------------------+-------------------+---------+---------------------
    1    0 8.4830000000000D+03
*---+----+-------------------+-------------------+---------+---------------------
    2    1 8.4830000000000D+03 2.1625900000000D+01
    0.7251    0.9096   0.91677   0.94216   0.98405    1.0359    1.0996    1.1842
    1.2807    0.9219
    3    1 8.4830000000000D+03 9.6948909700000D+12
    0.7251    0.9096   0.91677   0.94216   0.98405    1.0359    1.0996    1.1842
    1.2807    0.9219
    9    0 8.4830000000000D+03 2.7520000000000D+02
   10    0 8.4830000000000D+03 1.5800000000000D+01
*---+----+-------------------+-------------------+---------+---------------------
*   1: printout of the result at time [hours]
*---+----+-------------------+-------------------+---------+---------------------
    1    0 8.4850000000000D+03
*---+----+-------------------+-------------------+---------+---------------------
    2    1 8.4850000000000D+03 2.7210400000000D+01
   0.68161   0.99168    1.0855    1.1334    1.1582    1.1591    1.1353     1.084
   0.97544    0.5958
    3    1 8.4850000000000D+03 1.3493637360000D+13
   0.68161   0.99168    1.0855    1.1334    1.1582    1.1591    1.1353     1.084
   0.97544    0.5958
    9    0 8.4850000000000D+03 2.9170000000000D+02
   10    0 8.4850000000000D+03 1.5800000000000D+01
*---+----+-------------------+-------------------+---------+---------------------
*   1: printout of the result at time [hours]
*---+----+-------------------+-------------------+---------+---------------------
    1    0 8.6280000000000D+03
*---+----+-------------------+-------------------+---------+---------------------
    2    1 8.6280000000000D+03 2.6446800000000D+01
   0.79911     1.098     1.147    1.1385    1.1236    1.0989    1.0649    1.0185
   0.92896   0.58245
    3    1 8.6280000000000D+03 1.3093810680000D+13
   0.79911     1.098     1.147    1.1385    1.1236    1.0989    1.0649    1.0185
   0.92896   0.58245
    9    0 8.6280000000000D+03 2.9170000000000D+02
   10    0 8.6280000000000D+03 1.5800000000000D+01
*---+----+-------------------+-------------------+---------+---------------------
*   1: printout of the result at time [hours]
*---+----+-------------------+-------------------+---------+---------------------
    1    0 9.9240000000000D+03
*---+----+-------------------+-------------------+---------+---------------------
    2    1 9.9240000000000D+03 2.5846000000000D+01
    0.8368    1.0978    1.1217    1.1038    1.0902    1.0745    1.0557    1.0296
   0.96382   0.62602
    3    1 9.9240000000000D+03 1.2935923000000D+13
    0.8368    1.0978    1.1217    1.1038    1.0902    1.0745    1.0557    1.0296
   0.96382   0.62602
    9    0 9.9240000000000D+03 2.9170000000000D+02
   10    0 9.9240000000000D+03 1.5800000000000D+01
*---+----+-------------------+-------------------+---------+---------------------
*   1: printout of the result at time [hours]
*---+----+-------------------+-------------------+---------+---------------------
    1    0 1.1529600000000D+04
*---+----+-------------------+-------------------+---------+---------------------
    2    1 1.1529600000000D+04 2.5081700000000D+01
   0.85732     1.078    1.0735    1.0584    1.0486    1.0429     1.042    1.0469
     1.034   0.71849
    3    1 1.1529600000000D+04 1.2643684970000D+13
   0.85732     1.078    1.0735    1.0584    1.0486    1.0429     1.042    1.0469
     1.034   0.71849
    9    0 1.1529600000000D+04 2.9170000000000D+02
   10    0 1.1529600000000D+04 1.5800000000000D+01
*---+----+-------------------+-------------------+---------+---------------------
*   1: printout of the result at time [hours]
*---+----+-------------------+-------------------+---------+---------------------
    1    0 1.3384800000000D+04
*---+----+-------------------+-------------------+---------+---------------------
    2    1 1.3384800000000D+04 1.9902800000000D+01
   0.69297   0.85877   0.88656    0.9254   0.97911    1.0426    1.1166    1.2066
    1.3064   0.98494
    3    1 1.3384800000000D+04 9.6210135200000D+12
   0.69297   0.85877   0.88656    0.9254   0.97911    1.0426    1.1166    1.2066
    1.3064   0.98494
    9    0 1.3384800000000D+04 2.7330000000000D+02
   10    0 1.3384800000000D+04 1.5800000000000D+01
*---+----+-------------------+-------------------+---------+---------------------
*   1: printout of the result at time [hours]
*---+----+-------------------+-------------------+---------+---------------------
    1    0 1.3388600000000D+04
*---+----+-------------------+-------------------+---------+---------------------
    2    1 1.3388600000000D+04 1.2308900000000D+01
   0.53912   0.69527   0.75523   0.83354   0.93371    1.0517    1.1879    1.3458
    1.4965    1.1613
    3    1 1.3388600000000D+04 5.9353515800000D+12
   0.53912   0.69527   0.75523   0.83354   0.93371    1.0517    1.1879    1.3458
    1.4965    1.1613
    9    0 1.3388600000000D+04 2.8340000000000D+02
   10    0 1.3388600000000D+04 1.5800000000000D+01
*---+----+-------------------+-------------------+---------+---------------------
*   1: printout of the result at time [hours]
*---+----+-------------------+-------------------+---------+---------------------
    1    0 1.3390600000000D+04
*---+----+-------------------+-------------------+---------+---------------------
    2    1 1.3390600000000D+04 2.4506700000000D+01
   0.78305    1.0419    1.1139    1.1464    1.1506    1.1266    1.0837     1.023
   0.92697   0.60371
    3    1 1.3390600000000D+04 1.3138041870000D+13
   0.78305    1.0419    1.1139    1.1464    1.1506    1.1266    1.0837     1.023
   0.92697   0.60371
    9    0 1.3390600000000D+04 2.9170000000000D+02
   10    0 1.3390600000000D+04 1.5800000000000D+01
*---+----+-------------------+-------------------+---------+---------------------
*   1: printout of the result at time [hours]
*---+----+-------------------+-------------------+---------+---------------------
    1    0 1.3533600000000D+04
*---+----+-------------------+-------------------+---------+---------------------
    2    1 1.3533600000000D+04 2.4487200000000D+01
   0.88699    1.1231    1.1537    1.1383    1.1132    1.0765    1.0321   0.97986
   0.89892   0.59737
    3    1 1.3533600000000D+04 1.3125139200000D+13
   0.88699    1.1231    1.1537    1.1383    1.1132    1.0765    1.0321   0.97986
   0.89892   0.59737
    9    0 1.3533600000000D+04 2.9170000000000D+02
   10    0 1.3533600000000D+04 1.5800000000000D+01
*---+----+-------------------+-------------------+---------+---------------------
*   1: printout of the result at time [hours]
*---+----+-------------------+-------------------+---------+---------------------
    1    0 1.4949600000000D+04
*---+----+-------------------+-------------------+---------+---------------------
    2    1 1.4949600000000D+04 2.3873600000000D+01
   0.89015    1.0768    1.0824    1.0762    1.0672    1.0554    1.0417    1.0262
   0.99034   0.69349
    3    1 1.4949600000000D+04 1.2877419840000D+13
   0.89015    1.0768    1.0824    1.0762    1.0672    1.0554    1.0417    1.0262
   0.99034   0.69349
    9    0 1.4949600000000D+04 2.9170000000000D+02
   10    0 1.4949600000000D+04 1.5800000000000D+01
*---+----+-------------------+-------------------+---------+---------------------
*   1: printout of the result at time [hours]
*---+----+-------------------+-------------------+---------+---------------------
    1    0 1.5775200000000D+04
*---+----+-------------------+-------------------+---------+---------------------
    2    1 1.5775200000000D+04 2.3553000000000D+01
   0.90617    1.0724    1.0635    1.0536    1.0454    1.0378    1.0321    1.0302
    1.0192   0.73952
    3    1 1.5775200000000D+04 1.2720975300000D+13
   0.90617    1.0724    1.0635    1.0536    1.0454    1.0378    1.0321    1.0302
    1.0192   0.73952
    9    0 1.5775200000000D+04 2.9170000000000D+02
   10    0 1.5775200000000D+04 1.5800000000000D+01
*---+----+-------------------+-------------------+---------+---------------------
*   1: printout of the result at time [hours]
*---+----+-------------------+-------------------+---------+---------------------
    1    0 1.6412600000000D+04
*---+----+-------------------+-------------------+---------+---------------------
    2    1 1.6412600000000D+04 2.2408500000000D+01
   0.80773   0.95062    0.9649   0.98717    1.0161    1.0473    1.0808    1.1188
    1.1592   0.86739
    3    1 1.6412600000000D+04 1.1856337350000D+13
   0.80773   0.95062    0.9649   0.98717    1.0161    1.0473    1.0808    1.1188
    1.1592   0.86739
    9    0 1.6412600000000D+04 2.8320000000000D+02
   10    0 1.6412600000000D+04 1.5800000000000D+01
*---+----+-------------------+-------------------+---------+---------------------
*   1: printout of the result at time [hours]
*---+----+-------------------+-------------------+---------+---------------------
    1    0 1.6414600000000D+04
*---+----+-------------------+-------------------+---------+---------------------
    2    1 1.6414600000000D+04 1.7470100000000D+01
   0.44304   0.61574   0.73211   0.86153   0.99896    1.1351    1.2608    1.3652
     1.432    1.1555
    3    1 1.6414600000000D+04 1.0006873280000D+13
   0.44304   0.61574   0.73211   0.86153   0.99896    1.1351    1.2608    1.3652
     1.432    1.1555
    9    0 1.6414600000000D+04 2.9170000000000D+02
   10    0 1.6414600000000D+04 1.5800000000000D+01
*---+----+-------------------+-------------------+---------+---------------------
*   1: printout of the result at time [hours]
*---+----+-------------------+-------------------+---------+---------------------
    1    0 1.6557600000000D+04
*---+----+-------------------+-------------------+---------+---------------------
    2    1 1.6557600000000D+04 1.7729200000000D+01
   0.64633   0.83269   0.90168   0.96502    1.0272    1.0869    1.1427    1.1915
    1.2189   0.98702
    3    1 1.6557600000000D+04 1.0141102400000D+13
   0.64633   0.83269   0.90168   0.96502    1.0272    1.0869    1.1427    1.1915
    1.2189   0.98702
    9    0 1.6557600000000D+04 2.9170000000000D+02
   10    0 1.6557600000000D+04 1.5800000000000D+01
*---+----+-------------------+-------------------+---------+---------------------
*   1: printout of the result at time [hours]
*---+----+-------------------+-------------------+---------+---------------------
    1    0 2.1813600000000D+04
*---+----+-------------------+-------------------+---------+---------------------
    2    1 2.1813600000000D+04 1.8018800000000D+01
   0.89784    1.0594    1.0596    1.0487    1.0382    1.0294     1.023    1.0189
    1.0035   0.82131
    3    1 2.1813600000000D+04 1.0483337840000D+13
   0.89784    1.0594    1.0596    1.0487    1.0382    1.0294     1.023    1.0189
    1.0035   0.82131
    9    0 2.1813600000000D+04 2.9170000000000D+02
   10    0 2.1813600000000D+04 1.5800000000000D+01
*---+----+-------------------+-------------------+---------+---------------------
*   1: printout of the result at time [hours]
*---+----+-------------------+-------------------+---------+---------------------
    1    0 2.3695200000000D+04
*---+----+-------------------+-------------------+---------+---------------------
    2    1 2.3695200000000D+04 1.7917500000000D+01
   0.89834    1.0245    1.0116    1.0035    1.0038    1.0096    1.0215    1.0429
    1.0767   0.90755
    3    1 2.3695200000000D+04 1.0449486000000D+13
   0.89834    1.0245    1.0116    1.0035    1.0038    1.0096    1.0215    1.0429
    1.0767   0.90755
    9    0 2.3695200000000D+04 2.9170000000000D+02
   10    0 2.3695200000000D+04 1.5800000000000D+01
*---+----+-------------------+-------------------+---------+---------------------
*   1: printout of the result at time [hours]
*---+----+-------------------+-------------------+---------+---------------------
    1    0 2.4431000000000D+04
*---+----+-------------------+-------------------+---------+---------------------
    2    1 2.4431000000000D+04 1.6494500000000D+01
   0.79166   0.89945   0.90636   0.93043   0.96778     1.013    1.0665     1.134
    1.2126    1.0781
    3    1 2.4431000000000D+04 9.3490826000000D+12
   0.79166   0.89945   0.90636   0.93043   0.96778     1.013    1.0665     1.134
    1.2126    1.0781
    9    0 2.4431000000000D+04 2.8110000000000D+02
   10    0 2.4431000000000D+04 1.5800000000000D+01
*---+----+-------------------+-------------------+---------+---------------------
*   1: printout of the result at time [hours]
*---+----+-------------------+-------------------+---------+---------------------
    1    0 2.4433000000000D+04
*---+----+-------------------+-------------------+---------+---------------------
    2    1 2.4433000000000D+04 6.1763000000000D+00
    0.5343   0.72875   0.86508     0.987    1.0935    1.1787    1.2329    1.2418
    1.1902   0.94765
    3    1 2.4433000000000D+04 3.8200415500000D+12
    0.5343   0.72875   0.86508     0.987    1.0935    1.1787    1.2329    1.2418
    1.1902   0.94765
    9    0 2.4433000000000D+04 2.9170000000000D+02
   10    0 2.4433000000000D+04 1.5800000000000D+01
*---+----+-------------------+-------------------+---------+---------------------
*   1: printout of the result at time [hours]
*---+----+-------------------+-------------------+---------+---------------------
    1    0 2.4576000000000D+04
*---+----+-------------------+-------------------+---------+---------------------
    2    1 2.4576000000000D+04 6.2543000000000D+00
   0.73086   0.92081   0.99899    1.0473    1.0797    1.1007    1.1184    1.0962
    1.0519   0.85509
    3    1 2.4576000000000D+04 3.8257553100000D+12
   0.73086   0.92081   0.99899    1.0473    1.0797    1.1007    1.1184    1.0962
    1.0519   0.85509
    9    0 2.4576000000000D+04 2.9170000000000D+02
   10    0 2.4576000000000D+04 1.5800000000000D+01
*---+----+-------------------+-------------------+---------+---------------------
*   1: printout of the result at time [hours]
*---+----+-------------------+-------------------+---------+---------------------
    1    0 2.8032000000000D+04
*---+----+-------------------+-------------------+---------+---------------------
    2    1 2.8032000000000D+04 7.1046000000000D+00
   0.87127    1.0514    1.0801    1.0655    1.0527     1.041    1.0309    1.0174
    0.9826   0.80708
    3    1 2.8032000000000D+04 4.2471298800000D+12
   0.87127    1.0514    1.0801    1.0655    1.0527     1.041    1.0309    1.0174
    0.9826   0.80708
    9    0 2.8032000000000D+04 2.9170000000000D+02
   10    0 2.8032000000000D+04 1.5800000000000D+01
*---+----+-------------------+-------------------+---------+---------------------
*   1: printout of the result at time [hours]
*---+----+-------------------+-------------------+---------+---------------------
    1    0 2.9832000000000D+04
*---+----+-------------------+-------------------+---------+---------------------
    2    1 2.9832000000000D+04 7.6259000000000D+00
    0.8896    1.0877     1.112    1.0855    1.0614    1.0384    1.0172   0.99306
   0.94638    0.7687
    3    1 2.9832000000000D+04 4.5274968300000D+12
    0.8896    1.0877     1.112    1.0855    1.0614    1.0384    1.0172   0.99306
   0.94638    0.7687
    9    0 2.9832000000000D+04 2.9170000000000D+02
   10    0 2.9832000000000D+04 1.5800000000000D+01
*---+----+-------------------+-------------------+---------+---------------------
*   1: printout of the result at time [hours]
*---+----+-------------------+-------------------+---------+---------------------
    1    0 3.1586400000000D+04
*---+----+-------------------+-------------------+---------+---------------------
    2    1 3.1586400000000D+04 8.0359000000000D+00
   0.84857    1.0082    1.0112    1.0105    1.0189     1.033    1.0507    1.0693
    1.0653   0.88428
    3    1 3.1586400000000D+04 4.7243056100000D+12
   0.84857    1.0082    1.0112    1.0105    1.0189     1.033    1.0507    1.0693
    1.0653   0.88428
    9    0 3.1586400000000D+04 2.9170000000000D+02
   10    0 3.1586400000000D+04 1.5800000000000D+01
*---+----+-------------------+-------------------+---------+---------------------
*   1: printout of the result at time [hours]
*---+----+-------------------+-------------------+---------+---------------------
    1    0 3.2529600000000D+04
*---+----+-------------------+-------------------+---------+---------------------
    2    1 3.2529600000000D+04 7.0575000000000D+00
   0.71782   0.85058    0.8751   0.91293   0.96649    1.0303    1.1032    1.1865
    1.2684    1.0886
    3    1 3.2529600000000D+04 4.0383015000000D+12
   0.71782   0.85058    0.8751   0.91293   0.96649    1.0303    1.1032    1.1865
    1.2684    1.0886
    9    0 3.2529600000000D+04 2.8120000000000D+02
   10    0 3.2529600000000D+04 1.5800000000000D+01
* data point #5439 end
*  00:  last line of data set (finishing the program)
*---+----+-------------------+-------------------+---------+---------------------
00000    0 3.2529600000000D+04
*---+----+-------------------+-------------------+---------+---------------------
