* data point #5404 begin
*
*---+----+-------------------+-------------------+---------+---------------------
*   1: printout of the result at time [hours]
*---+----+-------------------+-------------------+---------+---------------------
    1    0 0.0000000000000D+00
*---+----+-------------------+-------------------+---------+---------------------
    2    1 0.0000000000000D+00 2.4205300000000D+01
   0.63222   0.99751    1.1026    1.1525    1.1792    1.1825    1.1605    1.1062
   0.96652   0.52013
    3    1 0.0000000000000D+00 9.9338551200000D+12
   0.63222   0.99751    1.1026    1.1525    1.1792    1.1825    1.1605    1.1062
   0.96652   0.52013
    9    0 0.0000000000000D+00 2.9170000000000D+02
   10    0 0.0000000000000D+00 1.5800000000000D+01
*---+----+-------------------+-------------------+---------+---------------------
*   1: printout of the result at time [hours]
*---+----+-------------------+-------------------+---------+---------------------
    1    0 1.4400000000000D+02
*---+----+-------------------+-------------------+---------+---------------------
    2    1 1.4400000000000D+02 2.4438400000000D+01
   0.76232    1.1229    1.1761    1.1624    1.1425    1.1143    1.0776    1.0258
   0.90894   0.50715
    3    1 1.4400000000000D+02 1.0085727680000D+13
   0.76232    1.1229    1.1761    1.1624    1.1425    1.1143    1.0776    1.0258
   0.90894   0.50715
    9    0 1.4400000000000D+02 2.9170000000000D+02
   10    0 1.4400000000000D+02 1.5800000000000D+01
*---+----+-------------------+-------------------+---------+---------------------
*   1: printout of the result at time [hours]
*---+----+-------------------+-------------------+---------+---------------------
    1    0 1.4400000000000D+03
*---+----+-------------------+-------------------+---------+---------------------
    2    1 1.4400000000000D+03 2.4143600000000D+01
   0.81111    1.1323    1.1478    1.1277     1.107    1.0861    1.0634    1.0323
   0.94265   0.54975
    3    1 1.4400000000000D+03 1.0133068920000D+13
   0.81111    1.1323    1.1478    1.1277     1.107    1.0861    1.0634    1.0323
   0.94265   0.54975
    9    0 1.4400000000000D+03 2.9170000000000D+02
   10    0 1.4400000000000D+03 1.5800000000000D+01
*---+----+-------------------+-------------------+---------+---------------------
*   1: printout of the result at time [hours]
*---+----+-------------------+-------------------+---------+---------------------
    1    0 3.0456000000000D+03
*---+----+-------------------+-------------------+---------+---------------------
    2    1 3.0456000000000D+03 2.3845400000000D+01
   0.84234    1.1115    1.0988    1.0737     1.056    1.0444    1.0402    1.0451
    1.0279   0.66009
    3    1 3.0456000000000D+03 1.0150986780000D+13
   0.84234    1.1115    1.0988    1.0737     1.056    1.0444    1.0402    1.0451
    1.0279   0.66009
    9    0 3.0456000000000D+03 2.9170000000000D+02
   10    0 3.0456000000000D+03 1.5800000000000D+01
*---+----+-------------------+-------------------+---------+---------------------
*   1: printout of the result at time [hours]
*---+----+-------------------+-------------------+---------+---------------------
    1    0 4.9008000000000D+03
*---+----+-------------------+-------------------+---------+---------------------
    2    1 4.9008000000000D+03 1.8373400000000D+01
   0.68915   0.89113   0.91306   0.94528   0.99296    1.0502    1.1183    1.2043
    1.2919   0.90381
    3    1 4.9008000000000D+03 7.5349313400000D+12
   0.68915   0.89113   0.91306   0.94528   0.99296    1.0502    1.1183    1.2043
    1.2919   0.90381
    9    0 4.9008000000000D+03 2.7330000000000D+02
   10    0 4.9008000000000D+03 1.5800000000000D+01
*---+----+-------------------+-------------------+---------+---------------------
*   1: printout of the result at time [hours]
*---+----+-------------------+-------------------+---------+---------------------
    1    0 4.9046000000000D+03
*---+----+-------------------+-------------------+---------+---------------------
    2    1 4.9046000000000D+03 1.1045900000000D+01
   0.53794   0.72316   0.77984   0.85389   0.94967    1.0624    1.1928    1.3455
     1.494    1.0608
    3    1 4.9046000000000D+03 4.5232960500000D+12
   0.53794   0.72316   0.77984   0.85389   0.94967    1.0624    1.1928    1.3455
     1.494    1.0608
    9    0 4.9046000000000D+03 2.8340000000000D+02
   10    0 4.9046000000000D+03 1.5800000000000D+01
*---+----+-------------------+-------------------+---------+---------------------
*   1: printout of the result at time [hours]
*---+----+-------------------+-------------------+---------+---------------------
    1    0 4.9066000000000D+03
*---+----+-------------------+-------------------+---------+---------------------
    2    1 4.9066000000000D+03 2.6688500000000D+01
   0.75887    1.1138    1.1948    1.2112    1.1848    1.1373    1.0712   0.98612
   0.85243   0.48954
    3    1 4.9066000000000D+03 1.2164618300000D+13
   0.75887    1.1138    1.1948    1.2112    1.1848    1.1373    1.0712   0.98612
   0.85243   0.48954
    9    0 4.9066000000000D+03 2.9170000000000D+02
   10    0 4.9066000000000D+03 1.5800000000000D+01
*---+----+-------------------+-------------------+---------+---------------------
*   1: printout of the result at time [hours]
*---+----+-------------------+-------------------+---------+---------------------
    1    0 5.0496000000000D+03
*---+----+-------------------+-------------------+---------+---------------------
    2    1 5.0496000000000D+03 2.6972000000000D+01
   0.86193    1.1935    1.2279    1.1916     1.143     1.085    1.0212   0.94828
    0.8342   0.49347
    3    1 5.0496000000000D+03 1.2331598400000D+13
   0.86193    1.1935    1.2279    1.1916     1.143     1.085    1.0212   0.94828
    0.8342   0.49347
    9    0 5.0496000000000D+03 2.9170000000000D+02
   10    0 5.0496000000000D+03 1.5800000000000D+01
*---+----+-------------------+-------------------+---------+---------------------
*   1: printout of the result at time [hours]
*---+----+-------------------+-------------------+---------+---------------------
    1    0 6.4656000000000D+03
*---+----+-------------------+-------------------+---------+---------------------
    2    1 6.4656000000000D+03 2.6293600000000D+01
    0.8666    1.1393    1.1467    1.1238    1.0965    1.0674    1.0372    1.0028
   0.93338   0.58619
    3    1 6.4656000000000D+03 1.2179195520000D+13
    0.8666    1.1393    1.1467    1.1238    1.0965    1.0674    1.0372    1.0028
   0.93338   0.58619
    9    0 6.4656000000000D+03 2.9170000000000D+02
   10    0 6.4656000000000D+03 1.5800000000000D+01
*---+----+-------------------+-------------------+---------+---------------------
*   1: printout of the result at time [hours]
*---+----+-------------------+-------------------+---------+---------------------
    1    0 7.2912000000000D+03
*---+----+-------------------+-------------------+---------+---------------------
    2    1 7.2912000000000D+03 2.6025400000000D+01
   0.88333    1.1329    1.1242    1.0986    1.0736    1.0502    1.0292    1.0097
   0.96644   0.63184
    3    1 7.2912000000000D+03 1.2114823700000D+13
   0.88333    1.1329    1.1242    1.0986    1.0736    1.0502    1.0292    1.0097
   0.96644   0.63184
    9    0 7.2912000000000D+03 2.9170000000000D+02
   10    0 7.2912000000000D+03 1.5800000000000D+01
*---+----+-------------------+-------------------+---------+---------------------
*   1: printout of the result at time [hours]
*---+----+-------------------+-------------------+---------+---------------------
    1    0 7.9286000000000D+03
*---+----+-------------------+-------------------+---------+---------------------
    2    1 7.9286000000000D+03 2.4789900000000D+01
   0.79068    1.0091    1.0257    1.0357    1.0503    1.0666    1.0841    1.1022
    1.0941   0.74159
    3    1 7.9286000000000D+03 1.1316589350000D+13
   0.79068    1.0091    1.0257    1.0357    1.0503    1.0666    1.0841    1.1022
    1.0941   0.74159
    9    0 7.9286000000000D+03 2.8320000000000D+02
   10    0 7.9286000000000D+03 1.5800000000000D+01
*---+----+-------------------+-------------------+---------+---------------------
*   1: printout of the result at time [hours]
*---+----+-------------------+-------------------+---------+---------------------
    1    0 7.9306000000000D+03
*---+----+-------------------+-------------------+---------+---------------------
    2    1 7.9306000000000D+03 2.4094400000000D+01
   0.53473    0.8045   0.94885     1.065    1.1572    1.2205    1.2511    1.2229
    1.1118   0.68344
    3    1 7.9306000000000D+03 1.2348380000000D+13
   0.53473    0.8045   0.94885     1.065    1.1572    1.2205    1.2511    1.2229
    1.1118   0.68344
    9    0 7.9306000000000D+03 2.9170000000000D+02
   10    0 7.9306000000000D+03 1.5800000000000D+01
*---+----+-------------------+-------------------+---------+---------------------
*   1: printout of the result at time [hours]
*---+----+-------------------+-------------------+---------+---------------------
    1    0 8.0736000000000D+03
*---+----+-------------------+-------------------+---------+---------------------
    2    1 8.0736000000000D+03 2.3830400000000D+01
   0.70884   0.98744    1.0711    1.1125    1.1331    1.1492    1.1269    1.0903
   0.99528   0.62529
    3    1 8.0736000000000D+03 1.2201164800000D+13
   0.70884   0.98744    1.0711    1.1125    1.1331    1.1492    1.1269    1.0903
   0.99528   0.62529
    9    0 8.0736000000000D+03 2.9170000000000D+02
   10    0 8.0736000000000D+03 1.5800000000000D+01
*---+----+-------------------+-------------------+---------+---------------------
*   1: printout of the result at time [hours]
*---+----+-------------------+-------------------+---------+---------------------
    1    0 1.2969600000000D+04
*---+----+-------------------+-------------------+---------+---------------------
    2    1 1.2969600000000D+04 2.2759100000000D+01
   0.86735    1.1139     1.137    1.1125     1.089    1.0657    1.0423    1.0118
   0.93962   0.62081
    3    1 1.2969600000000D+04 1.2107841200000D+13
   0.86735    1.1139     1.137    1.1125     1.089    1.0657    1.0423    1.0118
   0.93962   0.62081
    9    0 1.2969600000000D+04 2.9170000000000D+02
   10    0 1.2969600000000D+04 1.5800000000000D+01
*---+----+-------------------+-------------------+---------+---------------------
*   1: printout of the result at time [hours]
*---+----+-------------------+-------------------+---------+---------------------
    1    0 1.5621600000000D+04
*---+----+-------------------+-------------------+---------+---------------------
    2    1 1.5621600000000D+04 2.2034200000000D+01
      0.88    1.0613    1.0476    1.0327    1.0292    1.0343    1.0471    1.0653
    1.0579   0.74471
    3    1 1.5621600000000D+04 1.1909485100000D+13
      0.88    1.0613    1.0476    1.0327    1.0292    1.0343    1.0471    1.0653
    1.0579   0.74471
    9    0 1.5621600000000D+04 2.9170000000000D+02
   10    0 1.5621600000000D+04 1.5800000000000D+01
*---+----+-------------------+-------------------+---------+---------------------
*   1: printout of the result at time [hours]
*---+----+-------------------+-------------------+---------+---------------------
    1    0 1.6407800000000D+04
*---+----+-------------------+-------------------+---------+---------------------
    2    1 1.6407800000000D+04 2.0598100000000D+01
   0.77318   0.92873   0.93761   0.95849   0.99461    1.0408    1.0963    1.1619
    1.2182   0.89023
    3    1 1.6407800000000D+04 1.0846959460000D+13
   0.77318   0.92873   0.93761   0.95849   0.99461    1.0408    1.0963    1.1619
    1.2182   0.89023
    9    0 1.6407800000000D+04 2.8120000000000D+02
   10    0 1.6407800000000D+04 1.5800000000000D+01
*---+----+-------------------+-------------------+---------+---------------------
*   1: printout of the result at time [hours]
*---+----+-------------------+-------------------+---------+---------------------
    1    0 1.6409800000000D+04
*---+----+-------------------+-------------------+---------+---------------------
    2    1 1.6409800000000D+04 1.8828000000000D+01
    0.4352   0.60495   0.71893   0.84932   0.98986    1.1312    1.2642    1.3785
    1.4579      1.17
    3    1 1.6409800000000D+04 1.0645351200000D+13
    0.4352   0.60495   0.71893   0.84932   0.98986    1.1312    1.2642    1.3785
    1.4579      1.17
    9    0 1.6409800000000D+04 2.9170000000000D+02
   10    0 1.6409800000000D+04 1.5800000000000D+01
*---+----+-------------------+-------------------+---------+---------------------
*   1: printout of the result at time [hours]
*---+----+-------------------+-------------------+---------+---------------------
    1    0 1.6552800000000D+04
*---+----+-------------------+-------------------+---------+---------------------
    2    1 1.6552800000000D+04 1.8969700000000D+01
   0.63955   0.82347   0.89068   0.95584    1.0215    1.0856    1.1468    1.2024
    1.2368   0.99727
    3    1 1.6552800000000D+04 1.0736850200000D+13
   0.63955   0.82347   0.89068   0.95584    1.0215    1.0856    1.1468    1.2024
    1.2368   0.99727
    9    0 1.6552800000000D+04 2.9170000000000D+02
   10    0 1.6552800000000D+04 1.5800000000000D+01
*---+----+-------------------+-------------------+---------+---------------------
*   1: printout of the result at time [hours]
*---+----+-------------------+-------------------+---------+---------------------
    1    0 2.1808800000000D+04
*---+----+-------------------+-------------------+---------+---------------------
    2    1 2.1808800000000D+04 1.8989600000000D+01
   0.90049    1.0652    1.0601    1.0491    1.0385    1.0294    1.0226    1.0181
    1.0015   0.81508
    3    1 2.1808800000000D+04 1.1012069040000D+13
   0.90049    1.0652    1.0601    1.0491    1.0385    1.0294    1.0226    1.0181
    1.0015   0.81508
    9    0 2.1808800000000D+04 2.9170000000000D+02
   10    0 2.1808800000000D+04 1.5800000000000D+01
*---+----+-------------------+-------------------+---------+---------------------
*   1: printout of the result at time [hours]
*---+----+-------------------+-------------------+---------+---------------------
    1    0 2.3690400000000D+04
*---+----+-------------------+-------------------+---------+---------------------
    2    1 2.3690400000000D+04 1.8754900000000D+01
   0.90195    1.0279    1.0139    1.0056    1.0052    1.0101     1.021    1.0412
     1.075   0.89806
    3    1 2.3690400000000D+04 1.0926604740000D+13
   0.90195    1.0279    1.0139    1.0056    1.0052    1.0101     1.021    1.0412
     1.075   0.89806
    9    0 2.3690400000000D+04 2.9170000000000D+02
   10    0 2.3690400000000D+04 1.5800000000000D+01
*---+----+-------------------+-------------------+---------+---------------------
*   1: printout of the result at time [hours]
*---+----+-------------------+-------------------+---------+---------------------
    1    0 2.4426200000000D+04
*---+----+-------------------+-------------------+---------+---------------------
    2    1 2.4426200000000D+04 1.7314400000000D+01
   0.79431   0.90249   0.90878   0.93292   0.96994    1.0146    1.0672    1.1334
    1.2086    1.0678
    3    1 2.4426200000000D+04 9.8120704800000D+12
   0.79431   0.90249   0.90878   0.93292   0.96994    1.0146    1.0672    1.1334
    1.2086    1.0678
    9    0 2.4426200000000D+04 2.8110000000000D+02
   10    0 2.4426200000000D+04 1.5800000000000D+01
*---+----+-------------------+-------------------+---------+---------------------
*   1: printout of the result at time [hours]
*---+----+-------------------+-------------------+---------+---------------------
    1    0 2.4428200000000D+04
*---+----+-------------------+-------------------+---------+---------------------
    2    1 2.4428200000000D+04 1.4981800000000D+01
   0.48806    0.6831   0.81272   0.94188    1.0656    1.1751    1.2606    1.3173
    1.2828   0.97291
    3    1 2.4428200000000D+04 9.4190576600000D+12
   0.48806    0.6831   0.81272   0.94188    1.0656    1.1751    1.2606    1.3173
    1.2828   0.97291
    9    0 2.4428200000000D+04 2.9170000000000D+02
   10    0 2.4428200000000D+04 1.5800000000000D+01
*---+----+-------------------+-------------------+---------+---------------------
*   1: printout of the result at time [hours]
*---+----+-------------------+-------------------+---------+---------------------
    1    0 2.4571200000000D+04
*---+----+-------------------+-------------------+---------+---------------------
    2    1 2.4571200000000D+04 1.5015900000000D+01
   0.68774   0.89006   0.96544    1.0224    1.0692     1.107    1.1348    1.1541
    1.1148   0.85449
    3    1 2.4571200000000D+04 9.3999534000000D+12
   0.68774   0.89006   0.96544    1.0224    1.0692     1.107    1.1348    1.1541
    1.1148   0.85449
    9    0 2.4571200000000D+04 2.9170000000000D+02
   10    0 2.4571200000000D+04 1.5800000000000D+01
*---+----+-------------------+-------------------+---------+---------------------
*   1: printout of the result at time [hours]
*---+----+-------------------+-------------------+---------+---------------------
    1    0 2.8027200000000D+04
*---+----+-------------------+-------------------+---------+---------------------
    2    1 2.8027200000000D+04 1.5569100000000D+01
   0.87764    1.0457    1.0535    1.0471    1.0408     1.037    1.0364    1.0371
    1.0159   0.80872
    3    1 2.8027200000000D+04 9.7275736800000D+12
   0.87764    1.0457    1.0535    1.0471    1.0408     1.037    1.0364    1.0371
    1.0159   0.80872
    9    0 2.8027200000000D+04 2.9170000000000D+02
   10    0 2.8027200000000D+04 1.5800000000000D+01
*---+----+-------------------+-------------------+---------+---------------------
*   1: printout of the result at time [hours]
*---+----+-------------------+-------------------+---------+---------------------
    1    0 3.0187200000000D+04
*---+----+-------------------+-------------------+---------+---------------------
    2    1 3.0187200000000D+04 1.5907200000000D+01
   0.91851    1.0807    1.0738     1.058     1.043    1.0297    1.0187    1.0094
   0.98113   0.78706
    3    1 3.0187200000000D+04 9.9483628800000D+12
   0.91851    1.0807    1.0738     1.058     1.043    1.0297    1.0187    1.0094
   0.98113   0.78706
    9    0 3.0187200000000D+04 2.9170000000000D+02
   10    0 3.0187200000000D+04 1.5800000000000D+01
*---+----+-------------------+-------------------+---------+---------------------
*   1: printout of the result at time [hours]
*---+----+-------------------+-------------------+---------+---------------------
    1    0 3.1490400000000D+04
*---+----+-------------------+-------------------+---------+---------------------
    2    1 3.1490400000000D+04 1.6001100000000D+01
   0.89838    1.0255     1.016    1.0109    1.0141     1.021    1.0312     1.047
    1.0603   0.87569
    3    1 3.1490400000000D+04 9.9846864000000D+12
   0.89838    1.0255     1.016    1.0109    1.0141     1.021    1.0312     1.047
    1.0603   0.87569
    9    0 3.1490400000000D+04 2.9170000000000D+02
   10    0 3.1490400000000D+04 1.5800000000000D+01
*---+----+-------------------+-------------------+---------+---------------------
*   1: printout of the result at time [hours]
*---+----+-------------------+-------------------+---------+---------------------
    1    0 3.1911800000000D+04
*---+----+-------------------+-------------------+---------+---------------------
    2    1 3.1911800000000D+04 1.5081500000000D+01
   0.80423   0.92066   0.93021   0.95342    0.9883    1.0285     1.073    1.1245
    1.1844   0.99281
    3    1 3.1911800000000D+04 9.2615491500000D+12
   0.80423   0.92066   0.93021   0.95342    0.9883    1.0285     1.073    1.1245
    1.1844   0.99281
    9    0 3.1911800000000D+04 2.8640000000000D+02
   10    0 3.1911800000000D+04 1.5800000000000D+01
*---+----+-------------------+-------------------+---------+---------------------
*   1: printout of the result at time [hours]
*---+----+-------------------+-------------------+---------+---------------------
    1    0 3.1913800000000D+04
*---+----+-------------------+-------------------+---------+---------------------
    2    1 3.1913800000000D+04 1.7157000000000D+00
    0.4861   0.70175   0.84572    0.9757    1.0928    1.1902    1.2578    1.2858
    1.2222   0.94189
    3    1 3.1913800000000D+04 1.1289306000000D+12
    0.4861   0.70175   0.84572    0.9757    1.0928    1.1902    1.2578    1.2858
    1.2222   0.94189
    9    0 3.1913800000000D+04 2.9170000000000D+02
   10    0 3.1913800000000D+04 1.5800000000000D+01
*---+----+-------------------+-------------------+---------+---------------------
*   1: printout of the result at time [hours]
*---+----+-------------------+-------------------+---------+---------------------
    1    0 3.2056800000000D+04
*---+----+-------------------+-------------------+---------+---------------------
    2    1 3.2056800000000D+04 1.8120000000000D+00
   0.67494   0.89735   0.98786    1.0447    1.0861    1.1159    1.1374    1.1275
    1.0784   0.84989
    3    1 3.2056800000000D+04 1.1691024000000D+12
   0.67494   0.89735   0.98786    1.0447    1.0861    1.1159    1.1374    1.1275
    1.0784   0.84989
    9    0 3.2056800000000D+04 2.9170000000000D+02
   10    0 3.2056800000000D+04 1.5800000000000D+01
*---+----+-------------------+-------------------+---------+---------------------
*   1: printout of the result at time [hours]
*---+----+-------------------+-------------------+---------+---------------------
    1    0 3.5512800000000D+04
*---+----+-------------------+-------------------+---------+---------------------
    2    1 3.5512800000000D+04 2.1617000000000D+00
   0.83222    1.0297    1.0635    1.0543    1.0487     1.045    1.0436    1.0404
    1.0136   0.82898
    3    1 3.5512800000000D+04 1.3309586900000D+12
   0.83222    1.0297    1.0635    1.0543    1.0487     1.045    1.0436    1.0404
    1.0136   0.82898
    9    0 3.5512800000000D+04 2.9170000000000D+02
   10    0 3.5512800000000D+04 1.5800000000000D+01
*---+----+-------------------+-------------------+---------+---------------------
*   1: printout of the result at time [hours]
*---+----+-------------------+-------------------+---------+---------------------
    1    0 3.7312800000000D+04
*---+----+-------------------+-------------------+---------+---------------------
    2    1 3.7312800000000D+04 2.3674000000000D+00
   0.86297    1.0585    1.0839    1.0653    1.0505    1.0378    1.0277    1.0167
   0.98547   0.81102
    3    1 3.7312800000000D+04 1.4310933000000D+12
   0.86297    1.0585    1.0839    1.0653    1.0505    1.0378    1.0277    1.0167
   0.98547   0.81102
    9    0 3.7312800000000D+04 2.9170000000000D+02
   10    0 3.7312800000000D+04 1.5800000000000D+01
*---+----+-------------------+-------------------+---------+---------------------
*   1: printout of the result at time [hours]
*---+----+-------------------+-------------------+---------+---------------------
    1    0 3.9067200000000D+04
*---+----+-------------------+-------------------+---------+---------------------
    2    1 3.9067200000000D+04 2.6107000000000D+00
   0.83464   0.99092   0.99552   0.99743    1.0089    1.0265    1.0491    1.0763
    1.0932   0.92734
    3    1 3.9067200000000D+04 1.5410962100000D+12
   0.83464   0.99092   0.99552   0.99743    1.0089    1.0265    1.0491    1.0763
    1.0932   0.92734
    9    0 3.9067200000000D+04 2.9170000000000D+02
   10    0 3.9067200000000D+04 1.5800000000000D+01
*---+----+-------------------+-------------------+---------+---------------------
*   1: printout of the result at time [hours]
*---+----+-------------------+-------------------+---------+---------------------
    1    0 4.0010400000000D+04
*---+----+-------------------+-------------------+---------+---------------------
    2    1 4.0010400000000D+04 2.2656000000000D+00
   0.71284   0.84349   0.86776   0.90572   0.95957    1.0245    1.0995    1.1878
     1.269    1.1299
    3    1 4.0010400000000D+04 1.3000012800000D+12
   0.71284   0.84349   0.86776   0.90572   0.95957    1.0245    1.0995    1.1878
     1.269    1.1299
    9    0 4.0010400000000D+04 2.8120000000000D+02
   10    0 4.0010400000000D+04 1.5800000000000D+01
* data point #5404 end
*  00:  last line of data set (finishing the program)
*---+----+-------------------+-------------------+---------+---------------------
00000    0 4.0010400000000D+04
*---+----+-------------------+-------------------+---------+---------------------
