* data point #5304 begin
*
*---+----+-------------------+-------------------+---------+---------------------
*   1: printout of the result at time [hours]
*---+----+-------------------+-------------------+---------+---------------------
    1    0 0.0000000000000D+00
*---+----+-------------------+-------------------+---------+---------------------
    2    1 0.0000000000000D+00 2.3852600000000D+01
   0.56908   0.83626   0.99612    1.1135    1.1976     1.245    1.2426    1.1793
    1.0105   0.61008
    3    1 0.0000000000000D+00 1.1523191060000D+13
   0.56908   0.83626   0.99612    1.1135    1.1976     1.245    1.2426    1.1793
    1.0105   0.61008
    9    0 0.0000000000000D+00 2.9170000000000D+02
   10    0 0.0000000000000D+00 1.5800000000000D+01
*---+----+-------------------+-------------------+---------+---------------------
*   1: printout of the result at time [hours]
*---+----+-------------------+-------------------+---------+---------------------
    1    0 1.4400000000000D+02
*---+----+-------------------+-------------------+---------+---------------------
    2    1 1.4400000000000D+02 2.4230500000000D+01
   0.73024   0.99094    1.0899     1.136     1.157    1.1576    1.1355    1.0775
   0.93939   0.58591
    3    1 1.4400000000000D+02 1.1722715900000D+13
   0.73024   0.99094    1.0899     1.136     1.157    1.1576    1.1355    1.0775
   0.93939   0.58591
    9    0 1.4400000000000D+02 2.9170000000000D+02
   10    0 1.4400000000000D+02 1.5800000000000D+01
*---+----+-------------------+-------------------+---------+---------------------
*   1: printout of the result at time [hours]
*---+----+-------------------+-------------------+---------+---------------------
    1    0 3.6000000000000D+03
*---+----+-------------------+-------------------+---------+---------------------
    2    1 3.6000000000000D+03 2.5484800000000D+01
   0.85773    1.0931     1.109    1.0933    1.0775    1.0648    1.0542    1.0379
   0.97046   0.64191
    3    1 3.6000000000000D+03 1.2021180160000D+13
   0.85773    1.0931     1.109    1.0933    1.0775    1.0648    1.0542    1.0379
   0.97046   0.64191
    9    0 3.6000000000000D+03 2.9170000000000D+02
   10    0 3.6000000000000D+03 1.5800000000000D+01
*---+----+-------------------+-------------------+---------+---------------------
*   1: printout of the result at time [hours]
*---+----+-------------------+-------------------+---------+---------------------
    1    0 5.7600000000000D+03
*---+----+-------------------+-------------------+---------+---------------------
    2    1 5.7600000000000D+03 2.6646800000000D+01
   0.88202    1.1404     1.128    1.0956    1.0682    1.0465    1.0299    1.0145
    0.9588   0.63606
    3    1 5.7600000000000D+03 1.2289504160000D+13
   0.88202    1.1404     1.128    1.0956    1.0682    1.0465    1.0299    1.0145
    0.9588   0.63606
    9    0 5.7600000000000D+03 2.9170000000000D+02
   10    0 5.7600000000000D+03 1.5800000000000D+01
*---+----+-------------------+-------------------+---------+---------------------
*   1: printout of the result at time [hours]
*---+----+-------------------+-------------------+---------+---------------------
    1    0 6.9888000000000D+03
*---+----+-------------------+-------------------+---------+---------------------
    2    1 6.9888000000000D+03 2.6656400000000D+01
   0.87626    1.1171     1.088    1.0585    1.0398    1.0292    1.0277    1.0376
    1.0278   0.69796
    3    1 6.9888000000000D+03 1.2333916280000D+13
   0.87626    1.1171     1.088    1.0585    1.0398    1.0292    1.0277    1.0376
    1.0278   0.69796
    9    0 6.9888000000000D+03 2.9170000000000D+02
   10    0 6.9888000000000D+03 1.5800000000000D+01
*---+----+-------------------+-------------------+---------+---------------------
*   1: printout of the result at time [hours]
*---+----+-------------------+-------------------+---------+---------------------
    1    0 8.4830000000000D+03
*---+----+-------------------+-------------------+---------+---------------------
    2    1 8.4830000000000D+03 2.2372600000000D+01
   0.72508   0.90959   0.91679   0.94213   0.98402    1.0359    1.0996    1.1842
    1.2807   0.92193
    3    1 8.4830000000000D+03 9.9960776800000D+12
   0.72508   0.90959   0.91679   0.94213   0.98402    1.0359    1.0996    1.1842
    1.2807   0.92193
    9    0 8.4830000000000D+03 2.7520000000000D+02
   10    0 8.4830000000000D+03 1.5800000000000D+01
*---+----+-------------------+-------------------+---------+---------------------
*   1: printout of the result at time [hours]
*---+----+-------------------+-------------------+---------+---------------------
    1    0 8.4850000000000D+03
*---+----+-------------------+-------------------+---------+---------------------
    2    1 8.4850000000000D+03 2.6915000000000D+01
   0.68163   0.99175    1.0855    1.1334    1.1582    1.1591    1.1353     1.084
    0.9754   0.59576
    3    1 8.4850000000000D+03 1.3433276500000D+13
   0.68163   0.99175    1.0855    1.1334    1.1582    1.1591    1.1353     1.084
    0.9754   0.59576
    9    0 8.4850000000000D+03 2.9170000000000D+02
   10    0 8.4850000000000D+03 1.5800000000000D+01
*---+----+-------------------+-------------------+---------+---------------------
*   1: printout of the result at time [hours]
*---+----+-------------------+-------------------+---------+---------------------
    1    0 8.6280000000000D+03
*---+----+-------------------+-------------------+---------+---------------------
    2    1 8.6280000000000D+03 2.6107200000000D+01
   0.79913     1.098    1.1471    1.1385    1.1236    1.0989    1.0649    1.0185
   0.92894   0.58241
    3    1 8.6280000000000D+03 1.3011828480000D+13
   0.79913     1.098    1.1471    1.1385    1.1236    1.0989    1.0649    1.0185
   0.92894   0.58241
    9    0 8.6280000000000D+03 2.9170000000000D+02
   10    0 8.6280000000000D+03 1.5800000000000D+01
*---+----+-------------------+-------------------+---------+---------------------
*   1: printout of the result at time [hours]
*---+----+-------------------+-------------------+---------+---------------------
    1    0 9.9240000000000D+03
*---+----+-------------------+-------------------+---------+---------------------
    2    1 9.9240000000000D+03 2.5530900000000D+01
   0.83683    1.0978    1.1217    1.1038    1.0902    1.0745    1.0557    1.0296
   0.96381   0.62599
    3    1 9.9240000000000D+03 1.2854808150000D+13
   0.83683    1.0978    1.1217    1.1038    1.0902    1.0745    1.0557    1.0296
   0.96381   0.62599
    9    0 9.9240000000000D+03 2.9170000000000D+02
   10    0 9.9240000000000D+03 1.5800000000000D+01
*---+----+-------------------+-------------------+---------+---------------------
*   1: printout of the result at time [hours]
*---+----+-------------------+-------------------+---------+---------------------
    1    0 1.1529600000000D+04
*---+----+-------------------+-------------------+---------+---------------------
    2    1 1.1529600000000D+04 2.4770900000000D+01
   0.85734     1.078    1.0735    1.0585    1.0486    1.0429     1.042    1.0468
     1.034   0.71846
    3    1 1.1529600000000D+04 1.2573708840000D+13
   0.85734     1.078    1.0735    1.0585    1.0486    1.0429     1.042    1.0468
     1.034   0.71846
    9    0 1.1529600000000D+04 2.9170000000000D+02
   10    0 1.1529600000000D+04 1.5800000000000D+01
*---+----+-------------------+-------------------+---------+---------------------
*   1: printout of the result at time [hours]
*---+----+-------------------+-------------------+---------+---------------------
    1    0 1.3384800000000D+04
*---+----+-------------------+-------------------+---------+---------------------
    2    1 1.3384800000000D+04 1.9695800000000D+01
   0.69294   0.85881   0.88653   0.92537   0.97914    1.0426    1.1166    1.2066
    1.3065   0.98493
    3    1 1.3384800000000D+04 9.6017025000000D+12
   0.69294   0.85881   0.88653   0.92537   0.97914    1.0426    1.1166    1.2066
    1.3065   0.98493
    9    0 1.3384800000000D+04 2.7330000000000D+02
   10    0 1.3384800000000D+04 1.5800000000000D+01
*---+----+-------------------+-------------------+---------+---------------------
*   1: printout of the result at time [hours]
*---+----+-------------------+-------------------+---------+---------------------
    1    0 1.3388600000000D+04
*---+----+-------------------+-------------------+---------+---------------------
    2    1 1.3388600000000D+04 1.2180500000000D+01
   0.53914   0.69521   0.75522   0.83355   0.93371    1.0517     1.188    1.3458
    1.4965    1.1613
    3    1 1.3388600000000D+04 5.9258132500000D+12
   0.53914   0.69521   0.75522   0.83355   0.93371    1.0517     1.188    1.3458
    1.4965    1.1613
    9    0 1.3388600000000D+04 2.8340000000000D+02
   10    0 1.3388600000000D+04 1.5800000000000D+01
*---+----+-------------------+-------------------+---------+---------------------
*   1: printout of the result at time [hours]
*---+----+-------------------+-------------------+---------+---------------------
    1    0 1.3390600000000D+04
*---+----+-------------------+-------------------+---------+---------------------
    2    1 1.3390600000000D+04 2.2050200000000D+01
   0.78308     1.042     1.114    1.1465    1.1506    1.1266    1.0837     1.023
   0.92693   0.60367
    3    1 1.3390600000000D+04 1.1818907200000D+13
   0.78308     1.042     1.114    1.1465    1.1506    1.1266    1.0837     1.023
   0.92693   0.60367
    9    0 1.3390600000000D+04 2.9170000000000D+02
   10    0 1.3390600000000D+04 1.5800000000000D+01
*---+----+-------------------+-------------------+---------+---------------------
*   1: printout of the result at time [hours]
*---+----+-------------------+-------------------+---------+---------------------
    1    0 1.3533600000000D+04
*---+----+-------------------+-------------------+---------+---------------------
    2    1 1.3533600000000D+04 2.2264100000000D+01
   0.88703    1.1231    1.1537    1.1383    1.1131    1.0765    1.0321   0.97983
   0.89889   0.59733
    3    1 1.3533600000000D+04 1.1926878370000D+13
   0.88703    1.1231    1.1537    1.1383    1.1131    1.0765    1.0321   0.97983
   0.89889   0.59733
    9    0 1.3533600000000D+04 2.9170000000000D+02
   10    0 1.3533600000000D+04 1.5800000000000D+01
*---+----+-------------------+-------------------+---------+---------------------
*   1: printout of the result at time [hours]
*---+----+-------------------+-------------------+---------+---------------------
    1    0 1.4949600000000D+04
*---+----+-------------------+-------------------+---------+---------------------
    2    1 1.4949600000000D+04 2.1870800000000D+01
   0.89018    1.0768    1.0824    1.0762    1.0672    1.0554    1.0418    1.0262
   0.99036   0.69348
    3    1 1.4949600000000D+04 1.1770864560000D+13
   0.89018    1.0768    1.0824    1.0762    1.0672    1.0554    1.0418    1.0262
   0.99036   0.69348
    9    0 1.4949600000000D+04 2.9170000000000D+02
   10    0 1.4949600000000D+04 1.5800000000000D+01
*---+----+-------------------+-------------------+---------+---------------------
*   1: printout of the result at time [hours]
*---+----+-------------------+-------------------+---------+---------------------
    1    0 1.5775200000000D+04
*---+----+-------------------+-------------------+---------+---------------------
    2    1 1.5775200000000D+04 2.1699100000000D+01
   0.90617    1.0723    1.0635    1.0536    1.0454    1.0378    1.0322    1.0302
    1.0193   0.73952
    3    1 1.5775200000000D+04 1.1684965350000D+13
   0.90617    1.0723    1.0635    1.0536    1.0454    1.0378    1.0322    1.0302
    1.0193   0.73952
    9    0 1.5775200000000D+04 2.9170000000000D+02
   10    0 1.5775200000000D+04 1.5800000000000D+01
*---+----+-------------------+-------------------+---------+---------------------
*   1: printout of the result at time [hours]
*---+----+-------------------+-------------------+---------+---------------------
    1    0 1.6412600000000D+04
*---+----+-------------------+-------------------+---------+---------------------
    2    1 1.6412600000000D+04 2.0617200000000D+01
   0.80772   0.95061   0.96487   0.98719    1.0161    1.0473    1.0807    1.1188
    1.1592   0.86738
    3    1 1.6412600000000D+04 1.0859079240000D+13
   0.80772   0.95061   0.96487   0.98719    1.0161    1.0473    1.0807    1.1188
    1.1592   0.86738
    9    0 1.6412600000000D+04 2.8320000000000D+02
   10    0 1.6412600000000D+04 1.5800000000000D+01
*---+----+-------------------+-------------------+---------+---------------------
*   1: printout of the result at time [hours]
*---+----+-------------------+-------------------+---------+---------------------
    1    0 1.6414600000000D+04
*---+----+-------------------+-------------------+---------+---------------------
    2    1 1.6414600000000D+04 1.7476700000000D+01
   0.44305   0.61579   0.73217   0.86155   0.99899    1.1351    1.2608    1.3652
    1.4319    1.1554
    3    1 1.6414600000000D+04 1.0015896770000D+13
   0.44305   0.61579   0.73217   0.86155   0.99899    1.1351    1.2608    1.3652
    1.4319    1.1554
    9    0 1.6414600000000D+04 2.9170000000000D+02
   10    0 1.6414600000000D+04 1.5800000000000D+01
*---+----+-------------------+-------------------+---------+---------------------
*   1: printout of the result at time [hours]
*---+----+-------------------+-------------------+---------+---------------------
    1    0 1.6557600000000D+04
*---+----+-------------------+-------------------+---------+---------------------
    2    1 1.6557600000000D+04 1.7728000000000D+01
   0.64638   0.83269   0.90174   0.96503    1.0272    1.0869    1.1427    1.1914
    1.2189   0.98697
    3    1 1.6557600000000D+04 1.0151052800000D+13
   0.64638   0.83269   0.90174   0.96503    1.0272    1.0869    1.1427    1.1914
    1.2189   0.98697
    9    0 1.6557600000000D+04 2.9170000000000D+02
   10    0 1.6557600000000D+04 1.5800000000000D+01
*---+----+-------------------+-------------------+---------+---------------------
*   1: printout of the result at time [hours]
*---+----+-------------------+-------------------+---------+---------------------
    1    0 2.1813600000000D+04
*---+----+-------------------+-------------------+---------+---------------------
    2    1 2.1813600000000D+04 1.7782600000000D+01
   0.89784    1.0594    1.0596    1.0487    1.0383    1.0294    1.0231    1.0189
    1.0035   0.82131
    3    1 2.1813600000000D+04 1.0383260140000D+13
   0.89784    1.0594    1.0596    1.0487    1.0383    1.0294    1.0231    1.0189
    1.0035   0.82131
    9    0 2.1813600000000D+04 2.9170000000000D+02
   10    0 2.1813600000000D+04 1.5800000000000D+01
*---+----+-------------------+-------------------+---------+---------------------
*   1: printout of the result at time [hours]
*---+----+-------------------+-------------------+---------+---------------------
    1    0 2.3695200000000D+04
*---+----+-------------------+-------------------+---------+---------------------
    2    1 2.3695200000000D+04 1.7675700000000D+01
   0.89835    1.0245    1.0116    1.0035    1.0038    1.0096    1.0215     1.043
    1.0767   0.90757
    3    1 2.3695200000000D+04 1.0359727770000D+13
   0.89835    1.0245    1.0116    1.0035    1.0038    1.0096    1.0215     1.043
    1.0767   0.90757
    9    0 2.3695200000000D+04 2.9170000000000D+02
   10    0 2.3695200000000D+04 1.5800000000000D+01
*---+----+-------------------+-------------------+---------+---------------------
*   1: printout of the result at time [hours]
*---+----+-------------------+-------------------+---------+---------------------
    1    0 2.4431000000000D+04
*---+----+-------------------+-------------------+---------+---------------------
    2    1 2.4431000000000D+04 1.6278200000000D+01
   0.79161   0.89942   0.90637   0.93045    0.9678     1.013    1.0665     1.134
    1.2127    1.0781
    3    1 2.4431000000000D+04 9.2671792600000D+12
   0.79161   0.89942   0.90637   0.93045    0.9678     1.013    1.0665     1.134
    1.2127    1.0781
    9    0 2.4431000000000D+04 2.8110000000000D+02
   10    0 2.4431000000000D+04 1.5800000000000D+01
*---+----+-------------------+-------------------+---------+---------------------
*   1: printout of the result at time [hours]
*---+----+-------------------+-------------------+---------+---------------------
    1    0 2.4433000000000D+04
*---+----+-------------------+-------------------+---------+---------------------
    2    1 2.4433000000000D+04 3.9560000000000D+00
   0.53362   0.72801   0.86426   0.98635     1.093    1.1787    1.2333    1.2427
    1.1914   0.94869
    3    1 2.4433000000000D+04 2.4491596000000D+12
   0.53362   0.72801   0.86426   0.98635     1.093    1.1787    1.2333    1.2427
    1.1914   0.94869
    9    0 2.4433000000000D+04 2.9170000000000D+02
   10    0 2.4433000000000D+04 1.5800000000000D+01
*---+----+-------------------+-------------------+---------+---------------------
*   1: printout of the result at time [hours]
*---+----+-------------------+-------------------+---------+---------------------
    1    0 2.4576000000000D+04
*---+----+-------------------+-------------------+---------+---------------------
    2    1 2.4576000000000D+04 4.0725000000000D+00
   0.73051   0.92032   0.99865     1.047    1.0794    1.1006    1.1187    1.0966
    1.0524   0.85574
    3    1 2.4576000000000D+04 2.4927772500000D+12
   0.73051   0.92032   0.99865     1.047    1.0794    1.1006    1.1187    1.0966
    1.0524   0.85574
    9    0 2.4576000000000D+04 2.9170000000000D+02
   10    0 2.4576000000000D+04 1.5800000000000D+01
*---+----+-------------------+-------------------+---------+---------------------
*   1: printout of the result at time [hours]
*---+----+-------------------+-------------------+---------+---------------------
    1    0 2.8032000000000D+04
*---+----+-------------------+-------------------+---------+---------------------
    2    1 2.8032000000000D+04 4.7888000000000D+00
    0.8712    1.0514    1.0802    1.0654    1.0527     1.041    1.0309    1.0174
   0.98271   0.80709
    3    1 2.8032000000000D+04 2.8450260800000D+12
    0.8712    1.0514    1.0802    1.0654    1.0527     1.041    1.0309    1.0174
   0.98271   0.80709
    9    0 2.8032000000000D+04 2.9170000000000D+02
   10    0 2.8032000000000D+04 1.5800000000000D+01
*---+----+-------------------+-------------------+---------+---------------------
*   1: printout of the result at time [hours]
*---+----+-------------------+-------------------+---------+---------------------
    1    0 2.9832000000000D+04
*---+----+-------------------+-------------------+---------+---------------------
    2    1 2.9832000000000D+04 5.2329000000000D+00
   0.88976    1.0879     1.112    1.0856    1.0614    1.0384     1.017   0.99295
   0.94632    0.7686
    3    1 2.9832000000000D+04 3.0753753300000D+12
   0.88976    1.0879     1.112    1.0856    1.0614    1.0384     1.017   0.99295
   0.94632    0.7686
    9    0 2.9832000000000D+04 2.9170000000000D+02
   10    0 2.9832000000000D+04 1.5800000000000D+01
*---+----+-------------------+-------------------+---------+---------------------
*   1: printout of the result at time [hours]
*---+----+-------------------+-------------------+---------+---------------------
    1    0 3.1586400000000D+04
*---+----+-------------------+-------------------+---------+---------------------
    2    1 3.1586400000000D+04 5.6381000000000D+00
   0.84887    1.0087    1.0115    1.0106    1.0191     1.033    1.0505     1.069
    1.0649   0.88381
    3    1 3.1586400000000D+04 3.2638960900000D+12
   0.84887    1.0087    1.0115    1.0106    1.0191     1.033    1.0505     1.069
    1.0649   0.88381
    9    0 3.1586400000000D+04 2.9170000000000D+02
   10    0 3.1586400000000D+04 1.5800000000000D+01
*---+----+-------------------+-------------------+---------+---------------------
*   1: printout of the result at time [hours]
*---+----+-------------------+-------------------+---------+---------------------
    1    0 3.2529600000000D+04
*---+----+-------------------+-------------------+---------+---------------------
    2    1 3.2529600000000D+04 4.9351000000000D+00
   0.71792   0.85084   0.87536   0.91305   0.96675    1.0304    1.1031    1.1864
    1.2681    1.0881
    3    1 3.2529600000000D+04 2.7759937500000D+12
   0.71792   0.85084   0.87536   0.91305   0.96675    1.0304    1.1031    1.1864
    1.2681    1.0881
    9    0 3.2529600000000D+04 2.8120000000000D+02
   10    0 3.2529600000000D+04 1.5800000000000D+01
* data point #5304 end
*  00:  last line of data set (finishing the program)
*---+----+-------------------+-------------------+---------+---------------------
00000    0 3.2529600000000D+04
*---+----+-------------------+-------------------+---------+---------------------
