* data point #5946 begin
*
*---+----+-------------------+-------------------+---------+---------------------
*   1: printout of the result at time [hours]
*---+----+-------------------+-------------------+---------+---------------------
    1    0 0.0000000000000D+00
*---+----+-------------------+-------------------+---------+---------------------
    2    1 0.0000000000000D+00 2.2970800000000D+01
   0.51465   0.72392   0.86074    0.9836    1.0974    1.1953    1.2672    1.3027
    1.2283   0.82614
    3    1 0.0000000000000D+00 1.2266407200000D+13
   0.51465   0.72392   0.86074    0.9836    1.0974    1.1953    1.2672    1.3027
    1.2283   0.82614
    9    0 0.0000000000000D+00 2.9170000000000D+02
   10    0 0.0000000000000D+00 1.5800000000000D+01
*---+----+-------------------+-------------------+---------+---------------------
*   1: printout of the result at time [hours]
*---+----+-------------------+-------------------+---------+---------------------
    1    0 1.4400000000000D+02
*---+----+-------------------+-------------------+---------+---------------------
    2    1 1.4400000000000D+02 2.2600000000000D+01
   0.72619   0.94031    1.0177    1.0619     1.094    1.1177    1.1351    1.1257
    1.0591   0.72226
    3    1 1.4400000000000D+02 1.2102300000000D+13
   0.72619   0.94031    1.0177    1.0619     1.094    1.1177    1.1351    1.1257
    1.0591   0.72226
    9    0 1.4400000000000D+02 2.9170000000000D+02
   10    0 1.4400000000000D+02 1.5800000000000D+01
*---+----+-------------------+-------------------+---------+---------------------
*   1: printout of the result at time [hours]
*---+----+-------------------+-------------------+---------+---------------------
    1    0 5.4000000000000D+03
*---+----+-------------------+-------------------+---------+---------------------
    2    1 5.4000000000000D+03 2.4060900000000D+01
   0.88791    1.1521     1.156    1.1236    1.0892    1.0566    1.0261   0.99232
   0.91659    0.5996
    3    1 5.4000000000000D+03 1.2925515480000D+13
   0.88791    1.1521     1.156    1.1236    1.0892    1.0566    1.0261   0.99232
   0.91659    0.5996
    9    0 5.4000000000000D+03 2.9170000000000D+02
   10    0 5.4000000000000D+03 1.5800000000000D+01
*---+----+-------------------+-------------------+---------+---------------------
*   1: printout of the result at time [hours]
*---+----+-------------------+-------------------+---------+---------------------
    1    0 7.2816000000000D+03
*---+----+-------------------+-------------------+---------+---------------------
    2    1 7.2816000000000D+03 2.4099700000000D+01
   0.87578    1.1089    1.0896    1.0662    1.0509    1.0411    1.0364    1.0369
    1.0132   0.68109
    3    1 7.2816000000000D+03 1.2895749470000D+13
   0.87578    1.1089    1.0896    1.0662    1.0509    1.0411    1.0364    1.0369
    1.0132   0.68109
    9    0 7.2816000000000D+03 2.9170000000000D+02
   10    0 7.2816000000000D+03 1.5800000000000D+01
*---+----+-------------------+-------------------+---------+---------------------
*   1: printout of the result at time [hours]
*---+----+-------------------+-------------------+---------+---------------------
    1    0 8.0174000000000D+03
*---+----+-------------------+-------------------+---------+---------------------
    2    1 8.0174000000000D+03 2.2768200000000D+01
    0.7713   0.97131   0.97926   0.99336    1.0196    1.0523    1.0909    1.1378
    1.1677   0.81649
    3    1 8.0174000000000D+03 1.1791650780000D+13
    0.7713   0.97131   0.97926   0.99336    1.0196    1.0523    1.0909    1.1378
    1.1677   0.81649
    9    0 8.0174000000000D+03 2.8110000000000D+02
   10    0 8.0174000000000D+03 1.5800000000000D+01
*---+----+-------------------+-------------------+---------+---------------------
*   1: printout of the result at time [hours]
*---+----+-------------------+-------------------+---------+---------------------
    1    0 8.0194000000000D+03
*---+----+-------------------+-------------------+---------+---------------------
    2    1 8.0194000000000D+03 2.2719400000000D+01
   0.44799   0.71058   0.85856   0.99329    1.1169      1.22    1.2913    1.3205
    1.2305   0.81036
    3    1 8.0194000000000D+03 1.0864417080000D+13
   0.44799   0.71058   0.85856   0.99329    1.1169      1.22    1.2913    1.3205
    1.2305   0.81036
    9    0 8.0194000000000D+03 2.9170000000000D+02
   10    0 8.0194000000000D+03 1.5800000000000D+01
*---+----+-------------------+-------------------+---------+---------------------
*   1: printout of the result at time [hours]
*---+----+-------------------+-------------------+---------+---------------------
    1    0 8.1624000000000D+03
*---+----+-------------------+-------------------+---------+---------------------
    2    1 8.1624000000000D+03 2.2787100000000D+01
   0.63751   0.93083    1.0228     1.078    1.1172    1.1431    1.1581    1.1425
    1.0618    0.7083
    3    1 8.1624000000000D+03 1.0883118960000D+13
   0.63751   0.93083    1.0228     1.078    1.1172    1.1431    1.1581    1.1425
    1.0618    0.7083
    9    0 8.1624000000000D+03 2.9170000000000D+02
   10    0 8.1624000000000D+03 1.5800000000000D+01
*---+----+-------------------+-------------------+---------+---------------------
*   1: printout of the result at time [hours]
*---+----+-------------------+-------------------+---------+---------------------
    1    0 1.1618400000000D+04
*---+----+-------------------+-------------------+---------+---------------------
    2    1 1.1618400000000D+04 2.1575700000000D+01
   0.84521    1.0802    1.0851     1.072    1.0599    1.0504    1.0439     1.038
    1.0007   0.72457
    3    1 1.1618400000000D+04 1.0436166090000D+13
   0.84521    1.0802    1.0851     1.072    1.0599    1.0504    1.0439     1.038
    1.0007   0.72457
    9    0 1.1618400000000D+04 2.9170000000000D+02
   10    0 1.1618400000000D+04 1.5800000000000D+01
*---+----+-------------------+-------------------+---------+---------------------
*   1: printout of the result at time [hours]
*---+----+-------------------+-------------------+---------+---------------------
    1    0 1.3778400000000D+04
*---+----+-------------------+-------------------+---------+---------------------
    2    1 1.3778400000000D+04 2.0774800000000D+01
   0.89974    1.0948    1.0791    1.0609    1.0464    1.0342    1.0248    1.0189
   0.99327   0.74783
    3    1 1.3778400000000D+04 1.0109017680000D+13
   0.89974    1.0948    1.0791    1.0609    1.0464    1.0342    1.0248    1.0189
   0.99327   0.74783
    9    0 1.3778400000000D+04 2.9170000000000D+02
   10    0 1.3778400000000D+04 1.5800000000000D+01
*---+----+-------------------+-------------------+---------+---------------------
*   1: printout of the result at time [hours]
*---+----+-------------------+-------------------+---------+---------------------
    1    0 1.5081600000000D+04
*---+----+-------------------+-------------------+---------+---------------------
    2    1 1.5081600000000D+04 2.0680100000000D+01
   0.89443    1.0513    1.0332    1.0217    1.0191    1.0208     1.027    1.0421
    1.0593   0.83114
    3    1 1.5081600000000D+04 1.0106364870000D+13
   0.89443    1.0513    1.0332    1.0217    1.0191    1.0208     1.027    1.0421
    1.0593   0.83114
    9    0 1.5081600000000D+04 2.9170000000000D+02
   10    0 1.5081600000000D+04 1.5800000000000D+01
*---+----+-------------------+-------------------+---------+---------------------
*   1: printout of the result at time [hours]
*---+----+-------------------+-------------------+---------+---------------------
    1    0 1.5503000000000D+04
*---+----+-------------------+-------------------+---------+---------------------
    2    1 1.5503000000000D+04 1.9451800000000D+01
   0.80563   0.94891   0.95066   0.96742    0.9961    1.0301    1.0687     1.117
    1.1735   0.94197
    3    1 1.5503000000000D+04 9.3679868800000D+12
   0.80563   0.94891   0.95066   0.96742    0.9961    1.0301    1.0687     1.117
    1.1735   0.94197
    9    0 1.5503000000000D+04 2.8640000000000D+02
   10    0 1.5503000000000D+04 1.5800000000000D+01
*---+----+-------------------+-------------------+---------+---------------------
*   1: printout of the result at time [hours]
*---+----+-------------------+-------------------+---------+---------------------
    1    0 1.5505000000000D+04
*---+----+-------------------+-------------------+---------+---------------------
    2    1 1.5505000000000D+04 2.1142700000000D+01
   0.50315   0.72105   0.85576   0.98379    1.1014    1.1993    1.2668    1.2976
    1.2349   0.83627
    3    1 1.5505000000000D+04 1.1765912550000D+13
   0.50315   0.72105   0.85576   0.98379    1.1014    1.1993    1.2668    1.2976
    1.2349   0.83627
    9    0 1.5505000000000D+04 2.9170000000000D+02
   10    0 1.5505000000000D+04 1.5800000000000D+01
*---+----+-------------------+-------------------+---------+---------------------
*   1: printout of the result at time [hours]
*---+----+-------------------+-------------------+---------+---------------------
    1    0 1.5648000000000D+04
*---+----+-------------------+-------------------+---------+---------------------
    2    1 1.5648000000000D+04 2.0956700000000D+01
   0.69887   0.92615    1.0033    1.0562     1.096     1.124    1.1425    1.1331
    1.0795   0.74038
    3    1 1.5648000000000D+04 1.1635159840000D+13
   0.69887   0.92615    1.0033    1.0562     1.096     1.124    1.1425    1.1331
    1.0795   0.74038
    9    0 1.5648000000000D+04 2.9170000000000D+02
   10    0 1.5648000000000D+04 1.5800000000000D+01
*---+----+-------------------+-------------------+---------+---------------------
*   1: printout of the result at time [hours]
*---+----+-------------------+-------------------+---------+---------------------
    1    0 1.9104000000000D+04
*---+----+-------------------+-------------------+---------+---------------------
    2    1 1.9104000000000D+04 2.0739600000000D+01
   0.87335    1.0705    1.0871    1.0714    1.0601    1.0504    1.0424    1.0331
   0.99756     0.714
    3    1 1.9104000000000D+04 1.1659803120000D+13
   0.87335    1.0705    1.0871    1.0714    1.0601    1.0504    1.0424    1.0331
   0.99756     0.714
    9    0 1.9104000000000D+04 2.9170000000000D+02
   10    0 1.9104000000000D+04 1.5800000000000D+01
*---+----+-------------------+-------------------+---------+---------------------
*   1: printout of the result at time [hours]
*---+----+-------------------+-------------------+---------+---------------------
    1    0 2.0904000000000D+04
*---+----+-------------------+-------------------+---------+---------------------
    2    1 2.0904000000000D+04 2.0672000000000D+01
   0.90625    1.1006     1.102     1.083    1.0624    1.0433    1.0262     1.009
   0.96851   0.69872
    3    1 2.0904000000000D+04 1.1698284800000D+13
   0.90625    1.1006     1.102     1.083    1.0624    1.0433    1.0262     1.009
   0.96851   0.69872
    9    0 2.0904000000000D+04 2.9170000000000D+02
   10    0 2.0904000000000D+04 1.5800000000000D+01
*---+----+-------------------+-------------------+---------+---------------------
*   1: printout of the result at time [hours]
*---+----+-------------------+-------------------+---------+---------------------
    1    0 2.2658400000000D+04
*---+----+-------------------+-------------------+---------+---------------------
    2    1 2.2658400000000D+04 2.0523400000000D+01
     0.879    1.0264    1.0172    1.0136    1.0202    1.0321    1.0482    1.0692
    1.0816   0.81244
    3    1 2.2658400000000D+04 1.1638820140000D+13
     0.879    1.0264    1.0172    1.0136    1.0202    1.0321    1.0482    1.0692
    1.0816   0.81244
    9    0 2.2658400000000D+04 2.9170000000000D+02
   10    0 2.2658400000000D+04 1.5800000000000D+01
*---+----+-------------------+-------------------+---------+---------------------
*   1: printout of the result at time [hours]
*---+----+-------------------+-------------------+---------+---------------------
    1    0 2.3601600000000D+04
*---+----+-------------------+-------------------+---------+---------------------
    2    1 2.3601600000000D+04 1.7883400000000D+01
   0.74421   0.86611   0.88216   0.91856    0.9714     1.034    1.1058    1.1909
     1.273    1.0139
    3    1 2.3601600000000D+04 9.8394466800000D+12
   0.74421   0.86611   0.88216   0.91856    0.9714     1.034    1.1058    1.1909
     1.273    1.0139
    9    0 2.3601600000000D+04 2.8120000000000D+02
   10    0 2.3601600000000D+04 1.5800000000000D+01
* data point #5946 end
*  00:  last line of data set (finishing the program)
*---+----+-------------------+-------------------+---------+---------------------
00000    0 2.3601600000000D+04
*---+----+-------------------+-------------------+---------+---------------------
