* data point #5422 begin
*
*---+----+-------------------+-------------------+---------+---------------------
*   1: printout of the result at time [hours]
*---+----+-------------------+-------------------+---------+---------------------
    1    0 0.0000000000000D+00
*---+----+-------------------+-------------------+---------+---------------------
    2    1 0.0000000000000D+00 2.7363500000000D+01
   0.51463   0.72392   0.86075   0.98361    1.0974    1.1953    1.2672    1.3027
    1.2283   0.82614
    3    1 0.0000000000000D+00 1.1894913450000D+13
   0.51463   0.72392   0.86075   0.98361    1.0974    1.1953    1.2672    1.3027
    1.2283   0.82614
    9    0 0.0000000000000D+00 2.9170000000000D+02
   10    0 0.0000000000000D+00 1.5800000000000D+01
*---+----+-------------------+-------------------+---------+---------------------
*   1: printout of the result at time [hours]
*---+----+-------------------+-------------------+---------+---------------------
    1    0 1.4400000000000D+02
*---+----+-------------------+-------------------+---------+---------------------
    2    1 1.4400000000000D+02 2.7034500000000D+01
   0.72618   0.94032    1.0177    1.0618     1.094    1.1177    1.1351    1.1257
    1.0591   0.72226
    3    1 1.4400000000000D+02 1.1800559250000D+13
   0.72618   0.94032    1.0177    1.0618     1.094    1.1177    1.1351    1.1257
    1.0591   0.72226
    9    0 1.4400000000000D+02 2.9170000000000D+02
   10    0 1.4400000000000D+02 1.5800000000000D+01
*---+----+-------------------+-------------------+---------+---------------------
*   1: printout of the result at time [hours]
*---+----+-------------------+-------------------+---------+---------------------
    1    0 5.4000000000000D+03
*---+----+-------------------+-------------------+---------+---------------------
    2    1 5.4000000000000D+03 2.7572500000000D+01
   0.88795    1.1521     1.156    1.1236    1.0891    1.0566    1.0261   0.99233
   0.91657   0.59958
    3    1 5.4000000000000D+03 1.2716437000000D+13
   0.88795    1.1521     1.156    1.1236    1.0891    1.0566    1.0261   0.99233
   0.91657   0.59958
    9    0 5.4000000000000D+03 2.9170000000000D+02
   10    0 5.4000000000000D+03 1.5800000000000D+01
*---+----+-------------------+-------------------+---------+---------------------
*   1: printout of the result at time [hours]
*---+----+-------------------+-------------------+---------+---------------------
    1    0 7.2816000000000D+03
*---+----+-------------------+-------------------+---------+---------------------
    2    1 7.2816000000000D+03 2.7051500000000D+01
   0.87577    1.1089    1.0896    1.0662    1.0509    1.0411    1.0364    1.0369
    1.0132   0.68107
    3    1 7.2816000000000D+03 1.2684448350000D+13
   0.87577    1.1089    1.0896    1.0662    1.0509    1.0411    1.0364    1.0369
    1.0132   0.68107
    9    0 7.2816000000000D+03 2.9170000000000D+02
   10    0 7.2816000000000D+03 1.5800000000000D+01
*---+----+-------------------+-------------------+---------+---------------------
*   1: printout of the result at time [hours]
*---+----+-------------------+-------------------+---------+---------------------
    1    0 8.0174000000000D+03
*---+----+-------------------+-------------------+---------+---------------------
    2    1 8.0174000000000D+03 2.5255900000000D+01
   0.77127    0.9713   0.97926   0.99339    1.0196    1.0523    1.0909    1.1378
    1.1677   0.81648
    3    1 8.0174000000000D+03 1.1559625430000D+13
   0.77127    0.9713   0.97926   0.99339    1.0196    1.0523    1.0909    1.1378
    1.1677   0.81648
    9    0 8.0174000000000D+03 2.8110000000000D+02
   10    0 8.0174000000000D+03 1.5800000000000D+01
*---+----+-------------------+-------------------+---------+---------------------
*   1: printout of the result at time [hours]
*---+----+-------------------+-------------------+---------+---------------------
    1    0 8.0194000000000D+03
*---+----+-------------------+-------------------+---------+---------------------
    2    1 8.0194000000000D+03 2.3286300000000D+01
   0.44799   0.71059   0.85857   0.99329    1.1169      1.22    1.2913    1.3205
    1.2305   0.81039
    3    1 8.0194000000000D+03 1.1638492740000D+13
   0.44799   0.71059   0.85857   0.99329    1.1169      1.22    1.2913    1.3205
    1.2305   0.81039
    9    0 8.0194000000000D+03 2.9170000000000D+02
   10    0 8.0194000000000D+03 1.5800000000000D+01
*---+----+-------------------+-------------------+---------+---------------------
*   1: printout of the result at time [hours]
*---+----+-------------------+-------------------+---------+---------------------
    1    0 8.1624000000000D+03
*---+----+-------------------+-------------------+---------+---------------------
    2    1 8.1624000000000D+03 2.3223400000000D+01
    0.6375   0.93083    1.0228     1.078    1.1171    1.1431    1.1581    1.1425
    1.0618   0.70829
    3    1 8.1624000000000D+03 1.1618667020000D+13
    0.6375   0.93083    1.0228     1.078    1.1171    1.1431    1.1581    1.1425
    1.0618   0.70829
    9    0 8.1624000000000D+03 2.9170000000000D+02
   10    0 8.1624000000000D+03 1.5800000000000D+01
*---+----+-------------------+-------------------+---------+---------------------
*   1: printout of the result at time [hours]
*---+----+-------------------+-------------------+---------+---------------------
    1    0 1.1618400000000D+04
*---+----+-------------------+-------------------+---------+---------------------
    2    1 1.1618400000000D+04 2.1696600000000D+01
    0.8452    1.0803    1.0851     1.072    1.0599    1.0504    1.0439     1.038
    1.0007   0.72454
    3    1 1.1618400000000D+04 1.1060926680000D+13
    0.8452    1.0803    1.0851     1.072    1.0599    1.0504    1.0439     1.038
    1.0007   0.72454
    9    0 1.1618400000000D+04 2.9170000000000D+02
   10    0 1.1618400000000D+04 1.5800000000000D+01
*---+----+-------------------+-------------------+---------+---------------------
*   1: printout of the result at time [hours]
*---+----+-------------------+-------------------+---------+---------------------
    1    0 1.3778400000000D+04
*---+----+-------------------+-------------------+---------+---------------------
    2    1 1.3778400000000D+04 2.0767300000000D+01
   0.89973    1.0948    1.0791    1.0609    1.0464    1.0342    1.0248    1.0189
   0.99324   0.74786
    3    1 1.3778400000000D+04 1.0693082770000D+13
   0.89973    1.0948    1.0791    1.0609    1.0464    1.0342    1.0248    1.0189
   0.99324   0.74786
    9    0 1.3778400000000D+04 2.9170000000000D+02
   10    0 1.3778400000000D+04 1.5800000000000D+01
*---+----+-------------------+-------------------+---------+---------------------
*   1: printout of the result at time [hours]
*---+----+-------------------+-------------------+---------+---------------------
    1    0 1.5081600000000D+04
*---+----+-------------------+-------------------+---------+---------------------
    2    1 1.5081600000000D+04 2.0570000000000D+01
   0.89446    1.0512    1.0332    1.0216    1.0191    1.0209     1.027    1.0421
    1.0594   0.83116
    3    1 1.5081600000000D+04 1.0640861000000D+13
   0.89446    1.0512    1.0332    1.0216    1.0191    1.0209     1.027    1.0421
    1.0594   0.83116
    9    0 1.5081600000000D+04 2.9170000000000D+02
   10    0 1.5081600000000D+04 1.5800000000000D+01
*---+----+-------------------+-------------------+---------+---------------------
*   1: printout of the result at time [hours]
*---+----+-------------------+-------------------+---------+---------------------
    1    0 1.5503000000000D+04
*---+----+-------------------+-------------------+---------+---------------------
    2    1 1.5503000000000D+04 1.9375500000000D+01
   0.80566   0.94893   0.95063   0.96741    0.9961    1.0301    1.0688     1.117
    1.1734   0.94196
    3    1 1.5503000000000D+04 9.8737548000000D+12
   0.80566   0.94893   0.95063   0.96741    0.9961    1.0301    1.0688     1.117
    1.1734   0.94196
    9    0 1.5503000000000D+04 2.8640000000000D+02
   10    0 1.5503000000000D+04 1.5800000000000D+01
*---+----+-------------------+-------------------+---------+---------------------
*   1: printout of the result at time [hours]
*---+----+-------------------+-------------------+---------+---------------------
    1    0 1.5505000000000D+04
*---+----+-------------------+-------------------+---------+---------------------
    2    1 1.5505000000000D+04 2.0083000000000D+01
   0.50316   0.72101   0.85575   0.98382    1.1014    1.1993    1.2668    1.2976
    1.2349   0.83628
    3    1 1.5505000000000D+04 1.1192255900000D+13
   0.50316   0.72101   0.85575   0.98382    1.1014    1.1993    1.2668    1.2976
    1.2349   0.83628
    9    0 1.5505000000000D+04 2.9170000000000D+02
   10    0 1.5505000000000D+04 1.5800000000000D+01
*---+----+-------------------+-------------------+---------+---------------------
*   1: printout of the result at time [hours]
*---+----+-------------------+-------------------+---------+---------------------
    1    0 1.5648000000000D+04
*---+----+-------------------+-------------------+---------+---------------------
    2    1 1.5648000000000D+04 1.9865000000000D+01
   0.69887   0.92615    1.0033    1.0562    1.0959     1.124    1.1425    1.1331
    1.0795    0.7404
    3    1 1.5648000000000D+04 1.1050899500000D+13
   0.69887   0.92615    1.0033    1.0562    1.0959     1.124    1.1425    1.1331
    1.0795    0.7404
    9    0 1.5648000000000D+04 2.9170000000000D+02
   10    0 1.5648000000000D+04 1.5800000000000D+01
*---+----+-------------------+-------------------+---------+---------------------
*   1: printout of the result at time [hours]
*---+----+-------------------+-------------------+---------+---------------------
    1    0 1.9104000000000D+04
*---+----+-------------------+-------------------+---------+---------------------
    2    1 1.9104000000000D+04 1.9998000000000D+01
   0.87334    1.0705    1.0872    1.0714    1.0602    1.0504    1.0424    1.0332
   0.99755   0.71402
    3    1 1.9104000000000D+04 1.1306869200000D+13
   0.87334    1.0705    1.0872    1.0714    1.0602    1.0504    1.0424    1.0332
   0.99755   0.71402
    9    0 1.9104000000000D+04 2.9170000000000D+02
   10    0 1.9104000000000D+04 1.5800000000000D+01
*---+----+-------------------+-------------------+---------+---------------------
*   1: printout of the result at time [hours]
*---+----+-------------------+-------------------+---------+---------------------
    1    0 2.0904000000000D+04
*---+----+-------------------+-------------------+---------+---------------------
    2    1 2.0904000000000D+04 2.0104000000000D+01
   0.90629    1.1006     1.102     1.083    1.0624    1.0433    1.0262    1.0091
   0.96851   0.69872
    3    1 2.0904000000000D+04 1.1475363200000D+13
   0.90629    1.1006     1.102     1.083    1.0624    1.0433    1.0262    1.0091
   0.96851   0.69872
    9    0 2.0904000000000D+04 2.9170000000000D+02
   10    0 2.0904000000000D+04 1.5800000000000D+01
*---+----+-------------------+-------------------+---------+---------------------
*   1: printout of the result at time [hours]
*---+----+-------------------+-------------------+---------+---------------------
    1    0 2.2658400000000D+04
*---+----+-------------------+-------------------+---------+---------------------
    2    1 2.2658400000000D+04 1.9965500000000D+01
   0.87897    1.0264    1.0172    1.0136    1.0202    1.0321    1.0482    1.0692
    1.0817   0.81245
    3    1 2.2658400000000D+04 1.1458200450000D+13
   0.87897    1.0264    1.0172    1.0136    1.0202    1.0321    1.0482    1.0692
    1.0817   0.81245
    9    0 2.2658400000000D+04 2.9170000000000D+02
   10    0 2.2658400000000D+04 1.5800000000000D+01
*---+----+-------------------+-------------------+---------+---------------------
*   1: printout of the result at time [hours]
*---+----+-------------------+-------------------+---------+---------------------
    1    0 2.3601600000000D+04
*---+----+-------------------+-------------------+---------+---------------------
    2    1 2.3601600000000D+04 1.7385200000000D+01
    0.7442   0.86614   0.88213    0.9186    0.9714     1.034    1.1058    1.1909
    1.2729    1.0139
    3    1 2.3601600000000D+04 9.6992030800000D+12
    0.7442   0.86614   0.88213    0.9186    0.9714     1.034    1.1058    1.1909
    1.2729    1.0139
    9    0 2.3601600000000D+04 2.8120000000000D+02
   10    0 2.3601600000000D+04 1.5800000000000D+01
* data point #5422 end
*  00:  last line of data set (finishing the program)
*---+----+-------------------+-------------------+---------+---------------------
00000    0 2.3601600000000D+04
*---+----+-------------------+-------------------+---------+---------------------
