* data point #5854 begin
*
*---+----+-------------------+-------------------+---------+---------------------
*   1: printout of the result at time [hours]
*---+----+-------------------+-------------------+---------+---------------------
    1    0 0.0000000000000D+00
*---+----+-------------------+-------------------+---------+---------------------
    2    1 0.0000000000000D+00 1.9936100000000D+01
   0.63222   0.99749    1.1026    1.1525    1.1792    1.1825    1.1605    1.1062
   0.96654   0.52016
    3    1 0.0000000000000D+00 8.6662226700000D+12
   0.63222   0.99749    1.1026    1.1525    1.1792    1.1825    1.1605    1.1062
   0.96654   0.52016
    9    0 0.0000000000000D+00 2.9170000000000D+02
   10    0 0.0000000000000D+00 1.5800000000000D+01
*---+----+-------------------+-------------------+---------+---------------------
*   1: printout of the result at time [hours]
*---+----+-------------------+-------------------+---------+---------------------
    1    0 1.4400000000000D+02
*---+----+-------------------+-------------------+---------+---------------------
    2    1 1.4400000000000D+02 2.0357500000000D+01
   0.76232    1.1229    1.1761    1.1624    1.1425    1.1143    1.0776    1.0259
   0.90895   0.50713
    3    1 1.4400000000000D+02 8.8555125000000D+12
   0.76232    1.1229    1.1761    1.1624    1.1425    1.1143    1.0776    1.0259
   0.90895   0.50713
    9    0 1.4400000000000D+02 2.9170000000000D+02
   10    0 1.4400000000000D+02 1.5800000000000D+01
*---+----+-------------------+-------------------+---------+---------------------
*   1: printout of the result at time [hours]
*---+----+-------------------+-------------------+---------+---------------------
    1    0 1.4400000000000D+03
*---+----+-------------------+-------------------+---------+---------------------
    2    1 1.4400000000000D+03 2.0533000000000D+01
   0.81113    1.1323    1.1478    1.1277    1.1069    1.0861    1.0634    1.0323
   0.94263   0.54975
    3    1 1.4400000000000D+03 8.9359616000000D+12
   0.81113    1.1323    1.1478    1.1277    1.1069    1.0861    1.0634    1.0323
   0.94263   0.54975
    9    0 1.4400000000000D+03 2.9170000000000D+02
   10    0 1.4400000000000D+03 1.5800000000000D+01
*---+----+-------------------+-------------------+---------+---------------------
*   1: printout of the result at time [hours]
*---+----+-------------------+-------------------+---------+---------------------
    1    0 3.0456000000000D+03
*---+----+-------------------+-------------------+---------+---------------------
    2    1 3.0456000000000D+03 2.0711900000000D+01
   0.84232    1.1114    1.0988    1.0737     1.056    1.0444    1.0402    1.0451
    1.0279    0.6601
    3    1 3.0456000000000D+03 8.9951781700000D+12
   0.84232    1.1114    1.0988    1.0737     1.056    1.0444    1.0402    1.0451
    1.0279    0.6601
    9    0 3.0456000000000D+03 2.9170000000000D+02
   10    0 3.0456000000000D+03 1.5800000000000D+01
*---+----+-------------------+-------------------+---------+---------------------
*   1: printout of the result at time [hours]
*---+----+-------------------+-------------------+---------+---------------------
    1    0 4.9008000000000D+03
*---+----+-------------------+-------------------+---------+---------------------
    2    1 4.9008000000000D+03 1.6019100000000D+01
   0.68918   0.89112   0.91304   0.94531   0.99294    1.0502    1.1183    1.2043
    1.2918    0.9038
    3    1 4.9008000000000D+03 6.6383150400000D+12
   0.68918   0.89112   0.91304   0.94531   0.99294    1.0502    1.1183    1.2043
    1.2918    0.9038
    9    0 4.9008000000000D+03 2.7330000000000D+02
   10    0 4.9008000000000D+03 1.5800000000000D+01
*---+----+-------------------+-------------------+---------+---------------------
*   1: printout of the result at time [hours]
*---+----+-------------------+-------------------+---------+---------------------
    1    0 4.9046000000000D+03
*---+----+-------------------+-------------------+---------+---------------------
    2    1 4.9046000000000D+03 9.6059000000000D+00
     0.538    0.7232   0.77983   0.85385   0.94973    1.0624    1.1927    1.3454
    1.4941    1.0608
    3    1 4.9046000000000D+03 3.9893302700000D+12
     0.538    0.7232   0.77983   0.85385   0.94973    1.0624    1.1927    1.3454
    1.4941    1.0608
    9    0 4.9046000000000D+03 2.8340000000000D+02
   10    0 4.9046000000000D+03 1.5800000000000D+01
*---+----+-------------------+-------------------+---------+---------------------
*   1: printout of the result at time [hours]
*---+----+-------------------+-------------------+---------+---------------------
    1    0 4.9066000000000D+03
*---+----+-------------------+-------------------+---------+---------------------
    2    1 4.9066000000000D+03 2.4814400000000D+01
   0.75887    1.1138    1.1948    1.2112    1.1848    1.1373    1.0712   0.98612
   0.85241   0.48951
    3    1 4.9066000000000D+03 1.1620583520000D+13
   0.75887    1.1138    1.1948    1.2112    1.1848    1.1373    1.0712   0.98612
   0.85241   0.48951
    9    0 4.9066000000000D+03 2.9170000000000D+02
   10    0 4.9066000000000D+03 1.5800000000000D+01
*---+----+-------------------+-------------------+---------+---------------------
*   1: printout of the result at time [hours]
*---+----+-------------------+-------------------+---------+---------------------
    1    0 5.0496000000000D+03
*---+----+-------------------+-------------------+---------+---------------------
    2    1 5.0496000000000D+03 2.5202500000000D+01
   0.86194    1.1935    1.2279    1.1916     1.143     1.085    1.0212   0.94828
    0.8342   0.49348
    3    1 5.0496000000000D+03 1.1817452250000D+13
   0.86194    1.1935    1.2279    1.1916     1.143     1.085    1.0212   0.94828
    0.8342   0.49348
    9    0 5.0496000000000D+03 2.9170000000000D+02
   10    0 5.0496000000000D+03 1.5800000000000D+01
*---+----+-------------------+-------------------+---------+---------------------
*   1: printout of the result at time [hours]
*---+----+-------------------+-------------------+---------+---------------------
    1    0 6.4656000000000D+03
*---+----+-------------------+-------------------+---------+---------------------
    2    1 6.4656000000000D+03 2.4845700000000D+01
   0.86659    1.1394    1.1468    1.1238    1.0965    1.0674    1.0372    1.0028
   0.93336   0.58618
    3    1 6.4656000000000D+03 1.1714747550000D+13
   0.86659    1.1394    1.1468    1.1238    1.0965    1.0674    1.0372    1.0028
   0.93336   0.58618
    9    0 6.4656000000000D+03 2.9170000000000D+02
   10    0 6.4656000000000D+03 1.5800000000000D+01
*---+----+-------------------+-------------------+---------+---------------------
*   1: printout of the result at time [hours]
*---+----+-------------------+-------------------+---------+---------------------
    1    0 7.2912000000000D+03
*---+----+-------------------+-------------------+---------+---------------------
    2    1 7.2912000000000D+03 2.4711800000000D+01
   0.88334    1.1329    1.1242    1.0986    1.0736    1.0502    1.0292    1.0097
   0.96642   0.63184
    3    1 7.2912000000000D+03 1.1671383140000D+13
   0.88334    1.1329    1.1242    1.0986    1.0736    1.0502    1.0292    1.0097
   0.96642   0.63184
    9    0 7.2912000000000D+03 2.9170000000000D+02
   10    0 7.2912000000000D+03 1.5800000000000D+01
*---+----+-------------------+-------------------+---------+---------------------
*   1: printout of the result at time [hours]
*---+----+-------------------+-------------------+---------+---------------------
    1    0 7.9286000000000D+03
*---+----+-------------------+-------------------+---------+---------------------
    2    1 7.9286000000000D+03 2.3525000000000D+01
   0.79069    1.0091    1.0257    1.0357    1.0503    1.0667     1.084    1.1022
    1.0941   0.74159
    3    1 7.9286000000000D+03 1.0894427500000D+13
   0.79069    1.0091    1.0257    1.0357    1.0503    1.0667     1.084    1.1022
    1.0941   0.74159
    9    0 7.9286000000000D+03 2.8320000000000D+02
   10    0 7.9286000000000D+03 1.5800000000000D+01
*---+----+-------------------+-------------------+---------+---------------------
*   1: printout of the result at time [hours]
*---+----+-------------------+-------------------+---------+---------------------
    1    0 7.9306000000000D+03
*---+----+-------------------+-------------------+---------+---------------------
    2    1 7.9306000000000D+03 2.0330000000000D+01
   0.53473   0.80448   0.94884     1.065    1.1572    1.2205    1.2511    1.2229
    1.1118   0.68342
    3    1 7.9306000000000D+03 1.2287452000000D+13
   0.53473   0.80448   0.94884     1.065    1.1572    1.2205    1.2511    1.2229
    1.1118   0.68342
    9    0 7.9306000000000D+03 2.9170000000000D+02
   10    0 7.9306000000000D+03 1.5800000000000D+01
*---+----+-------------------+-------------------+---------+---------------------
*   1: printout of the result at time [hours]
*---+----+-------------------+-------------------+---------+---------------------
    1    0 8.0736000000000D+03
*---+----+-------------------+-------------------+---------+---------------------
    2    1 8.0736000000000D+03 2.0046600000000D+01
   0.70885   0.98745    1.0711    1.1126    1.1331    1.1492    1.1269    1.0903
   0.99528   0.62529
    3    1 8.0736000000000D+03 1.2112155720000D+13
   0.70885   0.98745    1.0711    1.1126    1.1331    1.1492    1.1269    1.0903
   0.99528   0.62529
    9    0 8.0736000000000D+03 2.9170000000000D+02
   10    0 8.0736000000000D+03 1.5800000000000D+01
*---+----+-------------------+-------------------+---------+---------------------
*   1: printout of the result at time [hours]
*---+----+-------------------+-------------------+---------+---------------------
    1    0 1.2969600000000D+04
*---+----+-------------------+-------------------+---------+---------------------
    2    1 1.2969600000000D+04 2.0317300000000D+01
   0.86734    1.1139     1.137    1.1125     1.089    1.0657    1.0423    1.0118
   0.93964    0.6208
    3    1 1.2969600000000D+04 1.2196475190000D+13
   0.86734    1.1139     1.137    1.1125     1.089    1.0657    1.0423    1.0118
   0.93964    0.6208
    9    0 1.2969600000000D+04 2.9170000000000D+02
   10    0 1.2969600000000D+04 1.5800000000000D+01
*---+----+-------------------+-------------------+---------+---------------------
*   1: printout of the result at time [hours]
*---+----+-------------------+-------------------+---------+---------------------
    1    0 1.5621600000000D+04
*---+----+-------------------+-------------------+---------+---------------------
    2    1 1.5621600000000D+04 2.0165500000000D+01
   0.88002    1.0612    1.0476    1.0327    1.0292    1.0343    1.0471    1.0653
    1.0579   0.74469
    3    1 1.5621600000000D+04 1.2008555250000D+13
   0.88002    1.0612    1.0476    1.0327    1.0292    1.0343    1.0471    1.0653
    1.0579   0.74469
    9    0 1.5621600000000D+04 2.9170000000000D+02
   10    0 1.5621600000000D+04 1.5800000000000D+01
*---+----+-------------------+-------------------+---------+---------------------
*   1: printout of the result at time [hours]
*---+----+-------------------+-------------------+---------+---------------------
    1    0 1.6407800000000D+04
*---+----+-------------------+-------------------+---------+---------------------
    2    1 1.6407800000000D+04 1.9013000000000D+01
   0.77321   0.92868   0.93762    0.9585   0.99464    1.0408    1.0963    1.1619
    1.2182   0.89023
    3    1 1.6407800000000D+04 1.0968599700000D+13
   0.77321   0.92868   0.93762    0.9585   0.99464    1.0408    1.0963    1.1619
    1.2182   0.89023
    9    0 1.6407800000000D+04 2.8120000000000D+02
   10    0 1.6407800000000D+04 1.5800000000000D+01
*---+----+-------------------+-------------------+---------+---------------------
*   1: printout of the result at time [hours]
*---+----+-------------------+-------------------+---------+---------------------
    1    0 1.6409800000000D+04
*---+----+-------------------+-------------------+---------+---------------------
    2    1 1.6409800000000D+04 1.9803300000000D+01
   0.43518    0.6049   0.71897    0.8493   0.98989    1.1312    1.2642    1.3786
    1.4579      1.17
    3    1 1.6409800000000D+04 1.0937362590000D+13
   0.43518    0.6049   0.71897    0.8493   0.98989    1.1312    1.2642    1.3786
    1.4579      1.17
    9    0 1.6409800000000D+04 2.9170000000000D+02
   10    0 1.6409800000000D+04 1.5800000000000D+01
*---+----+-------------------+-------------------+---------+---------------------
*   1: printout of the result at time [hours]
*---+----+-------------------+-------------------+---------+---------------------
    1    0 1.6552800000000D+04
*---+----+-------------------+-------------------+---------+---------------------
    2    1 1.6552800000000D+04 1.9895000000000D+01
   0.63956   0.82347   0.89068   0.95582    1.0215    1.0856    1.1468    1.2025
    1.2368   0.99729
    3    1 1.6552800000000D+04 1.0988008500000D+13
   0.63956   0.82347   0.89068   0.95582    1.0215    1.0856    1.1468    1.2025
    1.2368   0.99729
    9    0 1.6552800000000D+04 2.9170000000000D+02
   10    0 1.6552800000000D+04 1.5800000000000D+01
*---+----+-------------------+-------------------+---------+---------------------
*   1: printout of the result at time [hours]
*---+----+-------------------+-------------------+---------+---------------------
    1    0 2.1808800000000D+04
*---+----+-------------------+-------------------+---------+---------------------
    2    1 2.1808800000000D+04 1.9935000000000D+01
   0.90048    1.0652    1.0601    1.0491    1.0385    1.0293    1.0226    1.0181
    1.0015    0.8151
    3    1 2.1808800000000D+04 1.1263275000000D+13
   0.90048    1.0652    1.0601    1.0491    1.0385    1.0293    1.0226    1.0181
    1.0015    0.8151
    9    0 2.1808800000000D+04 2.9170000000000D+02
   10    0 2.1808800000000D+04 1.5800000000000D+01
*---+----+-------------------+-------------------+---------+---------------------
*   1: printout of the result at time [hours]
*---+----+-------------------+-------------------+---------+---------------------
    1    0 2.3690400000000D+04
*---+----+-------------------+-------------------+---------+---------------------
    2    1 2.3690400000000D+04 1.9712000000000D+01
   0.90199     1.028    1.0139    1.0055    1.0052    1.0101     1.021    1.0411
     1.075   0.89808
    3    1 2.3690400000000D+04 1.1168819200000D+13
   0.90199     1.028    1.0139    1.0055    1.0052    1.0101     1.021    1.0411
     1.075   0.89808
    9    0 2.3690400000000D+04 2.9170000000000D+02
   10    0 2.3690400000000D+04 1.5800000000000D+01
*---+----+-------------------+-------------------+---------+---------------------
*   1: printout of the result at time [hours]
*---+----+-------------------+-------------------+---------+---------------------
    1    0 2.4426200000000D+04
*---+----+-------------------+-------------------+---------+---------------------
    2    1 2.4426200000000D+04 1.8255000000000D+01
    0.7943   0.90244   0.90879   0.93295   0.96998    1.0146    1.0672    1.1334
    1.2086    1.0678
    3    1 2.4426200000000D+04 1.0053028500000D+13
    0.7943   0.90244   0.90879   0.93295   0.96998    1.0146    1.0672    1.1334
    1.2086    1.0678
    9    0 2.4426200000000D+04 2.8110000000000D+02
   10    0 2.4426200000000D+04 1.5800000000000D+01
*---+----+-------------------+-------------------+---------+---------------------
*   1: printout of the result at time [hours]
*---+----+-------------------+-------------------+---------+---------------------
    1    0 2.4428200000000D+04
*---+----+-------------------+-------------------+---------+---------------------
    2    1 2.4428200000000D+04 1.6427100000000D+01
    0.4881   0.68314   0.81274   0.94186    1.0656    1.1751    1.2606    1.3172
    1.2828    0.9729
    3    1 2.4428200000000D+04 1.0033672680000D+13
    0.4881   0.68314   0.81274   0.94186    1.0656    1.1751    1.2606    1.3172
    1.2828    0.9729
    9    0 2.4428200000000D+04 2.9170000000000D+02
   10    0 2.4428200000000D+04 1.5800000000000D+01
*---+----+-------------------+-------------------+---------+---------------------
*   1: printout of the result at time [hours]
*---+----+-------------------+-------------------+---------+---------------------
    1    0 2.4571200000000D+04
*---+----+-------------------+-------------------+---------+---------------------
    2    1 2.4571200000000D+04 1.6397100000000D+01
   0.68774   0.89004   0.96548    1.0224    1.0692     1.107    1.1348    1.1541
    1.1148   0.85448
    3    1 2.4571200000000D+04 9.9645176700000D+12
   0.68774   0.89004   0.96548    1.0224    1.0692     1.107    1.1348    1.1541
    1.1148   0.85448
    9    0 2.4571200000000D+04 2.9170000000000D+02
   10    0 2.4571200000000D+04 1.5800000000000D+01
*---+----+-------------------+-------------------+---------+---------------------
*   1: printout of the result at time [hours]
*---+----+-------------------+-------------------+---------+---------------------
    1    0 2.8027200000000D+04
*---+----+-------------------+-------------------+---------+---------------------
    2    1 2.8027200000000D+04 1.7028400000000D+01
   0.87759    1.0457    1.0535    1.0471    1.0408     1.037    1.0364    1.0371
    1.0159   0.80871
    3    1 2.8027200000000D+04 1.0322616080000D+13
   0.87759    1.0457    1.0535    1.0471    1.0408     1.037    1.0364    1.0371
    1.0159   0.80871
    9    0 2.8027200000000D+04 2.9170000000000D+02
   10    0 2.8027200000000D+04 1.5800000000000D+01
*---+----+-------------------+-------------------+---------+---------------------
*   1: printout of the result at time [hours]
*---+----+-------------------+-------------------+---------+---------------------
    1    0 3.0187200000000D+04
*---+----+-------------------+-------------------+---------+---------------------
    2    1 3.0187200000000D+04 1.7445400000000D+01
   0.91852    1.0807    1.0738     1.058     1.043    1.0297    1.0187    1.0094
   0.98112   0.78708
    3    1 3.0187200000000D+04 1.0571912400000D+13
   0.91852    1.0807    1.0738     1.058     1.043    1.0297    1.0187    1.0094
   0.98112   0.78708
    9    0 3.0187200000000D+04 2.9170000000000D+02
   10    0 3.0187200000000D+04 1.5800000000000D+01
*---+----+-------------------+-------------------+---------+---------------------
*   1: printout of the result at time [hours]
*---+----+-------------------+-------------------+---------+---------------------
    1    0 3.1490400000000D+04
*---+----+-------------------+-------------------+---------+---------------------
    2    1 3.1490400000000D+04 1.7525700000000D+01
   0.89834    1.0255     1.016    1.0109    1.0141     1.021    1.0312     1.047
    1.0603   0.87569
    3    1 3.1490400000000D+04 1.0589027940000D+13
   0.89834    1.0255     1.016    1.0109    1.0141     1.021    1.0312     1.047
    1.0603   0.87569
    9    0 3.1490400000000D+04 2.9170000000000D+02
   10    0 3.1490400000000D+04 1.5800000000000D+01
*---+----+-------------------+-------------------+---------+---------------------
*   1: printout of the result at time [hours]
*---+----+-------------------+-------------------+---------+---------------------
    1    0 3.1911800000000D+04
*---+----+-------------------+-------------------+---------+---------------------
    2    1 3.1911800000000D+04 1.6544000000000D+01
   0.80422    0.9207   0.93025    0.9534   0.98833    1.0285     1.073    1.1245
    1.1844   0.99281
    3    1 3.1911800000000D+04 9.8370624000000D+12
   0.80422    0.9207   0.93025    0.9534   0.98833    1.0285     1.073    1.1245
    1.1844   0.99281
    9    0 3.1911800000000D+04 2.8640000000000D+02
   10    0 3.1911800000000D+04 1.5800000000000D+01
*---+----+-------------------+-------------------+---------+---------------------
*   1: printout of the result at time [hours]
*---+----+-------------------+-------------------+---------+---------------------
    1    0 3.1913800000000D+04
*---+----+-------------------+-------------------+---------+---------------------
    2    1 3.1913800000000D+04 1.0320000000000D+00
   0.48643   0.70155   0.84593   0.97578     1.093    1.1899    1.2578    1.2859
    1.2219   0.94186
    3    1 3.1913800000000D+04 6.5511360000000D+11
   0.48643   0.70155   0.84593   0.97578     1.093    1.1899    1.2578    1.2859
    1.2219   0.94186
    9    0 3.1913800000000D+04 2.9170000000000D+02
   10    0 3.1913800000000D+04 1.5800000000000D+01
*---+----+-------------------+-------------------+---------+---------------------
*   1: printout of the result at time [hours]
*---+----+-------------------+-------------------+---------+---------------------
    1    0 3.2056800000000D+04
*---+----+-------------------+-------------------+---------+---------------------
    2    1 3.2056800000000D+04 1.1370000000000D+00
   0.67458   0.89798   0.98769    1.0449    1.0862    1.1152    1.1372    1.1275
    1.0783   0.85048
    3    1 3.2056800000000D+04 6.8538360000000D+11
   0.67458   0.89798   0.98769    1.0449    1.0862    1.1152    1.1372    1.1275
    1.0783   0.85048
    9    0 3.2056800000000D+04 2.9170000000000D+02
   10    0 3.2056800000000D+04 1.5800000000000D+01
*---+----+-------------------+-------------------+---------+---------------------
*   1: printout of the result at time [hours]
*---+----+-------------------+-------------------+---------+---------------------
    1    0 3.5512800000000D+04
*---+----+-------------------+-------------------+---------+---------------------
    2    1 3.5512800000000D+04 1.4680000000000D+00
   0.83243      1.03    1.0634    1.0545     1.049     1.045    1.0436    1.0402
    1.0129   0.82902
    3    1 3.5512800000000D+04 7.8640760000000D+11
   0.83243      1.03    1.0634    1.0545     1.049     1.045    1.0436    1.0402
    1.0129   0.82902
    9    0 3.5512800000000D+04 2.9170000000000D+02
   10    0 3.5512800000000D+04 1.5800000000000D+01
*---+----+-------------------+-------------------+---------+---------------------
*   1: printout of the result at time [hours]
*---+----+-------------------+-------------------+---------+---------------------
    1    0 3.7312800000000D+04
*---+----+-------------------+-------------------+---------+---------------------
    2    1 3.7312800000000D+04 1.6881000000000D+00
    0.8631    1.0586    1.0841    1.0651    1.0509    1.0379    1.0278    1.0165
   0.98513   0.81097
    3    1 3.7312800000000D+04 8.5671075000000D+11
    0.8631    1.0586    1.0841    1.0651    1.0509    1.0379    1.0278    1.0165
   0.98513   0.81097
    9    0 3.7312800000000D+04 2.9170000000000D+02
   10    0 3.7312800000000D+04 1.5800000000000D+01
*---+----+-------------------+-------------------+---------+---------------------
*   1: printout of the result at time [hours]
*---+----+-------------------+-------------------+---------+---------------------
    1    0 3.9067200000000D+04
*---+----+-------------------+-------------------+---------+---------------------
    2    1 3.9067200000000D+04 1.9789000000000D+00
   0.83481   0.99095    0.9955   0.99752    1.0091    1.0263    1.0491    1.0764
     1.093   0.92728
    3    1 3.9067200000000D+04 9.2652098000000D+11
   0.83481   0.99095    0.9955   0.99752    1.0091    1.0263    1.0491    1.0764
     1.093   0.92728
    9    0 3.9067200000000D+04 2.9170000000000D+02
   10    0 3.9067200000000D+04 1.5800000000000D+01
*---+----+-------------------+-------------------+---------+---------------------
*   1: printout of the result at time [hours]
*---+----+-------------------+-------------------+---------+---------------------
    1    0 4.0010400000000D+04
*---+----+-------------------+-------------------+---------+---------------------
    2    1 4.0010400000000D+04 1.6919000000000D+00
   0.71281   0.84343   0.86766   0.90549   0.95987    1.0243    1.0994     1.188
     1.269    1.1301
    3    1 4.0010400000000D+04 7.7590534000000D+11
   0.71281   0.84343   0.86766   0.90549   0.95987    1.0243    1.0994     1.188
     1.269    1.1301
    9    0 4.0010400000000D+04 2.8120000000000D+02
   10    0 4.0010400000000D+04 1.5800000000000D+01
* data point #5854 end
*  00:  last line of data set (finishing the program)
*---+----+-------------------+-------------------+---------+---------------------
00000    0 4.0010400000000D+04
*---+----+-------------------+-------------------+---------+---------------------
