* data point #5593 begin
*
*---+----+-------------------+-------------------+---------+---------------------
*   1: printout of the result at time [hours]
*---+----+-------------------+-------------------+---------+---------------------
    1    0 0.0000000000000D+00
*---+----+-------------------+-------------------+---------+---------------------
    2    1 0.0000000000000D+00 2.5366100000000D+01
   0.56895   0.83612   0.99597    1.1133    1.1975     1.245    1.2427    1.1795
    1.0107   0.61018
    3    1 0.0000000000000D+00 1.1845968700000D+13
   0.56895   0.83612   0.99597    1.1133    1.1975     1.245    1.2427    1.1795
    1.0107   0.61018
    9    0 0.0000000000000D+00 2.9170000000000D+02
   10    0 0.0000000000000D+00 1.5800000000000D+01
*---+----+-------------------+-------------------+---------+---------------------
*   1: printout of the result at time [hours]
*---+----+-------------------+-------------------+---------+---------------------
    1    0 1.4400000000000D+02
*---+----+-------------------+-------------------+---------+---------------------
    2    1 1.4400000000000D+02 2.5721500000000D+01
   0.73017   0.99084    1.0898     1.136     1.157    1.1577    1.1355    1.0776
   0.93945   0.58597
    3    1 1.4400000000000D+02 1.2035089850000D+13
   0.73017   0.99084    1.0898     1.136     1.157    1.1577    1.1355    1.0776
   0.93945   0.58597
    9    0 1.4400000000000D+02 2.9170000000000D+02
   10    0 1.4400000000000D+02 1.5800000000000D+01
*---+----+-------------------+-------------------+---------+---------------------
*   1: printout of the result at time [hours]
*---+----+-------------------+-------------------+---------+---------------------
    1    0 3.6000000000000D+03
*---+----+-------------------+-------------------+---------+---------------------
    2    1 3.6000000000000D+03 2.5704400000000D+01
   0.85775    1.0931     1.109    1.0933    1.0776    1.0648    1.0542    1.0378
   0.97046   0.64191
    3    1 3.6000000000000D+03 1.2122195040000D+13
   0.85775    1.0931     1.109    1.0933    1.0776    1.0648    1.0542    1.0378
   0.97046   0.64191
    9    0 3.6000000000000D+03 2.9170000000000D+02
   10    0 3.6000000000000D+03 1.5800000000000D+01
*---+----+-------------------+-------------------+---------+---------------------
*   1: printout of the result at time [hours]
*---+----+-------------------+-------------------+---------+---------------------
    1    0 5.7600000000000D+03
*---+----+-------------------+-------------------+---------+---------------------
    2    1 5.7600000000000D+03 2.5737400000000D+01
   0.88206    1.1404     1.128    1.0956    1.0683    1.0465    1.0299    1.0144
   0.95876   0.63604
    3    1 5.7600000000000D+03 1.2258723620000D+13
   0.88206    1.1404     1.128    1.0956    1.0683    1.0465    1.0299    1.0144
   0.95876   0.63604
    9    0 5.7600000000000D+03 2.9170000000000D+02
   10    0 5.7600000000000D+03 1.5800000000000D+01
*---+----+-------------------+-------------------+---------+---------------------
*   1: printout of the result at time [hours]
*---+----+-------------------+-------------------+---------+---------------------
    1    0 6.9888000000000D+03
*---+----+-------------------+-------------------+---------+---------------------
    2    1 6.9888000000000D+03 2.5620600000000D+01
   0.87629    1.1171     1.088    1.0585    1.0398    1.0292    1.0277    1.0376
    1.0278   0.69795
    3    1 6.9888000000000D+03 1.2244084740000D+13
   0.87629    1.1171     1.088    1.0585    1.0398    1.0292    1.0277    1.0376
    1.0278   0.69795
    9    0 6.9888000000000D+03 2.9170000000000D+02
   10    0 6.9888000000000D+03 1.5800000000000D+01
*---+----+-------------------+-------------------+---------+---------------------
*   1: printout of the result at time [hours]
*---+----+-------------------+-------------------+---------+---------------------
    1    0 8.4830000000000D+03
*---+----+-------------------+-------------------+---------+---------------------
    2    1 8.4830000000000D+03 2.1521800000000D+01
   0.72508   0.90964   0.91679   0.94216   0.98403    1.0359    1.0996    1.1842
    1.2807    0.9219
    3    1 8.4830000000000D+03 9.8849627400000D+12
   0.72508   0.90964   0.91679   0.94216   0.98403    1.0359    1.0996    1.1842
    1.2807    0.9219
    9    0 8.4830000000000D+03 2.7520000000000D+02
   10    0 8.4830000000000D+03 1.5800000000000D+01
*---+----+-------------------+-------------------+---------+---------------------
*   1: printout of the result at time [hours]
*---+----+-------------------+-------------------+---------+---------------------
    1    0 8.4850000000000D+03
*---+----+-------------------+-------------------+---------+---------------------
    2    1 8.4850000000000D+03 2.1890100000000D+01
   0.68159   0.99173    1.0855    1.1333    1.1582    1.1591    1.1353     1.084
   0.97542   0.59579
    3    1 8.4850000000000D+03 1.3072767720000D+13
   0.68159   0.99173    1.0855    1.1333    1.1582    1.1591    1.1353     1.084
   0.97542   0.59579
    9    0 8.4850000000000D+03 2.9170000000000D+02
   10    0 8.4850000000000D+03 1.5800000000000D+01
*---+----+-------------------+-------------------+---------+---------------------
*   1: printout of the result at time [hours]
*---+----+-------------------+-------------------+---------+---------------------
    1    0 8.6280000000000D+03
*---+----+-------------------+-------------------+---------+---------------------
    2    1 8.6280000000000D+03 2.1194800000000D+01
   0.79916     1.098    1.1471    1.1385    1.1236    1.0989    1.0649    1.0185
   0.92891   0.58241
    3    1 8.6280000000000D+03 1.2651176120000D+13
   0.79916     1.098    1.1471    1.1385    1.1236    1.0989    1.0649    1.0185
   0.92891   0.58241
    9    0 8.6280000000000D+03 2.9170000000000D+02
   10    0 8.6280000000000D+03 1.5800000000000D+01
*---+----+-------------------+-------------------+---------+---------------------
*   1: printout of the result at time [hours]
*---+----+-------------------+-------------------+---------+---------------------
    1    0 9.9240000000000D+03
*---+----+-------------------+-------------------+---------+---------------------
    2    1 9.9240000000000D+03 2.1058300000000D+01
   0.83682    1.0979    1.1217    1.1038    1.0902    1.0745    1.0556    1.0296
    0.9638   0.62598
    3    1 9.9240000000000D+03 1.2512841860000D+13
   0.83682    1.0979    1.1217    1.1038    1.0902    1.0745    1.0556    1.0296
    0.9638   0.62598
    9    0 9.9240000000000D+03 2.9170000000000D+02
   10    0 9.9240000000000D+03 1.5800000000000D+01
*---+----+-------------------+-------------------+---------+---------------------
*   1: printout of the result at time [hours]
*---+----+-------------------+-------------------+---------+---------------------
    1    0 1.1529600000000D+04
*---+----+-------------------+-------------------+---------+---------------------
    2    1 1.1529600000000D+04 2.0811100000000D+01
   0.85738    1.0781    1.0735    1.0585    1.0486    1.0429     1.042    1.0468
    1.0339   0.71841
    3    1 1.1529600000000D+04 1.2261900120000D+13
   0.85738    1.0781    1.0735    1.0585    1.0486    1.0429     1.042    1.0468
    1.0339   0.71841
    9    0 1.1529600000000D+04 2.9170000000000D+02
   10    0 1.1529600000000D+04 1.5800000000000D+01
*---+----+-------------------+-------------------+---------+---------------------
*   1: printout of the result at time [hours]
*---+----+-------------------+-------------------+---------+---------------------
    1    0 1.3384800000000D+04
*---+----+-------------------+-------------------+---------+---------------------
    2    1 1.3384800000000D+04 1.6935300000000D+01
   0.69299   0.85886   0.88661    0.9254   0.97914    1.0426    1.1166    1.2066
    1.3064   0.98487
    3    1 1.3384800000000D+04 9.4109462100000D+12
   0.69299   0.85886   0.88661    0.9254   0.97914    1.0426    1.1166    1.2066
    1.3064   0.98487
    9    0 1.3384800000000D+04 2.7330000000000D+02
   10    0 1.3384800000000D+04 1.5800000000000D+01
*---+----+-------------------+-------------------+---------+---------------------
*   1: printout of the result at time [hours]
*---+----+-------------------+-------------------+---------+---------------------
    1    0 1.3388600000000D+04
*---+----+-------------------+-------------------+---------+---------------------
    2    1 1.3388600000000D+04 1.0459200000000D+01
   0.53924   0.69527   0.75532   0.83352   0.93372    1.0517    1.1879    1.3457
    1.4964    1.1612
    3    1 1.3388600000000D+04 5.8048560000000D+12
   0.53924   0.69527   0.75532   0.83352   0.93372    1.0517    1.1879    1.3457
    1.4964    1.1612
    9    0 1.3388600000000D+04 2.8340000000000D+02
   10    0 1.3388600000000D+04 1.5800000000000D+01
*---+----+-------------------+-------------------+---------+---------------------
*   1: printout of the result at time [hours]
*---+----+-------------------+-------------------+---------+---------------------
    1    0 1.3390600000000D+04
*---+----+-------------------+-------------------+---------+---------------------
    2    1 1.3390600000000D+04 2.2960400000000D+01
   0.78304    1.0419     1.114    1.1465    1.1506    1.1266    1.0837     1.023
   0.92694   0.60369
    3    1 1.3390600000000D+04 1.2251669440000D+13
   0.78304    1.0419     1.114    1.1465    1.1506    1.1266    1.0837     1.023
   0.92694   0.60369
    9    0 1.3390600000000D+04 2.9170000000000D+02
   10    0 1.3390600000000D+04 1.5800000000000D+01
*---+----+-------------------+-------------------+---------+---------------------
*   1: printout of the result at time [hours]
*---+----+-------------------+-------------------+---------+---------------------
    1    0 1.3533600000000D+04
*---+----+-------------------+-------------------+---------+---------------------
    2    1 1.3533600000000D+04 2.3121100000000D+01
   0.88703    1.1231    1.1538    1.1383    1.1132    1.0765    1.0321   0.97984
   0.89888   0.59733
    3    1 1.3533600000000D+04 1.2318922080000D+13
   0.88703    1.1231    1.1538    1.1383    1.1132    1.0765    1.0321   0.97984
   0.89888   0.59733
    9    0 1.3533600000000D+04 2.9170000000000D+02
   10    0 1.3533600000000D+04 1.5800000000000D+01
*---+----+-------------------+-------------------+---------+---------------------
*   1: printout of the result at time [hours]
*---+----+-------------------+-------------------+---------+---------------------
    1    0 1.4949600000000D+04
*---+----+-------------------+-------------------+---------+---------------------
    2    1 1.4949600000000D+04 2.2772300000000D+01
    0.8902    1.0768    1.0825    1.0762    1.0672    1.0554    1.0417    1.0262
   0.99033   0.69343
    3    1 1.4949600000000D+04 1.2142190360000D+13
    0.8902    1.0768    1.0825    1.0762    1.0672    1.0554    1.0417    1.0262
   0.99033   0.69343
    9    0 1.4949600000000D+04 2.9170000000000D+02
   10    0 1.4949600000000D+04 1.5800000000000D+01
*---+----+-------------------+-------------------+---------+---------------------
*   1: printout of the result at time [hours]
*---+----+-------------------+-------------------+---------+---------------------
    1    0 1.5775200000000D+04
*---+----+-------------------+-------------------+---------+---------------------
    2    1 1.5775200000000D+04 2.2600500000000D+01
   0.90622    1.0724    1.0635    1.0536    1.0454    1.0379    1.0321    1.0302
    1.0192    0.7395
    3    1 1.5775200000000D+04 1.2037026300000D+13
   0.90622    1.0724    1.0635    1.0536    1.0454    1.0379    1.0321    1.0302
    1.0192    0.7395
    9    0 1.5775200000000D+04 2.9170000000000D+02
   10    0 1.5775200000000D+04 1.5800000000000D+01
*---+----+-------------------+-------------------+---------+---------------------
*   1: printout of the result at time [hours]
*---+----+-------------------+-------------------+---------+---------------------
    1    0 1.6412600000000D+04
*---+----+-------------------+-------------------+---------+---------------------
    2    1 1.6412600000000D+04 2.1503300000000D+01
   0.80774   0.95064   0.96492    0.9872    1.0161    1.0474    1.0807    1.1188
    1.1591   0.86736
    3    1 1.6412600000000D+04 1.1201068970000D+13
   0.80774   0.95064   0.96492    0.9872    1.0161    1.0474    1.0807    1.1188
    1.1591   0.86736
    9    0 1.6412600000000D+04 2.8320000000000D+02
   10    0 1.6412600000000D+04 1.5800000000000D+01
*---+----+-------------------+-------------------+---------+---------------------
*   1: printout of the result at time [hours]
*---+----+-------------------+-------------------+---------+---------------------
    1    0 1.6414600000000D+04
*---+----+-------------------+-------------------+---------+---------------------
    2    1 1.6414600000000D+04 1.7262000000000D+01
   0.44305    0.6158   0.73219    0.8616   0.99896    1.1352    1.2609    1.3652
    1.4319    1.1553
    3    1 1.6414600000000D+04 1.0067198400000D+13
   0.44305    0.6158   0.73219    0.8616   0.99896    1.1352    1.2609    1.3652
    1.4319    1.1553
    9    0 1.6414600000000D+04 2.9170000000000D+02
   10    0 1.6414600000000D+04 1.5800000000000D+01
*---+----+-------------------+-------------------+---------+---------------------
*   1: printout of the result at time [hours]
*---+----+-------------------+-------------------+---------+---------------------
    1    0 1.6557600000000D+04
*---+----+-------------------+-------------------+---------+---------------------
    2    1 1.6557600000000D+04 1.7496900000000D+01
    0.6464   0.83278   0.90176   0.96509    1.0273    1.0869    1.1427    1.1914
    1.2188   0.98692
    3    1 1.6557600000000D+04 1.0190194560000D+13
    0.6464   0.83278   0.90176   0.96509    1.0273    1.0869    1.1427    1.1914
    1.2188   0.98692
    9    0 1.6557600000000D+04 2.9170000000000D+02
   10    0 1.6557600000000D+04 1.5800000000000D+01
*---+----+-------------------+-------------------+---------+---------------------
*   1: printout of the result at time [hours]
*---+----+-------------------+-------------------+---------+---------------------
    1    0 2.1813600000000D+04
*---+----+-------------------+-------------------+---------+---------------------
    2    1 2.1813600000000D+04 1.7698500000000D+01
   0.89787    1.0594    1.0596    1.0487    1.0383    1.0294    1.0231    1.0189
    1.0034   0.82126
    3    1 2.1813600000000D+04 1.0373090850000D+13
   0.89787    1.0594    1.0596    1.0487    1.0383    1.0294    1.0231    1.0189
    1.0034   0.82126
    9    0 2.1813600000000D+04 2.9170000000000D+02
   10    0 2.1813600000000D+04 1.5800000000000D+01
*---+----+-------------------+-------------------+---------+---------------------
*   1: printout of the result at time [hours]
*---+----+-------------------+-------------------+---------+---------------------
    1    0 2.3695200000000D+04
*---+----+-------------------+-------------------+---------+---------------------
    2    1 2.3695200000000D+04 1.7703700000000D+01
   0.89834    1.0245    1.0116    1.0035    1.0038    1.0096    1.0215    1.0429
    1.0767   0.90755
    3    1 2.3695200000000D+04 1.0349583020000D+13
   0.89834    1.0245    1.0116    1.0035    1.0038    1.0096    1.0215    1.0429
    1.0767   0.90755
    9    0 2.3695200000000D+04 2.9170000000000D+02
   10    0 2.3695200000000D+04 1.5800000000000D+01
*---+----+-------------------+-------------------+---------+---------------------
*   1: printout of the result at time [hours]
*---+----+-------------------+-------------------+---------+---------------------
    1    0 2.4431000000000D+04
*---+----+-------------------+-------------------+---------+---------------------
    2    1 2.4431000000000D+04 1.6337200000000D+01
   0.79163   0.89942   0.90634   0.93045   0.96779     1.013    1.0665     1.134
    1.2127    1.0781
    3    1 2.4431000000000D+04 9.2778958800000D+12
   0.79163   0.89942   0.90634   0.93045   0.96779     1.013    1.0665     1.134
    1.2127    1.0781
    9    0 2.4431000000000D+04 2.8110000000000D+02
   10    0 2.4431000000000D+04 1.5800000000000D+01
*---+----+-------------------+-------------------+---------+---------------------
*   1: printout of the result at time [hours]
*---+----+-------------------+-------------------+---------+---------------------
    1    0 2.4433000000000D+04
*---+----+-------------------+-------------------+---------+---------------------
    2    1 2.4433000000000D+04 2.4342000000000D+00
   0.53365   0.72796   0.86435   0.98636    1.0932    1.1786    1.2333    1.2427
    1.1914   0.94857
    3    1 2.4433000000000D+04 1.4916777600000D+12
   0.53365   0.72796   0.86435   0.98636    1.0932    1.1786    1.2333    1.2427
    1.1914   0.94857
    9    0 2.4433000000000D+04 2.9170000000000D+02
   10    0 2.4433000000000D+04 1.5800000000000D+01
*---+----+-------------------+-------------------+---------+---------------------
*   1: printout of the result at time [hours]
*---+----+-------------------+-------------------+---------+---------------------
    1    0 2.4576000000000D+04
*---+----+-------------------+-------------------+---------+---------------------
    2    1 2.4576000000000D+04 2.6235000000000D+00
   0.73032   0.92014   0.99867    1.0471    1.0795    1.1008    1.1187    1.0966
    1.0524   0.85573
    3    1 2.4576000000000D+04 1.5242535000000D+12
   0.73032   0.92014   0.99867    1.0471    1.0795    1.1008    1.1187    1.0966
    1.0524   0.85573
    9    0 2.4576000000000D+04 2.9170000000000D+02
   10    0 2.4576000000000D+04 1.5800000000000D+01
*---+----+-------------------+-------------------+---------+---------------------
*   1: printout of the result at time [hours]
*---+----+-------------------+-------------------+---------+---------------------
    1    0 2.8032000000000D+04
*---+----+-------------------+-------------------+---------+---------------------
    2    1 2.8032000000000D+04 3.3725000000000D+00
   0.87116    1.0514    1.0802    1.0654    1.0526    1.0411     1.031    1.0173
   0.98265   0.80712
    3    1 2.8032000000000D+04 1.7655037500000D+12
   0.87116    1.0514    1.0802    1.0654    1.0526    1.0411     1.031    1.0173
   0.98265   0.80712
    9    0 2.8032000000000D+04 2.9170000000000D+02
   10    0 2.8032000000000D+04 1.5800000000000D+01
*---+----+-------------------+-------------------+---------+---------------------
*   1: printout of the result at time [hours]
*---+----+-------------------+-------------------+---------+---------------------
    1    0 2.9832000000000D+04
*---+----+-------------------+-------------------+---------+---------------------
    2    1 2.9832000000000D+04 3.8880000000000D+00
   0.88966     1.088    1.1121    1.0856    1.0615    1.0383     1.017   0.99306
   0.94624   0.76852
    3    1 2.9832000000000D+04 1.9156176000000D+12
   0.88966     1.088    1.1121    1.0856    1.0615    1.0383     1.017   0.99306
   0.94624   0.76852
    9    0 2.9832000000000D+04 2.9170000000000D+02
   10    0 2.9832000000000D+04 1.5800000000000D+01
*---+----+-------------------+-------------------+---------+---------------------
*   1: printout of the result at time [hours]
*---+----+-------------------+-------------------+---------+---------------------
    1    0 3.1586400000000D+04
*---+----+-------------------+-------------------+---------+---------------------
    2    1 3.1586400000000D+04 4.4797000000000D+00
   0.84872    1.0085    1.0115    1.0108     1.019    1.0331    1.0505     1.069
     1.065   0.88376
    3    1 3.1586400000000D+04 2.0548383900000D+12
   0.84872    1.0085    1.0115    1.0108     1.019    1.0331    1.0505     1.069
     1.065   0.88376
    9    0 3.1586400000000D+04 2.9170000000000D+02
   10    0 3.1586400000000D+04 1.5800000000000D+01
*---+----+-------------------+-------------------+---------+---------------------
*   1: printout of the result at time [hours]
*---+----+-------------------+-------------------+---------+---------------------
    1    0 3.2529600000000D+04
*---+----+-------------------+-------------------+---------+---------------------
    2    1 3.2529600000000D+04 3.8574000000000D+00
   0.71784   0.85083    0.8752   0.91305   0.96671    1.0305    1.1033    1.1863
     1.268    1.0883
    3    1 3.2529600000000D+04 1.7261865000000D+12
   0.71784   0.85083    0.8752   0.91305   0.96671    1.0305    1.1033    1.1863
     1.268    1.0883
    9    0 3.2529600000000D+04 2.8120000000000D+02
   10    0 3.2529600000000D+04 1.5800000000000D+01
* data point #5593 end
*  00:  last line of data set (finishing the program)
*---+----+-------------------+-------------------+---------+---------------------
00000    0 3.2529600000000D+04
*---+----+-------------------+-------------------+---------+---------------------
