* data point #5525 begin
*
*---+----+-------------------+-------------------+---------+---------------------
*   1: printout of the result at time [hours]
*---+----+-------------------+-------------------+---------+---------------------
    1    0 0.0000000000000D+00
*---+----+-------------------+-------------------+---------+---------------------
    2    1 0.0000000000000D+00 1.7606000000000D+01
   0.46513   0.77883   0.93599    1.0588    1.1607    1.2366    1.2809    1.2628
    1.1379   0.68232
    3    1 0.0000000000000D+00 8.9737782000000D+12
   0.46513   0.77883   0.93599    1.0588    1.1607    1.2366    1.2809    1.2628
    1.1379   0.68232
    9    0 0.0000000000000D+00 2.9170000000000D+02
   10    0 0.0000000000000D+00 1.5800000000000D+01
*---+----+-------------------+-------------------+---------+---------------------
*   1: printout of the result at time [hours]
*---+----+-------------------+-------------------+---------+---------------------
    1    0 1.4400000000000D+02
*---+----+-------------------+-------------------+---------+---------------------
    2    1 1.4400000000000D+02 1.7339500000000D+01
   0.65279   0.99818    1.0897     1.126    1.1426    1.1462    1.1359    1.1011
   0.99415    0.6134
    3    1 1.4400000000000D+02 8.8552826500000D+12
   0.65279   0.99818    1.0897     1.126    1.1426    1.1462    1.1359    1.1011
   0.99415    0.6134
    9    0 1.4400000000000D+02 2.9170000000000D+02
   10    0 1.4400000000000D+02 1.5800000000000D+01
*---+----+-------------------+-------------------+---------+---------------------
*   1: printout of the result at time [hours]
*---+----+-------------------+-------------------+---------+---------------------
    1    0 3.6000000000000D+03
*---+----+-------------------+-------------------+---------+---------------------
    2    1 3.6000000000000D+03 1.7304400000000D+01
   0.83568    1.1402    1.1472    1.1173    1.0866    1.0594    1.0357    1.0099
   0.94248   0.62556
    3    1 3.6000000000000D+03 8.7542959600000D+12
   0.83568    1.1402    1.1472    1.1173    1.0866    1.0594    1.0357    1.0099
   0.94248   0.62556
    9    0 3.6000000000000D+03 2.9170000000000D+02
   10    0 3.6000000000000D+03 1.5800000000000D+01
*---+----+-------------------+-------------------+---------+---------------------
*   1: printout of the result at time [hours]
*---+----+-------------------+-------------------+---------+---------------------
    1    0 5.7600000000000D+03
*---+----+-------------------+-------------------+---------+---------------------
    2    1 5.7600000000000D+03 1.7232600000000D+01
   0.87752    1.1636    1.1522    1.1156    1.0802    1.0478    1.0186   0.98917
   0.92546   0.62991
    3    1 5.7600000000000D+03 8.6852304000000D+12
   0.87752    1.1636    1.1522    1.1156    1.0802    1.0478    1.0186   0.98917
   0.92546   0.62991
    9    0 5.7600000000000D+03 2.9170000000000D+02
   10    0 5.7600000000000D+03 1.5800000000000D+01
*---+----+-------------------+-------------------+---------+---------------------
*   1: printout of the result at time [hours]
*---+----+-------------------+-------------------+---------+---------------------
    1    0 7.0632000000000D+03
*---+----+-------------------+-------------------+---------+---------------------
    2    1 7.0632000000000D+03 1.7316200000000D+01
    0.8637    1.1087    1.0905    1.0674    1.0527    1.0423    1.0349    1.0307
    1.0014   0.70766
    3    1 7.0632000000000D+03 8.7152434600000D+12
    0.8637    1.1087    1.0905    1.0674    1.0527    1.0423    1.0349    1.0307
    1.0014   0.70766
    9    0 7.0632000000000D+03 2.9170000000000D+02
   10    0 7.0632000000000D+03 1.5800000000000D+01
*---+----+-------------------+-------------------+---------+---------------------
*   1: printout of the result at time [hours]
*---+----+-------------------+-------------------+---------+---------------------
    1    0 7.4846000000000D+03
*---+----+-------------------+-------------------+---------+---------------------
    2    1 7.4846000000000D+03 1.6468800000000D+01
   0.77717   0.99752    1.0046    1.0136    1.0333    1.0573    1.0839    1.1135
    1.1139   0.80528
    3    1 7.4846000000000D+03 8.1504091200000D+12
   0.77717   0.99752    1.0046    1.0136    1.0333    1.0573    1.0839    1.1135
    1.1139   0.80528
    9    0 7.4846000000000D+03 2.8640000000000D+02
   10    0 7.4846000000000D+03 1.5800000000000D+01
*---+----+-------------------+-------------------+---------+---------------------
*   1: printout of the result at time [hours]
*---+----+-------------------+-------------------+---------+---------------------
    1    0 7.4866000000000D+03
*---+----+-------------------+-------------------+---------+---------------------
    2    1 7.4866000000000D+03 2.4040200000000D+01
   0.47246   0.72229   0.86097     0.995    1.1201    1.2239    1.2939     1.321
    1.2336   0.75673
    3    1 7.4866000000000D+03 1.1726809560000D+13
   0.47246   0.72229   0.86097     0.995    1.1201    1.2239    1.2939     1.321
    1.2336   0.75673
    9    0 7.4866000000000D+03 2.9170000000000D+02
   10    0 7.4866000000000D+03 1.5800000000000D+01
*---+----+-------------------+-------------------+---------+---------------------
*   1: printout of the result at time [hours]
*---+----+-------------------+-------------------+---------+---------------------
    1    0 7.6296000000000D+03
*---+----+-------------------+-------------------+---------+---------------------
    2    1 7.6296000000000D+03 2.4182800000000D+01
   0.66704   0.94121    1.0217    1.0765    1.1178    1.1452      1.16    1.1434
    1.0651   0.66208
    3    1 7.6296000000000D+03 1.1786696720000D+13
   0.66704   0.94121    1.0217    1.0765    1.1178    1.1452      1.16    1.1434
    1.0651   0.66208
    9    0 7.6296000000000D+03 2.9170000000000D+02
   10    0 7.6296000000000D+03 1.5800000000000D+01
*---+----+-------------------+-------------------+---------+---------------------
*   1: printout of the result at time [hours]
*---+----+-------------------+-------------------+---------+---------------------
    1    0 1.1085600000000D+04
*---+----+-------------------+-------------------+---------+---------------------
    2    1 1.1085600000000D+04 2.3179400000000D+01
   0.86391    1.0874     1.091    1.0795     1.068    1.0578     1.049    1.0388
   0.99558     0.669
    3    1 1.1085600000000D+04 1.1448305660000D+13
   0.86391    1.0874     1.091    1.0795     1.068    1.0578     1.049    1.0388
   0.99558     0.669
    9    0 1.1085600000000D+04 2.9170000000000D+02
   10    0 1.1085600000000D+04 1.5800000000000D+01
*---+----+-------------------+-------------------+---------+---------------------
*   1: printout of the result at time [hours]
*---+----+-------------------+-------------------+---------+---------------------
    1    0 1.2885600000000D+04
*---+----+-------------------+-------------------+---------+---------------------
    2    1 1.2885600000000D+04 2.2540600000000D+01
   0.90583    1.1061    1.0954    1.0774    1.0605    1.0451    1.0316     1.019
   0.98099   0.67802
    3    1 1.2885600000000D+04 1.1209440380000D+13
   0.90583    1.1061    1.0954    1.0774    1.0605    1.0451    1.0316     1.019
   0.98099   0.67802
    9    0 1.2885600000000D+04 2.9170000000000D+02
   10    0 1.2885600000000D+04 1.5800000000000D+01
*---+----+-------------------+-------------------+---------+---------------------
*   1: printout of the result at time [hours]
*---+----+-------------------+-------------------+---------+---------------------
    1    0 1.4640000000000D+04
*---+----+-------------------+-------------------+---------+---------------------
    2    1 1.4640000000000D+04 2.2164100000000D+01
   0.89153    1.0419    1.0263    1.0189    1.0214    1.0294    1.0424    1.0627
    1.0784   0.78708
    3    1 1.4640000000000D+04 1.1079833590000D+13
   0.89153    1.0419    1.0263    1.0189    1.0214    1.0294    1.0424    1.0627
    1.0784   0.78708
    9    0 1.4640000000000D+04 2.9170000000000D+02
   10    0 1.4640000000000D+04 1.5800000000000D+01
*---+----+-------------------+-------------------+---------+---------------------
*   1: printout of the result at time [hours]
*---+----+-------------------+-------------------+---------+---------------------
    1    0 1.5583200000000D+04
*---+----+-------------------+-------------------+---------+---------------------
    2    1 1.5583200000000D+04 1.9042200000000D+01
   0.75622   0.88131   0.89202   0.92484   0.97363    1.0318    1.0992    1.1811
    1.2789   0.98093
    3    1 1.5583200000000D+04 9.2430838800000D+12
   0.75622   0.88131   0.89202   0.92484   0.97363    1.0318    1.0992    1.1811
    1.2789   0.98093
    9    0 1.5583200000000D+04 2.8120000000000D+02
   10    0 1.5583200000000D+04 1.5800000000000D+01
* data point #5525 end
*  00:  last line of data set (finishing the program)
*---+----+-------------------+-------------------+---------+---------------------
00000    0 1.5583200000000D+04
*---+----+-------------------+-------------------+---------+---------------------
