* data point #5038 begin
*
*---+----+-------------------+-------------------+---------+---------------------
*   1: printout of the result at time [hours]
*---+----+-------------------+-------------------+---------+---------------------
    1    0 0.0000000000000D+00
*---+----+-------------------+-------------------+---------+---------------------
    2    1 0.0000000000000D+00 2.6344600000000D+01
   0.51464   0.72394   0.86075   0.98362    1.0974    1.1953    1.2672    1.3027
    1.2283   0.82613
    3    1 0.0000000000000D+00 1.2397768760000D+13
   0.51464   0.72394   0.86075   0.98362    1.0974    1.1953    1.2672    1.3027
    1.2283   0.82613
    9    0 0.0000000000000D+00 2.9170000000000D+02
   10    0 0.0000000000000D+00 1.5800000000000D+01
*---+----+-------------------+-------------------+---------+---------------------
*   1: printout of the result at time [hours]
*---+----+-------------------+-------------------+---------+---------------------
    1    0 1.4400000000000D+02
*---+----+-------------------+-------------------+---------+---------------------
    2    1 1.4400000000000D+02 2.5940900000000D+01
   0.72619   0.94029    1.0177    1.0618     1.094    1.1177    1.1352    1.1257
    1.0591   0.72226
    3    1 1.4400000000000D+02 1.2264857520000D+13
   0.72619   0.94029    1.0177    1.0618     1.094    1.1177    1.1352    1.1257
    1.0591   0.72226
    9    0 1.4400000000000D+02 2.9170000000000D+02
   10    0 1.4400000000000D+02 1.5800000000000D+01
*---+----+-------------------+-------------------+---------+---------------------
*   1: printout of the result at time [hours]
*---+----+-------------------+-------------------+---------+---------------------
    1    0 5.4000000000000D+03
*---+----+-------------------+-------------------+---------+---------------------
    2    1 5.4000000000000D+03 2.6012700000000D+01
   0.88795    1.1521     1.156    1.1236    1.0891    1.0566    1.0262   0.99232
   0.91659   0.59959
    3    1 5.4000000000000D+03 1.3188438900000D+13
   0.88795    1.1521     1.156    1.1236    1.0891    1.0566    1.0262   0.99232
   0.91659   0.59959
    9    0 5.4000000000000D+03 2.9170000000000D+02
   10    0 5.4000000000000D+03 1.5800000000000D+01
*---+----+-------------------+-------------------+---------+---------------------
*   1: printout of the result at time [hours]
*---+----+-------------------+-------------------+---------+---------------------
    1    0 7.2816000000000D+03
*---+----+-------------------+-------------------+---------+---------------------
    2    1 7.2816000000000D+03 2.5598100000000D+01
   0.87577    1.1089    1.0896    1.0662    1.0509    1.0411    1.0364     1.037
    1.0132   0.68107
    3    1 7.2816000000000D+03 1.3154863590000D+13
   0.87577    1.1089    1.0896    1.0662    1.0509    1.0411    1.0364     1.037
    1.0132   0.68107
    9    0 7.2816000000000D+03 2.9170000000000D+02
   10    0 7.2816000000000D+03 1.5800000000000D+01
*---+----+-------------------+-------------------+---------+---------------------
*   1: printout of the result at time [hours]
*---+----+-------------------+-------------------+---------+---------------------
    1    0 8.0174000000000D+03
*---+----+-------------------+-------------------+---------+---------------------
    2    1 8.0174000000000D+03 2.3999200000000D+01
   0.77128   0.97128   0.97924   0.99337    1.0196    1.0523    1.0909    1.1378
    1.1677   0.81649
    3    1 8.0174000000000D+03 1.2001999920000D+13
   0.77128   0.97128   0.97924   0.99337    1.0196    1.0523    1.0909    1.1378
    1.1677   0.81649
    9    0 8.0174000000000D+03 2.8110000000000D+02
   10    0 8.0174000000000D+03 1.5800000000000D+01
*---+----+-------------------+-------------------+---------+---------------------
*   1: printout of the result at time [hours]
*---+----+-------------------+-------------------+---------+---------------------
    1    0 8.0194000000000D+03
*---+----+-------------------+-------------------+---------+---------------------
    2    1 8.0194000000000D+03 2.1871400000000D+01
   0.44798   0.71056   0.85856   0.99331    1.1169      1.22    1.2913    1.3205
    1.2305   0.81037
    3    1 8.0194000000000D+03 1.1919913000000D+13
   0.44798   0.71056   0.85856   0.99331    1.1169      1.22    1.2913    1.3205
    1.2305   0.81037
    9    0 8.0194000000000D+03 2.9170000000000D+02
   10    0 8.0194000000000D+03 1.5800000000000D+01
*---+----+-------------------+-------------------+---------+---------------------
*   1: printout of the result at time [hours]
*---+----+-------------------+-------------------+---------+---------------------
    1    0 8.1624000000000D+03
*---+----+-------------------+-------------------+---------+---------------------
    2    1 8.1624000000000D+03 2.1842200000000D+01
   0.63748   0.93081    1.0227     1.078    1.1171    1.1431    1.1581    1.1425
    1.0618   0.70831
    3    1 8.1624000000000D+03 1.1919288540000D+13
   0.63748   0.93081    1.0227     1.078    1.1171    1.1431    1.1581    1.1425
    1.0618   0.70831
    9    0 8.1624000000000D+03 2.9170000000000D+02
   10    0 8.1624000000000D+03 1.5800000000000D+01
*---+----+-------------------+-------------------+---------+---------------------
*   1: printout of the result at time [hours]
*---+----+-------------------+-------------------+---------+---------------------
    1    0 1.1618400000000D+04
*---+----+-------------------+-------------------+---------+---------------------
    2    1 1.1618400000000D+04 2.0565700000000D+01
   0.84519    1.0802    1.0852     1.072    1.0599    1.0504    1.0439     1.038
    1.0007   0.72456
    3    1 1.1618400000000D+04 1.1313191570000D+13
   0.84519    1.0802    1.0852     1.072    1.0599    1.0504    1.0439     1.038
    1.0007   0.72456
    9    0 1.1618400000000D+04 2.9170000000000D+02
   10    0 1.1618400000000D+04 1.5800000000000D+01
*---+----+-------------------+-------------------+---------+---------------------
*   1: printout of the result at time [hours]
*---+----+-------------------+-------------------+---------+---------------------
    1    0 1.3778400000000D+04
*---+----+-------------------+-------------------+---------+---------------------
    2    1 1.3778400000000D+04 1.9760600000000D+01
   0.89972    1.0949    1.0791    1.0609    1.0464    1.0342    1.0249    1.0189
   0.99324   0.74785
    3    1 1.3778400000000D+04 1.0913779380000D+13
   0.89972    1.0949    1.0791    1.0609    1.0464    1.0342    1.0249    1.0189
   0.99324   0.74785
    9    0 1.3778400000000D+04 2.9170000000000D+02
   10    0 1.3778400000000D+04 1.5800000000000D+01
*---+----+-------------------+-------------------+---------+---------------------
*   1: printout of the result at time [hours]
*---+----+-------------------+-------------------+---------+---------------------
    1    0 1.5081600000000D+04
*---+----+-------------------+-------------------+---------+---------------------
    2    1 1.5081600000000D+04 1.9624900000000D+01
   0.89448    1.0513    1.0331    1.0217    1.0191    1.0208     1.027     1.042
    1.0594   0.83114
    3    1 1.5081600000000D+04 1.0862382150000D+13
   0.89448    1.0513    1.0331    1.0217    1.0191    1.0208     1.027     1.042
    1.0594   0.83114
    9    0 1.5081600000000D+04 2.9170000000000D+02
   10    0 1.5081600000000D+04 1.5800000000000D+01
*---+----+-------------------+-------------------+---------+---------------------
*   1: printout of the result at time [hours]
*---+----+-------------------+-------------------+---------+---------------------
    1    0 1.5503000000000D+04
*---+----+-------------------+-------------------+---------+---------------------
    2    1 1.5503000000000D+04 1.8493800000000D+01
   0.80562   0.94891   0.95064   0.96741   0.99612    1.0301    1.0687     1.117
    1.1735   0.94199
    3    1 1.5503000000000D+04 1.0075422240000D+13
   0.80562   0.94891   0.95064   0.96741   0.99612    1.0301    1.0687     1.117
    1.1735   0.94199
    9    0 1.5503000000000D+04 2.8640000000000D+02
   10    0 1.5503000000000D+04 1.5800000000000D+01
*---+----+-------------------+-------------------+---------+---------------------
*   1: printout of the result at time [hours]
*---+----+-------------------+-------------------+---------+---------------------
    1    0 1.5505000000000D+04
*---+----+-------------------+-------------------+---------+---------------------
    2    1 1.5505000000000D+04 1.8124400000000D+01
   0.50313   0.72102   0.85575   0.98381    1.1014    1.1993    1.2668    1.2976
    1.2349   0.83628
    3    1 1.5505000000000D+04 1.0787642880000D+13
   0.50313   0.72102   0.85575   0.98381    1.1014    1.1993    1.2668    1.2976
    1.2349   0.83628
    9    0 1.5505000000000D+04 2.9170000000000D+02
   10    0 1.5505000000000D+04 1.5800000000000D+01
*---+----+-------------------+-------------------+---------+---------------------
*   1: printout of the result at time [hours]
*---+----+-------------------+-------------------+---------+---------------------
    1    0 1.5648000000000D+04
*---+----+-------------------+-------------------+---------+---------------------
    2    1 1.5648000000000D+04 1.8019000000000D+01
   0.69887   0.92613    1.0033    1.0562     1.096     1.124    1.1425    1.1331
    1.0795   0.74039
    3    1 1.5648000000000D+04 1.0697880300000D+13
   0.69887   0.92613    1.0033    1.0562     1.096     1.124    1.1425    1.1331
    1.0795   0.74039
    9    0 1.5648000000000D+04 2.9170000000000D+02
   10    0 1.5648000000000D+04 1.5800000000000D+01
*---+----+-------------------+-------------------+---------+---------------------
*   1: printout of the result at time [hours]
*---+----+-------------------+-------------------+---------+---------------------
    1    0 1.9104000000000D+04
*---+----+-------------------+-------------------+---------+---------------------
    2    1 1.9104000000000D+04 1.8241800000000D+01
   0.87332    1.0705    1.0871    1.0714    1.0601    1.0504    1.0424    1.0332
   0.99754   0.71402
    3    1 1.9104000000000D+04 1.0892178780000D+13
   0.87332    1.0705    1.0871    1.0714    1.0601    1.0504    1.0424    1.0332
   0.99754   0.71402
    9    0 1.9104000000000D+04 2.9170000000000D+02
   10    0 1.9104000000000D+04 1.5800000000000D+01
*---+----+-------------------+-------------------+---------+---------------------
*   1: printout of the result at time [hours]
*---+----+-------------------+-------------------+---------+---------------------
    1    0 2.0904000000000D+04
*---+----+-------------------+-------------------+---------+---------------------
    2    1 2.0904000000000D+04 1.8343300000000D+01
   0.90627    1.1006     1.102     1.083    1.0624    1.0433    1.0262     1.009
   0.96853   0.69873
    3    1 2.0904000000000D+04 1.1011482990000D+13
   0.90627    1.1006     1.102     1.083    1.0624    1.0433    1.0262     1.009
   0.96853   0.69873
    9    0 2.0904000000000D+04 2.9170000000000D+02
   10    0 2.0904000000000D+04 1.5800000000000D+01
*---+----+-------------------+-------------------+---------+---------------------
*   1: printout of the result at time [hours]
*---+----+-------------------+-------------------+---------+---------------------
    1    0 2.2658400000000D+04
*---+----+-------------------+-------------------+---------+---------------------
    2    1 2.2658400000000D+04 1.8324600000000D+01
   0.87898    1.0264    1.0172    1.0136    1.0202    1.0321    1.0482    1.0692
    1.0817   0.81246
    3    1 2.2658400000000D+04 1.1005754760000D+13
   0.87898    1.0264    1.0172    1.0136    1.0202    1.0321    1.0482    1.0692
    1.0817   0.81246
    9    0 2.2658400000000D+04 2.9170000000000D+02
   10    0 2.2658400000000D+04 1.5800000000000D+01
*---+----+-------------------+-------------------+---------+---------------------
*   1: printout of the result at time [hours]
*---+----+-------------------+-------------------+---------+---------------------
    1    0 2.3601600000000D+04
*---+----+-------------------+-------------------+---------+---------------------
    2    1 2.3601600000000D+04 1.5925900000000D+01
    0.7442   0.86614   0.88215   0.91857   0.97144     1.034    1.1058    1.1909
     1.273    1.0139
    3    1 2.3601600000000D+04 9.2863922900000D+12
    0.7442   0.86614   0.88215   0.91857   0.97144     1.034    1.1058    1.1909
     1.273    1.0139
    9    0 2.3601600000000D+04 2.8120000000000D+02
   10    0 2.3601600000000D+04 1.5800000000000D+01
* data point #5038 end
*  00:  last line of data set (finishing the program)
*---+----+-------------------+-------------------+---------+---------------------
00000    0 2.3601600000000D+04
*---+----+-------------------+-------------------+---------+---------------------
