* data point #5833 begin
*
*---+----+-------------------+-------------------+---------+---------------------
*   1: printout of the result at time [hours]
*---+----+-------------------+-------------------+---------+---------------------
    1    0 0.0000000000000D+00
*---+----+-------------------+-------------------+---------+---------------------
    2    1 0.0000000000000D+00 1.7873000000000D+01
   0.56896   0.83612   0.99597    1.1134    1.1976     1.245    1.2427    1.1795
    1.0107   0.61014
    3    1 0.0000000000000D+00 8.4986115000000D+12
   0.56896   0.83612   0.99597    1.1134    1.1976     1.245    1.2427    1.1795
    1.0107   0.61014
    9    0 0.0000000000000D+00 2.9170000000000D+02
   10    0 0.0000000000000D+00 1.5800000000000D+01
*---+----+-------------------+-------------------+---------+---------------------
*   1: printout of the result at time [hours]
*---+----+-------------------+-------------------+---------+---------------------
    1    0 1.4400000000000D+02
*---+----+-------------------+-------------------+---------+---------------------
    2    1 1.4400000000000D+02 1.8329300000000D+01
    0.7302   0.99087    1.0898     1.136     1.157    1.1577    1.1355    1.0776
   0.93942   0.58589
    3    1 1.4400000000000D+02 8.7357443800000D+12
    0.7302   0.99087    1.0898     1.136     1.157    1.1577    1.1355    1.0776
   0.93942   0.58589
    9    0 1.4400000000000D+02 2.9170000000000D+02
   10    0 1.4400000000000D+02 1.5800000000000D+01
*---+----+-------------------+-------------------+---------+---------------------
*   1: printout of the result at time [hours]
*---+----+-------------------+-------------------+---------+---------------------
    1    0 3.6000000000000D+03
*---+----+-------------------+-------------------+---------+---------------------
    2    1 3.6000000000000D+03 1.9295700000000D+01
   0.85776    1.0931     1.109    1.0934    1.0775    1.0648    1.0542    1.0378
   0.97042   0.64185
    3    1 3.6000000000000D+03 9.2387811600000D+12
   0.85776    1.0931     1.109    1.0934    1.0775    1.0648    1.0542    1.0378
   0.97042   0.64185
    9    0 3.6000000000000D+03 2.9170000000000D+02
   10    0 3.6000000000000D+03 1.5800000000000D+01
*---+----+-------------------+-------------------+---------+---------------------
*   1: printout of the result at time [hours]
*---+----+-------------------+-------------------+---------+---------------------
    1    0 5.7600000000000D+03
*---+----+-------------------+-------------------+---------+---------------------
    2    1 5.7600000000000D+03 2.0182300000000D+01
   0.88206    1.1405     1.128    1.0956    1.0683    1.0465    1.0299    1.0145
   0.95876     0.636
    3    1 5.7600000000000D+03 9.6491576300000D+12
   0.88206    1.1405     1.128    1.0956    1.0683    1.0465    1.0299    1.0145
   0.95876     0.636
    9    0 5.7600000000000D+03 2.9170000000000D+02
   10    0 5.7600000000000D+03 1.5800000000000D+01
*---+----+-------------------+-------------------+---------+---------------------
*   1: printout of the result at time [hours]
*---+----+-------------------+-------------------+---------+---------------------
    1    0 6.9888000000000D+03
*---+----+-------------------+-------------------+---------+---------------------
    2    1 6.9888000000000D+03 2.0642000000000D+01
   0.87627    1.1171     1.088    1.0585    1.0398    1.0293    1.0277    1.0376
    1.0278   0.69795
    3    1 6.9888000000000D+03 9.8214636000000D+12
   0.87627    1.1171     1.088    1.0585    1.0398    1.0293    1.0277    1.0376
    1.0278   0.69795
    9    0 6.9888000000000D+03 2.9170000000000D+02
   10    0 6.9888000000000D+03 1.5800000000000D+01
*---+----+-------------------+-------------------+---------+---------------------
*   1: printout of the result at time [hours]
*---+----+-------------------+-------------------+---------+---------------------
    1    0 8.4830000000000D+03
*---+----+-------------------+-------------------+---------+---------------------
    2    1 8.4830000000000D+03 1.7618100000000D+01
   0.72511   0.90963   0.91678   0.94216   0.98404    1.0359    1.0996    1.1842
    1.2807   0.92189
    3    1 8.4830000000000D+03 8.0127118800000D+12
   0.72511   0.90963   0.91678   0.94216   0.98404    1.0359    1.0996    1.1842
    1.2807   0.92189
    9    0 8.4830000000000D+03 2.7520000000000D+02
   10    0 8.4830000000000D+03 1.5800000000000D+01
*---+----+-------------------+-------------------+---------+---------------------
*   1: printout of the result at time [hours]
*---+----+-------------------+-------------------+---------+---------------------
    1    0 8.4850000000000D+03
*---+----+-------------------+-------------------+---------+---------------------
    2    1 8.4850000000000D+03 2.4995900000000D+01
   0.68159   0.99168    1.0855    1.1333    1.1582    1.1591    1.1353     1.084
   0.97544   0.59582
    3    1 8.4850000000000D+03 1.2627928680000D+13
   0.68159   0.99168    1.0855    1.1333    1.1582    1.1591    1.1353     1.084
   0.97544   0.59582
    9    0 8.4850000000000D+03 2.9170000000000D+02
   10    0 8.4850000000000D+03 1.5800000000000D+01
*---+----+-------------------+-------------------+---------+---------------------
*   1: printout of the result at time [hours]
*---+----+-------------------+-------------------+---------+---------------------
    1    0 8.6280000000000D+03
*---+----+-------------------+-------------------+---------+---------------------
    2    1 8.6280000000000D+03 2.4445400000000D+01
   0.79913     1.098     1.147    1.1385    1.1236    1.0989    1.0649    1.0185
   0.92897   0.58244
    3    1 8.6280000000000D+03 1.2327815220000D+13
   0.79913     1.098     1.147    1.1385    1.1236    1.0989    1.0649    1.0185
   0.92897   0.58244
    9    0 8.6280000000000D+03 2.9170000000000D+02
   10    0 8.6280000000000D+03 1.5800000000000D+01
*---+----+-------------------+-------------------+---------+---------------------
*   1: printout of the result at time [hours]
*---+----+-------------------+-------------------+---------+---------------------
    1    0 9.9240000000000D+03
*---+----+-------------------+-------------------+---------+---------------------
    2    1 9.9240000000000D+03 2.4071800000000D+01
   0.83679    1.0978    1.1217    1.1038    1.0902    1.0745    1.0557    1.0296
   0.96382     0.626
    3    1 9.9240000000000D+03 1.2218845680000D+13
   0.83679    1.0978    1.1217    1.1038    1.0902    1.0745    1.0557    1.0296
   0.96382     0.626
    9    0 9.9240000000000D+03 2.9170000000000D+02
   10    0 9.9240000000000D+03 1.5800000000000D+01
*---+----+-------------------+-------------------+---------+---------------------
*   1: printout of the result at time [hours]
*---+----+-------------------+-------------------+---------+---------------------
    1    0 1.1529600000000D+04
*---+----+-------------------+-------------------+---------+---------------------
    2    1 1.1529600000000D+04 2.3532800000000D+01
   0.85731     1.078    1.0734    1.0584    1.0486    1.0429     1.042    1.0468
     1.034   0.71849
    3    1 1.1529600000000D+04 1.1999374720000D+13
   0.85731     1.078    1.0734    1.0584    1.0486    1.0429     1.042    1.0468
     1.034   0.71849
    9    0 1.1529600000000D+04 2.9170000000000D+02
   10    0 1.1529600000000D+04 1.5800000000000D+01
*---+----+-------------------+-------------------+---------+---------------------
*   1: printout of the result at time [hours]
*---+----+-------------------+-------------------+---------+---------------------
    1    0 1.3384800000000D+04
*---+----+-------------------+-------------------+---------+---------------------
    2    1 1.3384800000000D+04 1.8663300000000D+01
   0.69296    0.8588   0.88655    0.9254   0.97914    1.0425    1.1166    1.2066
    1.3065   0.98493
    3    1 1.3384800000000D+04 9.0871607700000D+12
   0.69296    0.8588   0.88655    0.9254   0.97914    1.0425    1.1166    1.2066
    1.3065   0.98493
    9    0 1.3384800000000D+04 2.7330000000000D+02
   10    0 1.3384800000000D+04 1.5800000000000D+01
*---+----+-------------------+-------------------+---------+---------------------
*   1: printout of the result at time [hours]
*---+----+-------------------+-------------------+---------+---------------------
    1    0 1.3388600000000D+04
*---+----+-------------------+-------------------+---------+---------------------
    2    1 1.3388600000000D+04 1.1525800000000D+01
   0.53914   0.69522   0.75526   0.83352   0.93373    1.0516    1.1879    1.3458
    1.4965    1.1613
    3    1 1.3388600000000D+04 5.6038439600000D+12
   0.53914   0.69522   0.75526   0.83352   0.93373    1.0516    1.1879    1.3458
    1.4965    1.1613
    9    0 1.3388600000000D+04 2.8340000000000D+02
   10    0 1.3388600000000D+04 1.5800000000000D+01
*---+----+-------------------+-------------------+---------+---------------------
*   1: printout of the result at time [hours]
*---+----+-------------------+-------------------+---------+---------------------
    1    0 1.3390600000000D+04
*---+----+-------------------+-------------------+---------+---------------------
    2    1 1.3390600000000D+04 2.4694200000000D+01
   0.78306    1.0419    1.1139    1.1464    1.1506    1.1266    1.0837     1.023
   0.92698   0.60375
    3    1 1.3390600000000D+04 1.3441053060000D+13
   0.78306    1.0419    1.1139    1.1464    1.1506    1.1266    1.0837     1.023
   0.92698   0.60375
    9    0 1.3390600000000D+04 2.9170000000000D+02
   10    0 1.3390600000000D+04 1.5800000000000D+01
*---+----+-------------------+-------------------+---------+---------------------
*   1: printout of the result at time [hours]
*---+----+-------------------+-------------------+---------+---------------------
    1    0 1.3533600000000D+04
*---+----+-------------------+-------------------+---------+---------------------
    2    1 1.3533600000000D+04 2.4643600000000D+01
   0.88701    1.1231    1.1537    1.1383    1.1131    1.0765    1.0321   0.97985
   0.89889   0.59736
    3    1 1.3533600000000D+04 1.3398725320000D+13
   0.88701    1.1231    1.1537    1.1383    1.1131    1.0765    1.0321   0.97985
   0.89889   0.59736
    9    0 1.3533600000000D+04 2.9170000000000D+02
   10    0 1.3533600000000D+04 1.5800000000000D+01
*---+----+-------------------+-------------------+---------+---------------------
*   1: printout of the result at time [hours]
*---+----+-------------------+-------------------+---------+---------------------
    1    0 1.4949600000000D+04
*---+----+-------------------+-------------------+---------+---------------------
    2    1 1.4949600000000D+04 2.4056300000000D+01
   0.89016    1.0768    1.0824    1.0762    1.0672    1.0554    1.0418    1.0262
   0.99034    0.6935
    3    1 1.4949600000000D+04 1.3129928540000D+13
   0.89016    1.0768    1.0824    1.0762    1.0672    1.0554    1.0418    1.0262
   0.99034    0.6935
    9    0 1.4949600000000D+04 2.9170000000000D+02
   10    0 1.4949600000000D+04 1.5800000000000D+01
*---+----+-------------------+-------------------+---------+---------------------
*   1: printout of the result at time [hours]
*---+----+-------------------+-------------------+---------+---------------------
    1    0 1.5775200000000D+04
*---+----+-------------------+-------------------+---------+---------------------
    2    1 1.5775200000000D+04 2.3743000000000D+01
   0.90616    1.0724    1.0635    1.0536    1.0454    1.0378    1.0321    1.0302
    1.0192   0.73954
    3    1 1.5775200000000D+04 1.2963678000000D+13
   0.90616    1.0724    1.0635    1.0536    1.0454    1.0378    1.0321    1.0302
    1.0192   0.73954
    9    0 1.5775200000000D+04 2.9170000000000D+02
   10    0 1.5775200000000D+04 1.5800000000000D+01
*---+----+-------------------+-------------------+---------+---------------------
*   1: printout of the result at time [hours]
*---+----+-------------------+-------------------+---------+---------------------
    1    0 1.6412600000000D+04
*---+----+-------------------+-------------------+---------+---------------------
    2    1 1.6412600000000D+04 2.2609800000000D+01
    0.8077   0.95065   0.96489   0.98718    1.0161    1.0474    1.0807    1.1189
    1.1591   0.86737
    3    1 1.6412600000000D+04 1.2087199080000D+13
    0.8077   0.95065   0.96489   0.98718    1.0161    1.0474    1.0807    1.1189
    1.1591   0.86737
    9    0 1.6412600000000D+04 2.8320000000000D+02
   10    0 1.6412600000000D+04 1.5800000000000D+01
*---+----+-------------------+-------------------+---------+---------------------
*   1: printout of the result at time [hours]
*---+----+-------------------+-------------------+---------+---------------------
    1    0 1.6414600000000D+04
*---+----+-------------------+-------------------+---------+---------------------
    2    1 1.6414600000000D+04 1.8770700000000D+01
   0.44303   0.61575    0.7321   0.86156   0.99895    1.1351    1.2608    1.3652
     1.432    1.1555
    3    1 1.6414600000000D+04 1.0813800270000D+13
   0.44303   0.61575    0.7321   0.86156   0.99895    1.1351    1.2608    1.3652
     1.432    1.1555
    9    0 1.6414600000000D+04 2.9170000000000D+02
   10    0 1.6414600000000D+04 1.5800000000000D+01
*---+----+-------------------+-------------------+---------+---------------------
*   1: printout of the result at time [hours]
*---+----+-------------------+-------------------+---------+---------------------
    1    0 1.6557600000000D+04
*---+----+-------------------+-------------------+---------+---------------------
    2    1 1.6557600000000D+04 1.9012100000000D+01
   0.64633   0.83268   0.90169   0.96502    1.0272    1.0869    1.1427    1.1915
    1.2189     0.987
    3    1 1.6557600000000D+04 1.0947167180000D+13
   0.64633   0.83268   0.90169   0.96502    1.0272    1.0869    1.1427    1.1915
    1.2189     0.987
    9    0 1.6557600000000D+04 2.9170000000000D+02
   10    0 1.6557600000000D+04 1.5800000000000D+01
*---+----+-------------------+-------------------+---------+---------------------
*   1: printout of the result at time [hours]
*---+----+-------------------+-------------------+---------+---------------------
    1    0 2.1813600000000D+04
*---+----+-------------------+-------------------+---------+---------------------
    2    1 2.1813600000000D+04 1.9530000000000D+01
    0.8978    1.0594    1.0597    1.0487    1.0382    1.0294     1.023    1.0189
    1.0034    0.8213
    3    1 2.1813600000000D+04 1.1522700000000D+13
    0.8978    1.0594    1.0597    1.0487    1.0382    1.0294     1.023    1.0189
    1.0034    0.8213
    9    0 2.1813600000000D+04 2.9170000000000D+02
   10    0 2.1813600000000D+04 1.5800000000000D+01
*---+----+-------------------+-------------------+---------+---------------------
*   1: printout of the result at time [hours]
*---+----+-------------------+-------------------+---------+---------------------
    1    0 2.3695200000000D+04
*---+----+-------------------+-------------------+---------+---------------------
    2    1 2.3695200000000D+04 1.9339000000000D+01
   0.89834    1.0245    1.0116    1.0035    1.0038    1.0096    1.0215     1.043
    1.0767   0.90754
    3    1 2.3695200000000D+04 1.1458357500000D+13
   0.89834    1.0245    1.0116    1.0035    1.0038    1.0096    1.0215     1.043
    1.0767   0.90754
    9    0 2.3695200000000D+04 2.9170000000000D+02
   10    0 2.3695200000000D+04 1.5800000000000D+01
*---+----+-------------------+-------------------+---------+---------------------
*   1: printout of the result at time [hours]
*---+----+-------------------+-------------------+---------+---------------------
    1    0 2.4431000000000D+04
*---+----+-------------------+-------------------+---------+---------------------
    2    1 2.4431000000000D+04 1.7791000000000D+01
   0.79164   0.89944   0.90636   0.93047   0.96779     1.013    1.0666     1.134
    1.2126    1.0781
    3    1 2.4431000000000D+04 1.0256511500000D+13
   0.79164   0.89944   0.90636   0.93047   0.96779     1.013    1.0666     1.134
    1.2126    1.0781
    9    0 2.4431000000000D+04 2.8110000000000D+02
   10    0 2.4431000000000D+04 1.5800000000000D+01
*---+----+-------------------+-------------------+---------+---------------------
*   1: printout of the result at time [hours]
*---+----+-------------------+-------------------+---------+---------------------
    1    0 2.4433000000000D+04
*---+----+-------------------+-------------------+---------+---------------------
    2    1 2.4433000000000D+04 1.1103000000000D+01
   0.53436   0.72881   0.86508   0.98694    1.0935    1.1787    1.2329    1.2418
    1.1902   0.94767
    3    1 2.4433000000000D+04 6.9449265000000D+12
   0.53436   0.72881   0.86508   0.98694    1.0935    1.1787    1.2329    1.2418
    1.1902   0.94767
    9    0 2.4433000000000D+04 2.9170000000000D+02
   10    0 2.4433000000000D+04 1.5800000000000D+01
*---+----+-------------------+-------------------+---------+---------------------
*   1: printout of the result at time [hours]
*---+----+-------------------+-------------------+---------+---------------------
    1    0 2.4576000000000D+04
*---+----+-------------------+-------------------+---------+---------------------
    2    1 2.4576000000000D+04 1.1048700000000D+01
   0.73086   0.92074   0.99903    1.0474    1.0798    1.1007    1.1184    1.0962
    1.0519   0.85503
    3    1 2.4576000000000D+04 6.8435647800000D+12
   0.73086   0.92074   0.99903    1.0474    1.0798    1.1007    1.1184    1.0962
    1.0519   0.85503
    9    0 2.4576000000000D+04 2.9170000000000D+02
   10    0 2.4576000000000D+04 1.5800000000000D+01
*---+----+-------------------+-------------------+---------+---------------------
*   1: printout of the result at time [hours]
*---+----+-------------------+-------------------+---------+---------------------
    1    0 2.8032000000000D+04
*---+----+-------------------+-------------------+---------+---------------------
    2    1 2.8032000000000D+04 1.2039300000000D+01
   0.87123    1.0515    1.0802    1.0655    1.0526     1.041    1.0309    1.0173
   0.98262   0.80711
    3    1 2.8032000000000D+04 7.4150048700000D+12
   0.87123    1.0515    1.0802    1.0655    1.0526     1.041    1.0309    1.0173
   0.98262   0.80711
    9    0 2.8032000000000D+04 2.9170000000000D+02
   10    0 2.8032000000000D+04 1.5800000000000D+01
*---+----+-------------------+-------------------+---------+---------------------
*   1: printout of the result at time [hours]
*---+----+-------------------+-------------------+---------+---------------------
    1    0 2.9832000000000D+04
*---+----+-------------------+-------------------+---------+---------------------
    2    1 2.9832000000000D+04 1.2703800000000D+01
   0.88958    1.0878     1.112    1.0855    1.0614    1.0384    1.0172   0.99309
   0.94641   0.76867
    3    1 2.9832000000000D+04 7.8141073800000D+12
   0.88958    1.0878     1.112    1.0855    1.0614    1.0384    1.0172   0.99309
   0.94641   0.76867
    9    0 2.9832000000000D+04 2.9170000000000D+02
   10    0 2.9832000000000D+04 1.5800000000000D+01
*---+----+-------------------+-------------------+---------+---------------------
*   1: printout of the result at time [hours]
*---+----+-------------------+-------------------+---------+---------------------
    1    0 3.1586400000000D+04
*---+----+-------------------+-------------------+---------+---------------------
    2    1 3.1586400000000D+04 1.3096300000000D+01
   0.84864    1.0083    1.0112    1.0104    1.0189     1.033    1.0507    1.0693
    1.0653   0.88422
    3    1 3.1586400000000D+04 8.0188644900000D+12
   0.84864    1.0083    1.0112    1.0104    1.0189     1.033    1.0507    1.0693
    1.0653   0.88422
    9    0 3.1586400000000D+04 2.9170000000000D+02
   10    0 3.1586400000000D+04 1.5800000000000D+01
*---+----+-------------------+-------------------+---------+---------------------
*   1: printout of the result at time [hours]
*---+----+-------------------+-------------------+---------+---------------------
    1    0 3.2529600000000D+04
*---+----+-------------------+-------------------+---------+---------------------
    2    1 3.2529600000000D+04 1.1558300000000D+01
   0.71784   0.85056   0.87504   0.91285   0.96658    1.0303    1.1033    1.1865
    1.2684    1.0887
    3    1 3.2529600000000D+04 6.8841234800000D+12
   0.71784   0.85056   0.87504   0.91285   0.96658    1.0303    1.1033    1.1865
    1.2684    1.0887
    9    0 3.2529600000000D+04 2.8120000000000D+02
   10    0 3.2529600000000D+04 1.5800000000000D+01
* data point #5833 end
*  00:  last line of data set (finishing the program)
*---+----+-------------------+-------------------+---------+---------------------
00000    0 3.2529600000000D+04
*---+----+-------------------+-------------------+---------+---------------------
