* data point #5300 begin
*
*---+----+-------------------+-------------------+---------+---------------------
*   1: printout of the result at time [hours]
*---+----+-------------------+-------------------+---------+---------------------
    1    0 0.0000000000000D+00
*---+----+-------------------+-------------------+---------+---------------------
    2    1 0.0000000000000D+00 2.0268300000000D+01
   0.63261   0.99801     1.103    1.1527    1.1792    1.1822    1.1602    1.1059
   0.96619   0.51993
    3    1 0.0000000000000D+00 8.6059201800000D+12
   0.63261   0.99801     1.103    1.1527    1.1792    1.1822    1.1602    1.1059
   0.96619   0.51993
    9    0 0.0000000000000D+00 2.9170000000000D+02
   10    0 0.0000000000000D+00 1.5800000000000D+01
*---+----+-------------------+-------------------+---------+---------------------
*   1: printout of the result at time [hours]
*---+----+-------------------+-------------------+---------+---------------------
    1    0 1.4400000000000D+02
*---+----+-------------------+-------------------+---------+---------------------
    2    1 1.4400000000000D+02 2.0600100000000D+01
   0.76281    1.1234    1.1765    1.1625    1.1424     1.114    1.0773    1.0255
   0.90864   0.50699
    3    1 1.4400000000000D+02 8.7962427000000D+12
   0.76281    1.1234    1.1765    1.1625    1.1424     1.114    1.0773    1.0255
   0.90864   0.50699
    9    0 1.4400000000000D+02 2.9170000000000D+02
   10    0 1.4400000000000D+02 1.5800000000000D+01
*---+----+-------------------+-------------------+---------+---------------------
*   1: printout of the result at time [hours]
*---+----+-------------------+-------------------+---------+---------------------
    1    0 1.4400000000000D+03
*---+----+-------------------+-------------------+---------+---------------------
    2    1 1.4400000000000D+03 2.0562400000000D+01
   0.81163    1.1327     1.148    1.1278    1.1069    1.0859    1.0631     1.032
   0.94235    0.5496
    3    1 1.4400000000000D+03 8.8850130400000D+12
   0.81163    1.1327     1.148    1.1278    1.1069    1.0859    1.0631     1.032
   0.94235    0.5496
    9    0 1.4400000000000D+03 2.9170000000000D+02
   10    0 1.4400000000000D+03 1.5800000000000D+01
*---+----+-------------------+-------------------+---------+---------------------
*   1: printout of the result at time [hours]
*---+----+-------------------+-------------------+---------+---------------------
    1    0 3.0456000000000D+03
*---+----+-------------------+-------------------+---------+---------------------
    2    1 3.0456000000000D+03 2.0559000000000D+01
   0.84275    1.1118     1.099    1.0738    1.0559    1.0443      1.04    1.0449
    1.0276   0.65995
    3    1 3.0456000000000D+03 8.9637240000000D+12
   0.84275    1.1118     1.099    1.0738    1.0559    1.0443      1.04    1.0449
    1.0276   0.65995
    9    0 3.0456000000000D+03 2.9170000000000D+02
   10    0 3.0456000000000D+03 1.5800000000000D+01
*---+----+-------------------+-------------------+---------+---------------------
*   1: printout of the result at time [hours]
*---+----+-------------------+-------------------+---------+---------------------
    1    0 4.9008000000000D+03
*---+----+-------------------+-------------------+---------+---------------------
    2    1 4.9008000000000D+03 1.5964300000000D+01
   0.68941    0.8913   0.91316    0.9453    0.9929    1.0501    1.1182    1.2042
    1.2918    0.9037
    3    1 4.9008000000000D+03 6.6794631200000D+12
   0.68941    0.8913   0.91316    0.9453    0.9929    1.0501    1.1182    1.2042
    1.2918    0.9037
    9    0 4.9008000000000D+03 2.7330000000000D+02
   10    0 4.9008000000000D+03 1.5800000000000D+01
*---+----+-------------------+-------------------+---------+---------------------
*   1: printout of the result at time [hours]
*---+----+-------------------+-------------------+---------+---------------------
    1    0 4.9046000000000D+03
*---+----+-------------------+-------------------+---------+---------------------
    2    1 4.9046000000000D+03 9.5685000000000D+00
   0.53812   0.72331   0.77985   0.85395   0.94968    1.0623    1.1927    1.3454
     1.494    1.0608
    3    1 4.9046000000000D+03 3.9986761500000D+12
   0.53812   0.72331   0.77985   0.85395   0.94968    1.0623    1.1927    1.3454
     1.494    1.0608
    9    0 4.9046000000000D+03 2.8340000000000D+02
   10    0 4.9046000000000D+03 1.5800000000000D+01
*---+----+-------------------+-------------------+---------+---------------------
*   1: printout of the result at time [hours]
*---+----+-------------------+-------------------+---------+---------------------
    1    0 4.9066000000000D+03
*---+----+-------------------+-------------------+---------+---------------------
    2    1 4.9066000000000D+03 2.4612800000000D+01
   0.75928    1.1141    1.1947     1.211    1.1845    1.1369    1.0709   0.98607
   0.85269   0.48983
    3    1 4.9066000000000D+03 1.1700925120000D+13
   0.75928    1.1141    1.1947     1.211    1.1845    1.1369    1.0709   0.98607
   0.85269   0.48983
    9    0 4.9066000000000D+03 2.9170000000000D+02
   10    0 4.9066000000000D+03 1.5800000000000D+01
*---+----+-------------------+-------------------+---------+---------------------
*   1: printout of the result at time [hours]
*---+----+-------------------+-------------------+---------+---------------------
    1    0 5.0496000000000D+03
*---+----+-------------------+-------------------+---------+---------------------
    2    1 5.0496000000000D+03 2.4723000000000D+01
   0.86235    1.1937    1.2278    1.1914    1.1427    1.0847     1.021   0.94823
   0.83441   0.49371
    3    1 5.0496000000000D+03 1.1787926400000D+13
   0.86235    1.1937    1.2278    1.1914    1.1427    1.0847     1.021   0.94823
   0.83441   0.49371
    9    0 5.0496000000000D+03 2.9170000000000D+02
   10    0 5.0496000000000D+03 1.5800000000000D+01
*---+----+-------------------+-------------------+---------+---------------------
*   1: printout of the result at time [hours]
*---+----+-------------------+-------------------+---------+---------------------
    1    0 6.4656000000000D+03
*---+----+-------------------+-------------------+---------+---------------------
    2    1 6.4656000000000D+03 2.4132800000000D+01
   0.86704    1.1396    1.1468    1.1237    1.0962    1.0672     1.037    1.0027
   0.93346   0.58634
    3    1 6.4656000000000D+03 1.1624769760000D+13
   0.86704    1.1396    1.1468    1.1237    1.0962    1.0672     1.037    1.0027
   0.93346   0.58634
    9    0 6.4656000000000D+03 2.9170000000000D+02
   10    0 6.4656000000000D+03 1.5800000000000D+01
*---+----+-------------------+-------------------+---------+---------------------
*   1: printout of the result at time [hours]
*---+----+-------------------+-------------------+---------+---------------------
    1    0 7.2912000000000D+03
*---+----+-------------------+-------------------+---------+---------------------
    2    1 7.2912000000000D+03 2.3947100000000D+01
   0.88382    1.1332    1.1242    1.0985    1.0734      1.05    1.0289    1.0096
   0.96646   0.63193
    3    1 7.2912000000000D+03 1.1580817560000D+13
   0.88382    1.1332    1.1242    1.0985    1.0734      1.05    1.0289    1.0096
   0.96646   0.63193
    9    0 7.2912000000000D+03 2.9170000000000D+02
   10    0 7.2912000000000D+03 1.5800000000000D+01
*---+----+-------------------+-------------------+---------+---------------------
*   1: printout of the result at time [hours]
*---+----+-------------------+-------------------+---------+---------------------
    1    0 7.9286000000000D+03
*---+----+-------------------+-------------------+---------+---------------------
    2    1 7.9286000000000D+03 2.2984000000000D+01
   0.79112    1.0094    1.0257    1.0356    1.0501    1.0664    1.0838     1.102
    1.0941   0.74169
    3    1 7.9286000000000D+03 1.0894416000000D+13
   0.79112    1.0094    1.0257    1.0356    1.0501    1.0664    1.0838     1.102
    1.0941   0.74169
    9    0 7.9286000000000D+03 2.8320000000000D+02
   10    0 7.9286000000000D+03 1.5800000000000D+01
*---+----+-------------------+-------------------+---------+---------------------
*   1: printout of the result at time [hours]
*---+----+-------------------+-------------------+---------+---------------------
    1    0 7.9306000000000D+03
*---+----+-------------------+-------------------+---------+---------------------
    2    1 7.9306000000000D+03 2.3842500000000D+01
   0.53304   0.80164   0.94592    1.0627    1.1558    1.2203    1.2521    1.2255
    1.1157   0.68734
    3    1 7.9306000000000D+03 1.2197823000000D+13
   0.53304   0.80164   0.94592    1.0627    1.1558    1.2203    1.2521    1.2255
    1.1157   0.68734
    9    0 7.9306000000000D+03 2.9170000000000D+02
   10    0 7.9306000000000D+03 1.5800000000000D+01
*---+----+-------------------+-------------------+---------+---------------------
*   1: printout of the result at time [hours]
*---+----+-------------------+-------------------+---------+---------------------
    1    0 8.0736000000000D+03
*---+----+-------------------+-------------------+---------+---------------------
    2    1 8.0736000000000D+03 2.3637200000000D+01
   0.70698   0.98451    1.0684    1.1107    1.1322    1.1492    1.1281    1.0926
   0.99864   0.62863
    3    1 8.0736000000000D+03 1.2080972920000D+13
   0.70698   0.98451    1.0684    1.1107    1.1322    1.1492    1.1281    1.0926
   0.99864   0.62863
    9    0 8.0736000000000D+03 2.9170000000000D+02
   10    0 8.0736000000000D+03 1.5800000000000D+01
*---+----+-------------------+-------------------+---------+---------------------
*   1: printout of the result at time [hours]
*---+----+-------------------+-------------------+---------+---------------------
    1    0 1.2969600000000D+04
*---+----+-------------------+-------------------+---------+---------------------
    2    1 1.2969600000000D+04 2.2634300000000D+01
   0.86643    1.1126    1.1361    1.1121    1.0888    1.0659    1.0428    1.0125
   0.94065   0.62211
    3    1 1.2969600000000D+04 1.2016549870000D+13
   0.86643    1.1126    1.1361    1.1121    1.0888    1.0659    1.0428    1.0125
   0.94065   0.62211
    9    0 1.2969600000000D+04 2.9170000000000D+02
   10    0 1.2969600000000D+04 1.5800000000000D+01
*---+----+-------------------+-------------------+---------+---------------------
*   1: printout of the result at time [hours]
*---+----+-------------------+-------------------+---------+---------------------
    1    0 1.5621600000000D+04
*---+----+-------------------+-------------------+---------+---------------------
    2    1 1.5621600000000D+04 2.2002200000000D+01
   0.87946    1.0614     1.048     1.033    1.0294    1.0344    1.0471    1.0651
    1.0575   0.74456
    3    1 1.5621600000000D+04 1.1839383820000D+13
   0.87946    1.0614     1.048     1.033    1.0294    1.0344    1.0471    1.0651
    1.0575   0.74456
    9    0 1.5621600000000D+04 2.9170000000000D+02
   10    0 1.5621600000000D+04 1.5800000000000D+01
*---+----+-------------------+-------------------+---------+---------------------
*   1: printout of the result at time [hours]
*---+----+-------------------+-------------------+---------+---------------------
    1    0 1.6407800000000D+04
*---+----+-------------------+-------------------+---------+---------------------
    2    1 1.6407800000000D+04 2.0550400000000D+01
   0.77283   0.92898   0.93804   0.95886   0.99487    1.0409    1.0963    1.1617
    1.2177   0.88986
    3    1 1.6407800000000D+04 1.0766354560000D+13
   0.77283   0.92898   0.93804   0.95886   0.99487    1.0409    1.0963    1.1617
    1.2177   0.88986
    9    0 1.6407800000000D+04 2.8120000000000D+02
   10    0 1.6407800000000D+04 1.5800000000000D+01
*---+----+-------------------+-------------------+---------+---------------------
*   1: printout of the result at time [hours]
*---+----+-------------------+-------------------+---------+---------------------
    1    0 1.6409800000000D+04
*---+----+-------------------+-------------------+---------+---------------------
    2    1 1.6409800000000D+04 1.9146500000000D+01
   0.43564   0.60648   0.72071   0.85102   0.99141    1.1323    1.2647     1.378
    1.4546    1.1651
    3    1 1.6409800000000D+04 1.0986261700000D+13
   0.43564   0.60648   0.72071   0.85102   0.99141    1.1323    1.2647     1.378
    1.4546    1.1651
    9    0 1.6409800000000D+04 2.9170000000000D+02
   10    0 1.6409800000000D+04 1.5800000000000D+01
*---+----+-------------------+-------------------+---------+---------------------
*   1: printout of the result at time [hours]
*---+----+-------------------+-------------------+---------+---------------------
    1    0 1.6552800000000D+04
*---+----+-------------------+-------------------+---------+---------------------
    2    1 1.6552800000000D+04 1.9253400000000D+01
   0.64015   0.82536   0.89252   0.95744    1.0227    1.0862    1.1468    1.2015
    1.2343   0.99297
    3    1 1.6552800000000D+04 1.1059152960000D+13
   0.64015   0.82536   0.89252   0.95744    1.0227    1.0862    1.1468    1.2015
    1.2343   0.99297
    9    0 1.6552800000000D+04 2.9170000000000D+02
   10    0 1.6552800000000D+04 1.5800000000000D+01
*---+----+-------------------+-------------------+---------+---------------------
*   1: printout of the result at time [hours]
*---+----+-------------------+-------------------+---------+---------------------
    1    0 2.1808800000000D+04
*---+----+-------------------+-------------------+---------+---------------------
    2    1 2.1808800000000D+04 1.9074700000000D+01
   0.90109    1.0668    1.0615    1.0501    1.0391    1.0295    1.0223    1.0173
   0.99996   0.81244
    3    1 2.1808800000000D+04 1.1233090830000D+13
   0.90109    1.0668    1.0615    1.0501    1.0391    1.0295    1.0223    1.0173
   0.99996   0.81244
    9    0 2.1808800000000D+04 2.9170000000000D+02
   10    0 2.1808800000000D+04 1.5800000000000D+01
*---+----+-------------------+-------------------+---------+---------------------
*   1: printout of the result at time [hours]
*---+----+-------------------+-------------------+---------+---------------------
    1    0 2.3690400000000D+04
*---+----+-------------------+-------------------+---------+---------------------
    2    1 2.3690400000000D+04 1.8801000000000D+01
   0.90261    1.0293    1.0151    1.0064    1.0058    1.0104    1.0209    1.0406
    1.0733   0.89559
    3    1 2.3690400000000D+04 1.1118911400000D+13
   0.90261    1.0293    1.0151    1.0064    1.0058    1.0104    1.0209    1.0406
    1.0733   0.89559
    9    0 2.3690400000000D+04 2.9170000000000D+02
   10    0 2.3690400000000D+04 1.5800000000000D+01
*---+----+-------------------+-------------------+---------+---------------------
*   1: printout of the result at time [hours]
*---+----+-------------------+-------------------+---------+---------------------
    1    0 2.4426200000000D+04
*---+----+-------------------+-------------------+---------+---------------------
    2    1 2.4426200000000D+04 1.7386200000000D+01
   0.79471   0.90353    0.9098   0.93379    0.9706    1.0149    1.0673     1.133
    1.2073     1.065
    3    1 2.4426200000000D+04 1.0002280860000D+13
   0.79471   0.90353    0.9098   0.93379    0.9706    1.0149    1.0673     1.133
    1.2073     1.065
    9    0 2.4426200000000D+04 2.8110000000000D+02
   10    0 2.4426200000000D+04 1.5800000000000D+01
*---+----+-------------------+-------------------+---------+---------------------
*   1: printout of the result at time [hours]
*---+----+-------------------+-------------------+---------+---------------------
    1    0 2.4428200000000D+04
*---+----+-------------------+-------------------+---------+---------------------
    2    1 2.4428200000000D+04 1.5854800000000D+01
   0.45507   0.68762   0.83842   0.97661    1.1048    1.2153    1.2964    1.3369
    1.2551   0.83369
    3    1 2.4428200000000D+04 1.0210491200000D+13
   0.45507   0.68762   0.83842   0.97661    1.1048    1.2153    1.2964    1.3369
    1.2551   0.83369
    9    0 2.4428200000000D+04 2.9170000000000D+02
   10    0 2.4428200000000D+04 1.5800000000000D+01
*---+----+-------------------+-------------------+---------+---------------------
*   1: printout of the result at time [hours]
*---+----+-------------------+-------------------+---------+---------------------
    1    0 2.4571200000000D+04
*---+----+-------------------+-------------------+---------+---------------------
    2    1 2.4571200000000D+04 1.5994700000000D+01
   0.64709    0.8998   0.99802    1.0602    1.1067    1.1416    1.1629    1.1606
    1.0897   0.73331
    3    1 2.4571200000000D+04 1.0265398460000D+13
   0.64709    0.8998   0.99802    1.0602    1.1067    1.1416    1.1629    1.1606
    1.0897   0.73331
    9    0 2.4571200000000D+04 2.9170000000000D+02
   10    0 2.4571200000000D+04 1.5800000000000D+01
*---+----+-------------------+-------------------+---------+---------------------
*   1: printout of the result at time [hours]
*---+----+-------------------+-------------------+---------+---------------------
    1    0 2.8027200000000D+04
*---+----+-------------------+-------------------+---------+---------------------
    2    1 2.8027200000000D+04 1.5458700000000D+01
   0.85078    1.0459    1.0663    1.0548    1.0505    1.0492    1.0514    1.0542
    1.0269      0.75
    3    1 2.8027200000000D+04 9.8842927800000D+12
   0.85078    1.0459    1.0663    1.0548    1.0505    1.0492    1.0514    1.0542
    1.0269      0.75
    9    0 2.8027200000000D+04 2.9170000000000D+02
   10    0 2.8027200000000D+04 1.5800000000000D+01
*---+----+-------------------+-------------------+---------+---------------------
*   1: printout of the result at time [hours]
*---+----+-------------------+-------------------+---------+---------------------
    1    0 3.0187200000000D+04
*---+----+-------------------+-------------------+---------+---------------------
    2    1 3.0187200000000D+04 1.5030100000000D+01
   0.90492    1.0657    1.0571     1.046    1.0382    1.0334    1.0318    1.0338
    1.0176   0.77152
    3    1 3.0187200000000D+04 9.5892038000000D+12
   0.90492    1.0657    1.0571     1.046    1.0382    1.0334    1.0318    1.0338
    1.0176   0.77152
    9    0 3.0187200000000D+04 2.9170000000000D+02
   10    0 3.0187200000000D+04 1.5800000000000D+01
*---+----+-------------------+-------------------+---------+---------------------
*   1: printout of the result at time [hours]
*---+----+-------------------+-------------------+---------+---------------------
    1    0 3.1490400000000D+04
*---+----+-------------------+-------------------+---------+---------------------
    2    1 3.1490400000000D+04 1.5107000000000D+01
   0.89614    1.0237    1.0123    1.0064    1.0092     1.017    1.0301    1.0526
    1.0991   0.85351
    3    1 3.1490400000000D+04 9.5989878000000D+12
   0.89614    1.0237    1.0123    1.0064    1.0092     1.017    1.0301    1.0526
    1.0991   0.85351
    9    0 3.1490400000000D+04 2.9170000000000D+02
   10    0 3.1490400000000D+04 1.5800000000000D+01
*---+----+-------------------+-------------------+---------+---------------------
*   1: printout of the result at time [hours]
*---+----+-------------------+-------------------+---------+---------------------
    1    0 3.1911800000000D+04
*---+----+-------------------+-------------------+---------+---------------------
    2    1 3.1911800000000D+04 1.4159400000000D+01
   0.81133   0.92928   0.93584   0.95633   0.98902    1.0279    1.0726    1.1279
    1.1851   0.96452
    3    1 3.1911800000000D+04 8.8637844000000D+12
   0.81133   0.92928   0.93584   0.95633   0.98902    1.0279    1.0726    1.1279
    1.1851   0.96452
    9    0 3.1911800000000D+04 2.8640000000000D+02
   10    0 3.1911800000000D+04 1.5800000000000D+01
*---+----+-------------------+-------------------+---------+---------------------
*   1: printout of the result at time [hours]
*---+----+-------------------+-------------------+---------+---------------------
    1    0 3.1913800000000D+04
*---+----+-------------------+-------------------+---------+---------------------
    2    1 3.1913800000000D+04 3.9439000000000D+00
   0.45463   0.66381   0.81417   0.95236    1.0809    1.1925    1.2749    1.3175
    1.2538   0.99546
    3    1 3.1913800000000D+04 2.6293981300000D+12
   0.45463   0.66381   0.81417   0.95236    1.0809    1.1925    1.2749    1.3175
    1.2538   0.99546
    9    0 3.1913800000000D+04 2.9170000000000D+02
   10    0 3.1913800000000D+04 1.5800000000000D+01
*---+----+-------------------+-------------------+---------+---------------------
*   1: printout of the result at time [hours]
*---+----+-------------------+-------------------+---------+---------------------
    1    0 3.2056800000000D+04
*---+----+-------------------+-------------------+---------+---------------------
    2    1 3.2056800000000D+04 4.1701000000000D+00
   0.63955   0.86017   0.96233    1.0304    1.0827    1.1237    1.1508    1.1537
    1.1033   0.89326
    3    1 3.2056800000000D+04 2.7376706500000D+12
   0.63955   0.86017   0.96233    1.0304    1.0827    1.1237    1.1508    1.1537
    1.1033   0.89326
    9    0 3.2056800000000D+04 2.9170000000000D+02
   10    0 3.2056800000000D+04 1.5800000000000D+01
*---+----+-------------------+-------------------+---------+---------------------
*   1: printout of the result at time [hours]
*---+----+-------------------+-------------------+---------+---------------------
    1    0 3.5512800000000D+04
*---+----+-------------------+-------------------+---------+---------------------
    2    1 3.5512800000000D+04 4.6029000000000D+00
   0.81622   0.99046    1.0189    1.0265    1.0324    1.0404    1.0513    1.0622
    1.0537   0.90791
    3    1 3.5512800000000D+04 2.9200797600000D+12
   0.81622   0.99046    1.0189    1.0265    1.0324    1.0404    1.0513    1.0622
    1.0537   0.90791
    9    0 3.5512800000000D+04 2.9170000000000D+02
   10    0 3.5512800000000D+04 1.5800000000000D+01
*---+----+-------------------+-------------------+---------+---------------------
*   1: printout of the result at time [hours]
*---+----+-------------------+-------------------+---------+---------------------
    1    0 3.7312800000000D+04
*---+----+-------------------+-------------------+---------+---------------------
    2    1 3.7312800000000D+04 4.7794000000000D+00
   0.85931    1.0077    1.0206     1.021    1.0221    1.0257    1.0323     1.042
    1.0493   0.91999
    3    1 3.7312800000000D+04 2.9923823400000D+12
   0.85931    1.0077    1.0206     1.021    1.0221    1.0257    1.0323     1.042
    1.0493   0.91999
    9    0 3.7312800000000D+04 2.9170000000000D+02
   10    0 3.7312800000000D+04 1.5800000000000D+01
*---+----+-------------------+-------------------+---------+---------------------
*   1: printout of the result at time [hours]
*---+----+-------------------+-------------------+---------+---------------------
    1    0 3.9067200000000D+04
*---+----+-------------------+-------------------+---------+---------------------
    2    1 3.9067200000000D+04 5.1385000000000D+00
   0.84694   0.95865   0.95962   0.96585     0.982    1.0052    1.0353    1.0768
    1.1278    1.0419
    3    1 3.9067200000000D+04 3.1612052000000D+12
   0.84694   0.95865   0.95962   0.96585     0.982    1.0052    1.0353    1.0768
    1.1278    1.0419
    9    0 3.9067200000000D+04 2.9170000000000D+02
   10    0 3.9067200000000D+04 1.5800000000000D+01
*---+----+-------------------+-------------------+---------+---------------------
*   1: printout of the result at time [hours]
*---+----+-------------------+-------------------+---------+---------------------
    1    0 4.0010400000000D+04
*---+----+-------------------+-------------------+---------+---------------------
    2    1 4.0010400000000D+04 4.4893000000000D+00
   0.73263   0.82463   0.84245   0.87965   0.93333    0.9986    1.0759    1.1719
    1.2891    1.2519
    3    1 4.0010400000000D+04 2.6913353500000D+12
   0.73263   0.82463   0.84245   0.87965   0.93333    0.9986    1.0759    1.1719
    1.2891    1.2519
    9    0 4.0010400000000D+04 2.8120000000000D+02
   10    0 4.0010400000000D+04 1.5800000000000D+01
* data point #5300 end
*  00:  last line of data set (finishing the program)
*---+----+-------------------+-------------------+---------+---------------------
00000    0 4.0010400000000D+04
*---+----+-------------------+-------------------+---------+---------------------
