* data point #5502 begin
*
*---+----+-------------------+-------------------+---------+---------------------
*   1: printout of the result at time [hours]
*---+----+-------------------+-------------------+---------+---------------------
    1    0 0.0000000000000D+00
*---+----+-------------------+-------------------+---------+---------------------
    2    1 0.0000000000000D+00 1.5513500000000D+01
   0.63261   0.99797     1.103    1.1527    1.1792    1.1823    1.1602    1.1059
   0.96619   0.51993
    3    1 0.0000000000000D+00 6.8740318500000D+12
   0.63261   0.99797     1.103    1.1527    1.1792    1.1823    1.1602    1.1059
   0.96619   0.51993
    9    0 0.0000000000000D+00 2.9170000000000D+02
   10    0 0.0000000000000D+00 1.5800000000000D+01
*---+----+-------------------+-------------------+---------+---------------------
*   1: printout of the result at time [hours]
*---+----+-------------------+-------------------+---------+---------------------
    1    0 1.4400000000000D+02
*---+----+-------------------+-------------------+---------+---------------------
    2    1 1.4400000000000D+02 1.5963400000000D+01
   0.76281    1.1234    1.1764    1.1625    1.1424     1.114    1.0773    1.0255
   0.90864   0.50697
    3    1 1.4400000000000D+02 7.0829605800000D+12
   0.76281    1.1234    1.1764    1.1625    1.1424     1.114    1.0773    1.0255
   0.90864   0.50697
    9    0 1.4400000000000D+02 2.9170000000000D+02
   10    0 1.4400000000000D+02 1.5800000000000D+01
*---+----+-------------------+-------------------+---------+---------------------
*   1: printout of the result at time [hours]
*---+----+-------------------+-------------------+---------+---------------------
    1    0 1.4400000000000D+03
*---+----+-------------------+-------------------+---------+---------------------
    2    1 1.4400000000000D+03 1.6184400000000D+01
   0.81158    1.1328     1.148    1.1278    1.1069    1.0859    1.0631     1.032
   0.94239    0.5496
    3    1 1.4400000000000D+03 7.2133870800000D+12
   0.81158    1.1328     1.148    1.1278    1.1069    1.0859    1.0631     1.032
   0.94239    0.5496
    9    0 1.4400000000000D+03 2.9170000000000D+02
   10    0 1.4400000000000D+03 1.5800000000000D+01
*---+----+-------------------+-------------------+---------+---------------------
*   1: printout of the result at time [hours]
*---+----+-------------------+-------------------+---------+---------------------
    1    0 3.0456000000000D+03
*---+----+-------------------+-------------------+---------+---------------------
    2    1 3.0456000000000D+03 1.6485800000000D+01
   0.84279    1.1117     1.099    1.0738    1.0559    1.0443      1.04    1.0449
    1.0276   0.65996
    3    1 3.0456000000000D+03 7.3444239000000D+12
   0.84279    1.1117     1.099    1.0738    1.0559    1.0443      1.04    1.0449
    1.0276   0.65996
    9    0 3.0456000000000D+03 2.9170000000000D+02
   10    0 3.0456000000000D+03 1.5800000000000D+01
*---+----+-------------------+-------------------+---------+---------------------
*   1: printout of the result at time [hours]
*---+----+-------------------+-------------------+---------+---------------------
    1    0 4.9008000000000D+03
*---+----+-------------------+-------------------+---------+---------------------
    2    1 4.9008000000000D+03 1.2816600000000D+01
   0.68942   0.89127   0.91311   0.94534   0.99293    1.0501    1.1182    1.2042
    1.2917   0.90367
    3    1 4.9008000000000D+03 5.4496183200000D+12
   0.68942   0.89127   0.91311   0.94534   0.99293    1.0501    1.1182    1.2042
    1.2917   0.90367
    9    0 4.9008000000000D+03 2.7330000000000D+02
   10    0 4.9008000000000D+03 1.5800000000000D+01
*---+----+-------------------+-------------------+---------+---------------------
*   1: printout of the result at time [hours]
*---+----+-------------------+-------------------+---------+---------------------
    1    0 4.9046000000000D+03
*---+----+-------------------+-------------------+---------+---------------------
    2    1 4.9046000000000D+03 7.6524000000000D+00
   0.53813    0.7233   0.77989   0.85398   0.94964    1.0623    1.1927    1.3453
     1.494    1.0607
    3    1 4.9046000000000D+03 3.2637486000000D+12
   0.53813    0.7233   0.77989   0.85398   0.94964    1.0623    1.1927    1.3453
     1.494    1.0607
    9    0 4.9046000000000D+03 2.8340000000000D+02
   10    0 4.9046000000000D+03 1.5800000000000D+01
*---+----+-------------------+-------------------+---------+---------------------
*   1: printout of the result at time [hours]
*---+----+-------------------+-------------------+---------+---------------------
    1    0 4.9066000000000D+03
*---+----+-------------------+-------------------+---------+---------------------
    2    1 4.9066000000000D+03 2.0907100000000D+01
   0.75926    1.1141    1.1948     1.211    1.1845    1.1369    1.0709   0.98608
   0.85268   0.48983
    3    1 4.9066000000000D+03 1.0089766460000D+13
   0.75926    1.1141    1.1948     1.211    1.1845    1.1369    1.0709   0.98608
   0.85268   0.48983
    9    0 4.9066000000000D+03 2.9170000000000D+02
   10    0 4.9066000000000D+03 1.5800000000000D+01
*---+----+-------------------+-------------------+---------+---------------------
*   1: printout of the result at time [hours]
*---+----+-------------------+-------------------+---------+---------------------
    1    0 5.0496000000000D+03
*---+----+-------------------+-------------------+---------+---------------------
    2    1 5.0496000000000D+03 2.1168800000000D+01
   0.86235    1.1937    1.2278    1.1914    1.1427    1.0847    1.0209   0.94824
   0.83444    0.4937
    3    1 5.0496000000000D+03 1.0237231680000D+13
   0.86235    1.1937    1.2278    1.1914    1.1427    1.0847    1.0209   0.94824
   0.83444    0.4937
    9    0 5.0496000000000D+03 2.9170000000000D+02
   10    0 5.0496000000000D+03 1.5800000000000D+01
*---+----+-------------------+-------------------+---------+---------------------
*   1: printout of the result at time [hours]
*---+----+-------------------+-------------------+---------+---------------------
    1    0 6.4656000000000D+03
*---+----+-------------------+-------------------+---------+---------------------
    2    1 6.4656000000000D+03 2.0911400000000D+01
   0.86704    1.1396    1.1468    1.1237    1.0962    1.0672    1.0369    1.0027
   0.93346   0.58633
    3    1 6.4656000000000D+03 1.0154575840000D+13
   0.86704    1.1396    1.1468    1.1237    1.0962    1.0672    1.0369    1.0027
   0.93346   0.58633
    9    0 6.4656000000000D+03 2.9170000000000D+02
   10    0 6.4656000000000D+03 1.5800000000000D+01
*---+----+-------------------+-------------------+---------+---------------------
*   1: printout of the result at time [hours]
*---+----+-------------------+-------------------+---------+---------------------
    1    0 7.2912000000000D+03
*---+----+-------------------+-------------------+---------+---------------------
    2    1 7.2912000000000D+03 2.0894300000000D+01
   0.88383    1.1332    1.1242    1.0985    1.0734      1.05    1.0289    1.0096
   0.96644   0.63194
    3    1 7.2912000000000D+03 1.0152540370000D+13
   0.88383    1.1332    1.1242    1.0985    1.0734      1.05    1.0289    1.0096
   0.96644   0.63194
    9    0 7.2912000000000D+03 2.9170000000000D+02
   10    0 7.2912000000000D+03 1.5800000000000D+01
*---+----+-------------------+-------------------+---------+---------------------
*   1: printout of the result at time [hours]
*---+----+-------------------+-------------------+---------+---------------------
    1    0 7.9286000000000D+03
*---+----+-------------------+-------------------+---------+---------------------
    2    1 7.9286000000000D+03 2.0048000000000D+01
    0.7911    1.0094    1.0257    1.0356    1.0501    1.0664    1.0838     1.102
    1.0941   0.74167
    3    1 7.9286000000000D+03 9.5468576000000D+12
    0.7911    1.0094    1.0257    1.0356    1.0501    1.0664    1.0838     1.102
    1.0941   0.74167
    9    0 7.9286000000000D+03 2.8320000000000D+02
   10    0 7.9286000000000D+03 1.5800000000000D+01
*---+----+-------------------+-------------------+---------+---------------------
*   1: printout of the result at time [hours]
*---+----+-------------------+-------------------+---------+---------------------
    1    0 7.9306000000000D+03
*---+----+-------------------+-------------------+---------+---------------------
    2    1 7.9306000000000D+03 2.1816400000000D+01
   0.53304   0.80164   0.94594    1.0626    1.1557    1.2203    1.2521    1.2255
    1.1158   0.68733
    3    1 7.9306000000000D+03 1.2258635160000D+13
   0.53304   0.80164   0.94594    1.0626    1.1557    1.2203    1.2521    1.2255
    1.1158   0.68733
    9    0 7.9306000000000D+03 2.9170000000000D+02
   10    0 7.9306000000000D+03 1.5800000000000D+01
*---+----+-------------------+-------------------+---------+---------------------
*   1: printout of the result at time [hours]
*---+----+-------------------+-------------------+---------+---------------------
    1    0 8.0736000000000D+03
*---+----+-------------------+-------------------+---------+---------------------
    2    1 8.0736000000000D+03 2.1556200000000D+01
   0.70699    0.9845    1.0684    1.1107    1.1322    1.1492    1.1281    1.0926
   0.99865   0.62864
    3    1 8.0736000000000D+03 1.2101650680000D+13
   0.70699    0.9845    1.0684    1.1107    1.1322    1.1492    1.1281    1.0926
   0.99865   0.62864
    9    0 8.0736000000000D+03 2.9170000000000D+02
   10    0 8.0736000000000D+03 1.5800000000000D+01
*---+----+-------------------+-------------------+---------+---------------------
*   1: printout of the result at time [hours]
*---+----+-------------------+-------------------+---------+---------------------
    1    0 1.2969600000000D+04
*---+----+-------------------+-------------------+---------+---------------------
    2    1 1.2969600000000D+04 2.1402700000000D+01
   0.86643    1.1127    1.1361    1.1121    1.0888    1.0658    1.0428    1.0125
   0.94068   0.62212
    3    1 1.2969600000000D+04 1.2188837650000D+13
   0.86643    1.1127    1.1361    1.1121    1.0888    1.0658    1.0428    1.0125
   0.94068   0.62212
    9    0 1.2969600000000D+04 2.9170000000000D+02
   10    0 1.2969600000000D+04 1.5800000000000D+01
*---+----+-------------------+-------------------+---------+---------------------
*   1: printout of the result at time [hours]
*---+----+-------------------+-------------------+---------+---------------------
    1    0 1.5621600000000D+04
*---+----+-------------------+-------------------+---------+---------------------
    2    1 1.5621600000000D+04 2.1027300000000D+01
   0.87948    1.0614     1.048     1.033    1.0294    1.0345    1.0471    1.0651
    1.0575   0.74456
    3    1 1.5621600000000D+04 1.2019204680000D+13
   0.87948    1.0614     1.048     1.033    1.0294    1.0345    1.0471    1.0651
    1.0575   0.74456
    9    0 1.5621600000000D+04 2.9170000000000D+02
   10    0 1.5621600000000D+04 1.5800000000000D+01
*---+----+-------------------+-------------------+---------+---------------------
*   1: printout of the result at time [hours]
*---+----+-------------------+-------------------+---------+---------------------
    1    0 1.6407800000000D+04
*---+----+-------------------+-------------------+---------+---------------------
    2    1 1.6407800000000D+04 1.9733700000000D+01
   0.77284   0.92897   0.93804   0.95887    0.9949    1.0409    1.0963    1.1617
    1.2177   0.88985
    3    1 1.6407800000000D+04 1.0967990460000D+13
   0.77284   0.92897   0.93804   0.95887    0.9949    1.0409    1.0963    1.1617
    1.2177   0.88985
    9    0 1.6407800000000D+04 2.8120000000000D+02
   10    0 1.6407800000000D+04 1.5800000000000D+01
*---+----+-------------------+-------------------+---------+---------------------
*   1: printout of the result at time [hours]
*---+----+-------------------+-------------------+---------+---------------------
    1    0 1.6409800000000D+04
*---+----+-------------------+-------------------+---------+---------------------
    2    1 1.6409800000000D+04 1.9473200000000D+01
   0.43568   0.60647   0.72068   0.85102   0.99141    1.1323    1.2647     1.378
    1.4546    1.1651
    3    1 1.6409800000000D+04 1.1218510520000D+13
   0.43568   0.60647   0.72068   0.85102   0.99141    1.1323    1.2647     1.378
    1.4546    1.1651
    9    0 1.6409800000000D+04 2.9170000000000D+02
   10    0 1.6409800000000D+04 1.5800000000000D+01
*---+----+-------------------+-------------------+---------+---------------------
*   1: printout of the result at time [hours]
*---+----+-------------------+-------------------+---------+---------------------
    1    0 1.6552800000000D+04
*---+----+-------------------+-------------------+---------+---------------------
    2    1 1.6552800000000D+04 1.9544500000000D+01
   0.64013    0.8254   0.89253    0.9574    1.0227    1.0862    1.1468    1.2015
    1.2343   0.99296
    3    1 1.6552800000000D+04 1.1259586450000D+13
   0.64013    0.8254   0.89253    0.9574    1.0227    1.0862    1.1468    1.2015
    1.2343   0.99296
    9    0 1.6552800000000D+04 2.9170000000000D+02
   10    0 1.6552800000000D+04 1.5800000000000D+01
*---+----+-------------------+-------------------+---------+---------------------
*   1: printout of the result at time [hours]
*---+----+-------------------+-------------------+---------+---------------------
    1    0 2.1808800000000D+04
*---+----+-------------------+-------------------+---------+---------------------
    2    1 2.1808800000000D+04 1.9432900000000D+01
    0.9011    1.0667    1.0614    1.0501    1.0391    1.0295    1.0223    1.0173
   0.99995   0.81244
    3    1 2.1808800000000D+04 1.1475127450000D+13
    0.9011    1.0667    1.0614    1.0501    1.0391    1.0295    1.0223    1.0173
   0.99995   0.81244
    9    0 2.1808800000000D+04 2.9170000000000D+02
   10    0 2.1808800000000D+04 1.5800000000000D+01
*---+----+-------------------+-------------------+---------+---------------------
*   1: printout of the result at time [hours]
*---+----+-------------------+-------------------+---------+---------------------
    1    0 2.3690400000000D+04
*---+----+-------------------+-------------------+---------+---------------------
    2    1 2.3690400000000D+04 1.9160400000000D+01
   0.90259    1.0293    1.0151    1.0065    1.0058    1.0104    1.0209    1.0406
    1.0733    0.8956
    3    1 2.3690400000000D+04 1.1369781360000D+13
   0.90259    1.0293    1.0151    1.0065    1.0058    1.0104    1.0209    1.0406
    1.0733    0.8956
    9    0 2.3690400000000D+04 2.9170000000000D+02
   10    0 2.3690400000000D+04 1.5800000000000D+01
*---+----+-------------------+-------------------+---------+---------------------
*   1: printout of the result at time [hours]
*---+----+-------------------+-------------------+---------+---------------------
    1    0 2.4426200000000D+04
*---+----+-------------------+-------------------+---------+---------------------
    2    1 2.4426200000000D+04 1.7751800000000D+01
   0.79474   0.90351   0.90982   0.93376   0.97061    1.0149    1.0673     1.133
    1.2073    1.0651
    3    1 2.4426200000000D+04 1.0255214860000D+13
   0.79474   0.90351   0.90982   0.93376   0.97061    1.0149    1.0673     1.133
    1.2073    1.0651
    9    0 2.4426200000000D+04 2.8110000000000D+02
   10    0 2.4426200000000D+04 1.5800000000000D+01
*---+----+-------------------+-------------------+---------+---------------------
*   1: printout of the result at time [hours]
*---+----+-------------------+-------------------+---------+---------------------
    1    0 2.4428200000000D+04
*---+----+-------------------+-------------------+---------+---------------------
    2    1 2.4428200000000D+04 1.6835800000000D+01
   0.45504   0.68764   0.83845   0.97661    1.1048    1.2153    1.2963    1.3369
    1.2551    0.8337
    3    1 2.4428200000000D+04 1.0936535680000D+13
   0.45504   0.68764   0.83845   0.97661    1.1048    1.2153    1.2963    1.3369
    1.2551    0.8337
    9    0 2.4428200000000D+04 2.9170000000000D+02
   10    0 2.4428200000000D+04 1.5800000000000D+01
*---+----+-------------------+-------------------+---------+---------------------
*   1: printout of the result at time [hours]
*---+----+-------------------+-------------------+---------+---------------------
    1    0 2.4571200000000D+04
*---+----+-------------------+-------------------+---------+---------------------
    2    1 2.4571200000000D+04 1.6964900000000D+01
    0.6471    0.8998     0.998    1.0602    1.1068    1.1415    1.1629    1.1606
    1.0898   0.73328
    3    1 2.4571200000000D+04 1.0979683280000D+13
    0.6471    0.8998     0.998    1.0602    1.1068    1.1415    1.1629    1.1606
    1.0898   0.73328
    9    0 2.4571200000000D+04 2.9170000000000D+02
   10    0 2.4571200000000D+04 1.5800000000000D+01
*---+----+-------------------+-------------------+---------+---------------------
*   1: printout of the result at time [hours]
*---+----+-------------------+-------------------+---------+---------------------
    1    0 2.8027200000000D+04
*---+----+-------------------+-------------------+---------+---------------------
    2    1 2.8027200000000D+04 1.6269200000000D+01
   0.85081     1.046    1.0663    1.0548    1.0505    1.0492    1.0514    1.0542
    1.0268   0.75001
    3    1 2.8027200000000D+04 1.0500141680000D+13
   0.85081     1.046    1.0663    1.0548    1.0505    1.0492    1.0514    1.0542
    1.0268   0.75001
    9    0 2.8027200000000D+04 2.9170000000000D+02
   10    0 2.8027200000000D+04 1.5800000000000D+01
*---+----+-------------------+-------------------+---------+---------------------
*   1: printout of the result at time [hours]
*---+----+-------------------+-------------------+---------+---------------------
    1    0 3.0187200000000D+04
*---+----+-------------------+-------------------+---------+---------------------
    2    1 3.0187200000000D+04 1.5738500000000D+01
   0.90491    1.0657    1.0572     1.046    1.0383    1.0334    1.0317    1.0338
    1.0176   0.77148
    3    1 3.0187200000000D+04 1.0143463250000D+13
   0.90491    1.0657    1.0572     1.046    1.0383    1.0334    1.0317    1.0338
    1.0176   0.77148
    9    0 3.0187200000000D+04 2.9170000000000D+02
   10    0 3.0187200000000D+04 1.5800000000000D+01
*---+----+-------------------+-------------------+---------+---------------------
*   1: printout of the result at time [hours]
*---+----+-------------------+-------------------+---------+---------------------
    1    0 3.1490400000000D+04
*---+----+-------------------+-------------------+---------+---------------------
    2    1 3.1490400000000D+04 1.5765100000000D+01
   0.89616    1.0237    1.0123    1.0063    1.0092    1.0171    1.0301    1.0526
    1.0991   0.85353
    3    1 3.1490400000000D+04 1.0133806280000D+13
   0.89616    1.0237    1.0123    1.0063    1.0092    1.0171    1.0301    1.0526
    1.0991   0.85353
    9    0 3.1490400000000D+04 2.9170000000000D+02
   10    0 3.1490400000000D+04 1.5800000000000D+01
*---+----+-------------------+-------------------+---------+---------------------
*   1: printout of the result at time [hours]
*---+----+-------------------+-------------------+---------+---------------------
    1    0 3.1911800000000D+04
*---+----+-------------------+-------------------+---------+---------------------
    2    1 3.1911800000000D+04 1.4774900000000D+01
   0.81131   0.92928   0.93584   0.95635   0.98904     1.028    1.0726    1.1279
    1.1852   0.96447
    3    1 3.1911800000000D+04 9.3569441700000D+12
   0.81131   0.92928   0.93584   0.95635   0.98904     1.028    1.0726    1.1279
    1.1852   0.96447
    9    0 3.1911800000000D+04 2.8640000000000D+02
   10    0 3.1911800000000D+04 1.5800000000000D+01
*---+----+-------------------+-------------------+---------+---------------------
*   1: printout of the result at time [hours]
*---+----+-------------------+-------------------+---------+---------------------
    1    0 3.1913800000000D+04
*---+----+-------------------+-------------------+---------+---------------------
    2    1 3.1913800000000D+04 5.2023000000000D+00
   0.45461   0.66374   0.81426   0.95246    1.0809    1.1925    1.2748    1.3175
    1.2539   0.99533
    3    1 3.1913800000000D+04 3.4657722600000D+12
   0.45461   0.66374   0.81426   0.95246    1.0809    1.1925    1.2748    1.3175
    1.2539   0.99533
    9    0 3.1913800000000D+04 2.9170000000000D+02
   10    0 3.1913800000000D+04 1.5800000000000D+01
*---+----+-------------------+-------------------+---------+---------------------
*   1: printout of the result at time [hours]
*---+----+-------------------+-------------------+---------+---------------------
    1    0 3.2056800000000D+04
*---+----+-------------------+-------------------+---------+---------------------
    2    1 3.2056800000000D+04 5.4582000000000D+00
   0.63959   0.86017   0.96241    1.0304    1.0828    1.1236    1.1507    1.1537
    1.1033   0.89333
    3    1 3.2056800000000D+04 3.5729377200000D+12
   0.63959   0.86017   0.96241    1.0304    1.0828    1.1236    1.1507    1.1537
    1.1033   0.89333
    9    0 3.2056800000000D+04 2.9170000000000D+02
   10    0 3.2056800000000D+04 1.5800000000000D+01
*---+----+-------------------+-------------------+---------+---------------------
*   1: printout of the result at time [hours]
*---+----+-------------------+-------------------+---------+---------------------
    1    0 3.5512800000000D+04
*---+----+-------------------+-------------------+---------+---------------------
    2    1 3.5512800000000D+04 5.9013000000000D+00
   0.81626   0.99046    1.0189    1.0266    1.0323    1.0404    1.0513    1.0621
    1.0537   0.90794
    3    1 3.5512800000000D+04 3.7455551100000D+12
   0.81626   0.99046    1.0189    1.0266    1.0323    1.0404    1.0513    1.0621
    1.0537   0.90794
    9    0 3.5512800000000D+04 2.9170000000000D+02
   10    0 3.5512800000000D+04 1.5800000000000D+01
*---+----+-------------------+-------------------+---------+---------------------
*   1: printout of the result at time [hours]
*---+----+-------------------+-------------------+---------+---------------------
    1    0 3.7312800000000D+04
*---+----+-------------------+-------------------+---------+---------------------
    2    1 3.7312800000000D+04 6.0658000000000D+00
   0.85941    1.0076    1.0206     1.021    1.0221    1.0256    1.0323    1.0421
    1.0493   0.91991
    3    1 3.7312800000000D+04 3.7977973800000D+12
   0.85941    1.0076    1.0206     1.021    1.0221    1.0256    1.0323    1.0421
    1.0493   0.91991
    9    0 3.7312800000000D+04 2.9170000000000D+02
   10    0 3.7312800000000D+04 1.5800000000000D+01
*---+----+-------------------+-------------------+---------+---------------------
*   1: printout of the result at time [hours]
*---+----+-------------------+-------------------+---------+---------------------
    1    0 3.9067200000000D+04
*---+----+-------------------+-------------------+---------+---------------------
    2    1 3.9067200000000D+04 6.4593000000000D+00
   0.84684   0.95862    0.9597   0.96589   0.98199    1.0051    1.0354    1.0767
    1.1277    1.0421
    3    1 3.9067200000000D+04 3.9866799600000D+12
   0.84684   0.95862    0.9597   0.96589   0.98199    1.0051    1.0354    1.0767
    1.1277    1.0421
    9    0 3.9067200000000D+04 2.9170000000000D+02
   10    0 3.9067200000000D+04 1.5800000000000D+01
*---+----+-------------------+-------------------+---------+---------------------
*   1: printout of the result at time [hours]
*---+----+-------------------+-------------------+---------+---------------------
    1    0 4.0010400000000D+04
*---+----+-------------------+-------------------+---------+---------------------
    2    1 4.0010400000000D+04 5.6483000000000D+00
   0.73261   0.82467   0.84238   0.87956   0.93338   0.99871    1.0759    1.1719
    1.2891    1.2519
    3    1 4.0010400000000D+04 3.3974524500000D+12
   0.73261   0.82467   0.84238   0.87956   0.93338   0.99871    1.0759    1.1719
    1.2891    1.2519
    9    0 4.0010400000000D+04 2.8120000000000D+02
   10    0 4.0010400000000D+04 1.5800000000000D+01
* data point #5502 end
*  00:  last line of data set (finishing the program)
*---+----+-------------------+-------------------+---------+---------------------
00000    0 4.0010400000000D+04
*---+----+-------------------+-------------------+---------+---------------------
