* data point #5009 begin
*
*---+----+-------------------+-------------------+---------+---------------------
*   1: printout of the result at time [hours]
*---+----+-------------------+-------------------+---------+---------------------
    1    0 0.0000000000000D+00
*---+----+-------------------+-------------------+---------+---------------------
    2    1 0.0000000000000D+00 2.5788500000000D+01
   0.63214   0.99742    1.1025    1.1525    1.1792    1.1825    1.1606    1.1063
   0.96659   0.52015
    3    1 0.0000000000000D+00 1.1362413100000D+13
   0.63214   0.99742    1.1025    1.1525    1.1792    1.1825    1.1606    1.1063
   0.96659   0.52015
    9    0 0.0000000000000D+00 2.9170000000000D+02
   10    0 0.0000000000000D+00 1.5800000000000D+01
*---+----+-------------------+-------------------+---------+---------------------
*   1: printout of the result at time [hours]
*---+----+-------------------+-------------------+---------+---------------------
    1    0 1.4400000000000D+02
*---+----+-------------------+-------------------+---------+---------------------
    2    1 1.4400000000000D+02 2.5830400000000D+01
   0.76228    1.1229    1.1761    1.1624    1.1425    1.1143    1.0776    1.0259
   0.90897   0.50712
    3    1 1.4400000000000D+02 1.1455782400000D+13
   0.76228    1.1229    1.1761    1.1624    1.1425    1.1143    1.0776    1.0259
   0.90897   0.50712
    9    0 1.4400000000000D+02 2.9170000000000D+02
   10    0 1.4400000000000D+02 1.5800000000000D+01
*---+----+-------------------+-------------------+---------+---------------------
*   1: printout of the result at time [hours]
*---+----+-------------------+-------------------+---------+---------------------
    1    0 1.4400000000000D+03
*---+----+-------------------+-------------------+---------+---------------------
    2    1 1.4400000000000D+03 2.5419100000000D+01
   0.81112    1.1323    1.1478    1.1277     1.107    1.0861    1.0634    1.0323
   0.94264    0.5497
    3    1 1.4400000000000D+03 1.1474181740000D+13
   0.81112    1.1323    1.1478    1.1277     1.107    1.0861    1.0634    1.0323
   0.94264    0.5497
    9    0 1.4400000000000D+03 2.9170000000000D+02
   10    0 1.4400000000000D+03 1.5800000000000D+01
*---+----+-------------------+-------------------+---------+---------------------
*   1: printout of the result at time [hours]
*---+----+-------------------+-------------------+---------+---------------------
    1    0 3.0456000000000D+03
*---+----+-------------------+-------------------+---------+---------------------
    2    1 3.0456000000000D+03 2.4950800000000D+01
   0.84234    1.1115    1.0988    1.0737     1.056    1.0445    1.0402    1.0451
    1.0279   0.66006
    3    1 3.0456000000000D+03 1.1439941800000D+13
   0.84234    1.1115    1.0988    1.0737     1.056    1.0445    1.0402    1.0451
    1.0279   0.66006
    9    0 3.0456000000000D+03 2.9170000000000D+02
   10    0 3.0456000000000D+03 1.5800000000000D+01
*---+----+-------------------+-------------------+---------+---------------------
*   1: printout of the result at time [hours]
*---+----+-------------------+-------------------+---------+---------------------
    1    0 4.9008000000000D+03
*---+----+-------------------+-------------------+---------+---------------------
    2    1 4.9008000000000D+03 1.9340300000000D+01
   0.68918   0.89114   0.91307   0.94528   0.99295    1.0502    1.1183    1.2043
    1.2918   0.90376
    3    1 4.9008000000000D+03 8.5522806600000D+12
   0.68918   0.89114   0.91307   0.94528   0.99295    1.0502    1.1183    1.2043
    1.2918   0.90376
    9    0 4.9008000000000D+03 2.7330000000000D+02
   10    0 4.9008000000000D+03 1.5800000000000D+01
*---+----+-------------------+-------------------+---------+---------------------
*   1: printout of the result at time [hours]
*---+----+-------------------+-------------------+---------+---------------------
    1    0 4.9046000000000D+03
*---+----+-------------------+-------------------+---------+---------------------
    2    1 4.9046000000000D+03 1.1646200000000D+01
   0.53794   0.72324   0.77983   0.85393   0.94967    1.0624    1.1927    1.3454
     1.494    1.0608
    3    1 4.9046000000000D+03 5.1476204000000D+12
   0.53794   0.72324   0.77983   0.85393   0.94967    1.0624    1.1927    1.3454
     1.494    1.0608
    9    0 4.9046000000000D+03 2.8340000000000D+02
   10    0 4.9046000000000D+03 1.5800000000000D+01
*---+----+-------------------+-------------------+---------+---------------------
*   1: printout of the result at time [hours]
*---+----+-------------------+-------------------+---------+---------------------
    1    0 4.9066000000000D+03
*---+----+-------------------+-------------------+---------+---------------------
    2    1 4.9066000000000D+03 2.6482300000000D+01
   0.75892    1.1139    1.1948    1.2112    1.1848    1.1373    1.0711   0.98605
   0.85238    0.4895
    3    1 4.9066000000000D+03 1.2949844700000D+13
   0.75892    1.1139    1.1948    1.2112    1.1848    1.1373    1.0711   0.98605
   0.85238    0.4895
    9    0 4.9066000000000D+03 2.9170000000000D+02
   10    0 4.9066000000000D+03 1.5800000000000D+01
*---+----+-------------------+-------------------+---------+---------------------
*   1: printout of the result at time [hours]
*---+----+-------------------+-------------------+---------+---------------------
    1    0 5.0496000000000D+03
*---+----+-------------------+-------------------+---------+---------------------
    2    1 5.0496000000000D+03 2.6603800000000D+01
   0.86194    1.1935    1.2279    1.1916     1.143     1.085    1.0211   0.94825
    0.8342   0.49346
    3    1 5.0496000000000D+03 1.3057145040000D+13
   0.86194    1.1935    1.2279    1.1916     1.143     1.085    1.0211   0.94825
    0.8342   0.49346
    9    0 5.0496000000000D+03 2.9170000000000D+02
   10    0 5.0496000000000D+03 1.5800000000000D+01
*---+----+-------------------+-------------------+---------+---------------------
*   1: printout of the result at time [hours]
*---+----+-------------------+-------------------+---------+---------------------
    1    0 6.4656000000000D+03
*---+----+-------------------+-------------------+---------+---------------------
    2    1 6.4656000000000D+03 2.5850600000000D+01
   0.86659    1.1393    1.1467    1.1238    1.0965    1.0674    1.0372    1.0028
    0.9334   0.58621
    3    1 6.4656000000000D+03 1.2832237840000D+13
   0.86659    1.1393    1.1467    1.1238    1.0965    1.0674    1.0372    1.0028
    0.9334   0.58621
    9    0 6.4656000000000D+03 2.9170000000000D+02
   10    0 6.4656000000000D+03 1.5800000000000D+01
*---+----+-------------------+-------------------+---------+---------------------
*   1: printout of the result at time [hours]
*---+----+-------------------+-------------------+---------+---------------------
    1    0 7.2912000000000D+03
*---+----+-------------------+-------------------+---------+---------------------
    2    1 7.2912000000000D+03 2.5565900000000D+01
   0.88333    1.1329    1.1242    1.0986    1.0736    1.0502    1.0292    1.0097
   0.96648   0.63186
    3    1 7.2912000000000D+03 1.2749714330000D+13
   0.88333    1.1329    1.1242    1.0986    1.0736    1.0502    1.0292    1.0097
   0.96648   0.63186
    9    0 7.2912000000000D+03 2.9170000000000D+02
   10    0 7.2912000000000D+03 1.5800000000000D+01
*---+----+-------------------+-------------------+---------+---------------------
*   1: printout of the result at time [hours]
*---+----+-------------------+-------------------+---------+---------------------
    1    0 7.9286000000000D+03
*---+----+-------------------+-------------------+---------+---------------------
    2    1 7.9286000000000D+03 2.4438900000000D+01
   0.79067    1.0091    1.0256    1.0356    1.0503    1.0667    1.0841    1.1022
    1.0941   0.74165
    3    1 7.9286000000000D+03 1.1940846540000D+13
   0.79067    1.0091    1.0256    1.0356    1.0503    1.0667    1.0841    1.1022
    1.0941   0.74165
    9    0 7.9286000000000D+03 2.8320000000000D+02
   10    0 7.9286000000000D+03 1.5800000000000D+01
*---+----+-------------------+-------------------+---------+---------------------
*   1: printout of the result at time [hours]
*---+----+-------------------+-------------------+---------+---------------------
    1    0 7.9306000000000D+03
*---+----+-------------------+-------------------+---------+---------------------
    2    1 7.9306000000000D+03 2.3076000000000D+01
   0.53471   0.80447   0.94882     1.065    1.1571    1.2205    1.2511     1.223
    1.1118   0.68348
    3    1 7.9306000000000D+03 1.2398734800000D+13
   0.53471   0.80447   0.94882     1.065    1.1571    1.2205    1.2511     1.223
    1.1118   0.68348
    9    0 7.9306000000000D+03 2.9170000000000D+02
   10    0 7.9306000000000D+03 1.5800000000000D+01
*---+----+-------------------+-------------------+---------+---------------------
*   1: printout of the result at time [hours]
*---+----+-------------------+-------------------+---------+---------------------
    1    0 8.0736000000000D+03
*---+----+-------------------+-------------------+---------+---------------------
    2    1 8.0736000000000D+03 2.2945500000000D+01
   0.70881   0.98743    1.0711    1.1125    1.1331    1.1492    1.1269    1.0903
   0.99531   0.62531
    3    1 8.0736000000000D+03 1.2312555300000D+13
   0.70881   0.98743    1.0711    1.1125    1.1331    1.1492    1.1269    1.0903
   0.99531   0.62531
    9    0 8.0736000000000D+03 2.9170000000000D+02
   10    0 8.0736000000000D+03 1.5800000000000D+01
*---+----+-------------------+-------------------+---------+---------------------
*   1: printout of the result at time [hours]
*---+----+-------------------+-------------------+---------+---------------------
    1    0 1.2969600000000D+04
*---+----+-------------------+-------------------+---------+---------------------
    2    1 1.2969600000000D+04 2.1959300000000D+01
   0.86733    1.1139     1.137    1.1125     1.089    1.0657    1.0423    1.0118
   0.93965   0.62078
    3    1 1.2969600000000D+04 1.2077615000000D+13
   0.86733    1.1139     1.137    1.1125     1.089    1.0657    1.0423    1.0118
   0.93965   0.62078
    9    0 1.2969600000000D+04 2.9170000000000D+02
   10    0 1.2969600000000D+04 1.5800000000000D+01
*---+----+-------------------+-------------------+---------+---------------------
*   1: printout of the result at time [hours]
*---+----+-------------------+-------------------+---------+---------------------
    1    0 1.5621600000000D+04
*---+----+-------------------+-------------------+---------+---------------------
    2    1 1.5621600000000D+04 2.1485400000000D+01
   0.87999    1.0612    1.0476    1.0327    1.0292    1.0343    1.0471    1.0653
    1.0579   0.74469
    3    1 1.5621600000000D+04 1.1887871820000D+13
   0.87999    1.0612    1.0476    1.0327    1.0292    1.0343    1.0471    1.0653
    1.0579   0.74469
    9    0 1.5621600000000D+04 2.9170000000000D+02
   10    0 1.5621600000000D+04 1.5800000000000D+01
*---+----+-------------------+-------------------+---------+---------------------
*   1: printout of the result at time [hours]
*---+----+-------------------+-------------------+---------+---------------------
    1    0 1.6407800000000D+04
*---+----+-------------------+-------------------+---------+---------------------
    2    1 1.6407800000000D+04 2.0089600000000D+01
   0.77319   0.92869    0.9376   0.95851   0.99464    1.0408    1.0963    1.1619
    1.2181   0.89021
    3    1 1.6407800000000D+04 1.0808204800000D+13
   0.77319   0.92869    0.9376   0.95851   0.99464    1.0408    1.0963    1.1619
    1.2181   0.89021
    9    0 1.6407800000000D+04 2.8120000000000D+02
   10    0 1.6407800000000D+04 1.5800000000000D+01
*---+----+-------------------+-------------------+---------+---------------------
*   1: printout of the result at time [hours]
*---+----+-------------------+-------------------+---------+---------------------
    1    0 1.6409800000000D+04
*---+----+-------------------+-------------------+---------+---------------------
    2    1 1.6409800000000D+04 1.8216200000000D+01
   0.43527   0.60501   0.71909   0.84941   0.98994    1.1312    1.2641    1.3785
    1.4577    1.1697
    3    1 1.6409800000000D+04 1.0685622920000D+13
   0.43527   0.60501   0.71909   0.84941   0.98994    1.1312    1.2641    1.3785
    1.4577    1.1697
    9    0 1.6409800000000D+04 2.9170000000000D+02
   10    0 1.6409800000000D+04 1.5800000000000D+01
*---+----+-------------------+-------------------+---------+---------------------
*   1: printout of the result at time [hours]
*---+----+-------------------+-------------------+---------+---------------------
    1    0 1.6552800000000D+04
*---+----+-------------------+-------------------+---------+---------------------
    2    1 1.6552800000000D+04 1.8437200000000D+01
   0.63963   0.82361   0.89075   0.95589    1.0215    1.0856    1.1468    1.2024
    1.2366   0.99711
    3    1 1.6552800000000D+04 1.0817105240000D+13
   0.63963   0.82361   0.89075   0.95589    1.0215    1.0856    1.1468    1.2024
    1.2366   0.99711
    9    0 1.6552800000000D+04 2.9170000000000D+02
   10    0 1.6552800000000D+04 1.5800000000000D+01
*---+----+-------------------+-------------------+---------+---------------------
*   1: printout of the result at time [hours]
*---+----+-------------------+-------------------+---------+---------------------
    1    0 2.1808800000000D+04
*---+----+-------------------+-------------------+---------+---------------------
    2    1 2.1808800000000D+04 1.8916800000000D+01
   0.90052    1.0652    1.0601    1.0491    1.0385    1.0293    1.0226    1.0181
    1.0014   0.81504
    3    1 2.1808800000000D+04 1.1263062720000D+13
   0.90052    1.0652    1.0601    1.0491    1.0385    1.0293    1.0226    1.0181
    1.0014   0.81504
    9    0 2.1808800000000D+04 2.9170000000000D+02
   10    0 2.1808800000000D+04 1.5800000000000D+01
*---+----+-------------------+-------------------+---------+---------------------
*   1: printout of the result at time [hours]
*---+----+-------------------+-------------------+---------+---------------------
    1    0 2.3690400000000D+04
*---+----+-------------------+-------------------+---------+---------------------
    2    1 2.3690400000000D+04 1.8748100000000D+01
   0.90196    1.0279    1.0139    1.0055    1.0052    1.0101     1.021    1.0412
     1.075   0.89806
    3    1 2.3690400000000D+04 1.1188866080000D+13
   0.90196    1.0279    1.0139    1.0055    1.0052    1.0101     1.021    1.0412
     1.075   0.89806
    9    0 2.3690400000000D+04 2.9170000000000D+02
   10    0 2.3690400000000D+04 1.5800000000000D+01
*---+----+-------------------+-------------------+---------+---------------------
*   1: printout of the result at time [hours]
*---+----+-------------------+-------------------+---------+---------------------
    1    0 2.4426200000000D+04
*---+----+-------------------+-------------------+---------+---------------------
    2    1 2.4426200000000D+04 1.7259400000000D+01
   0.79429   0.90246   0.90878   0.93288   0.96996    1.0146    1.0672    1.1334
    1.2086    1.0678
    3    1 2.4426200000000D+04 9.9931926000000D+12
   0.79429   0.90246   0.90878   0.93288   0.96996    1.0146    1.0672    1.1334
    1.2086    1.0678
    9    0 2.4426200000000D+04 2.8110000000000D+02
   10    0 2.4426200000000D+04 1.5800000000000D+01
*---+----+-------------------+-------------------+---------+---------------------
*   1: printout of the result at time [hours]
*---+----+-------------------+-------------------+---------+---------------------
    1    0 2.4428200000000D+04
*---+----+-------------------+-------------------+---------+---------------------
    2    1 2.4428200000000D+04 1.4973300000000D+01
   0.48693   0.68168   0.81144   0.94094    1.0651    1.1752    1.2612    1.3185
    1.2845   0.97453
    3    1 2.4428200000000D+04 9.6008799600000D+12
   0.48693   0.68168   0.81144   0.94094    1.0651    1.1752    1.2612    1.3185
    1.2845   0.97453
    9    0 2.4428200000000D+04 2.9170000000000D+02
   10    0 2.4428200000000D+04 1.5800000000000D+01
*---+----+-------------------+-------------------+---------+---------------------
*   1: printout of the result at time [hours]
*---+----+-------------------+-------------------+---------+---------------------
    1    0 2.4571200000000D+04
*---+----+-------------------+-------------------+---------+---------------------
    2    1 2.4571200000000D+04 1.4960900000000D+01
   0.68686   0.88905   0.96471    1.0219    1.0691    1.1072    1.1352    1.1549
    1.1157   0.85543
    3    1 2.4571200000000D+04 9.5615111900000D+12
   0.68686   0.88905   0.96471    1.0219    1.0691    1.1072    1.1352    1.1549
    1.1157   0.85543
    9    0 2.4571200000000D+04 2.9170000000000D+02
   10    0 2.4571200000000D+04 1.5800000000000D+01
*---+----+-------------------+-------------------+---------+---------------------
*   1: printout of the result at time [hours]
*---+----+-------------------+-------------------+---------+---------------------
    1    0 2.8027200000000D+04
*---+----+-------------------+-------------------+---------+---------------------
    2    1 2.8027200000000D+04 1.5555300000000D+01
   0.87745    1.0456    1.0534    1.0471    1.0408    1.0371    1.0365    1.0372
    1.0161   0.80886
    3    1 2.8027200000000D+04 9.8978373900000D+12
   0.87745    1.0456    1.0534    1.0471    1.0408    1.0371    1.0365    1.0372
    1.0161   0.80886
    9    0 2.8027200000000D+04 2.9170000000000D+02
   10    0 2.8027200000000D+04 1.5800000000000D+01
*---+----+-------------------+-------------------+---------+---------------------
*   1: printout of the result at time [hours]
*---+----+-------------------+-------------------+---------+---------------------
    1    0 3.0187200000000D+04
*---+----+-------------------+-------------------+---------+---------------------
    2    1 3.0187200000000D+04 1.5918600000000D+01
   0.91867    1.0808    1.0739    1.0581     1.043    1.0296    1.0186    1.0092
   0.98099   0.78707
    3    1 3.0187200000000D+04 1.0129005180000D+13
   0.91867    1.0808    1.0739    1.0581     1.043    1.0296    1.0186    1.0092
   0.98099   0.78707
    9    0 3.0187200000000D+04 2.9170000000000D+02
   10    0 3.0187200000000D+04 1.5800000000000D+01
*---+----+-------------------+-------------------+---------+---------------------
*   1: printout of the result at time [hours]
*---+----+-------------------+-------------------+---------+---------------------
    1    0 3.1490400000000D+04
*---+----+-------------------+-------------------+---------+---------------------
    2    1 3.1490400000000D+04 1.6014200000000D+01
    0.8987     1.026    1.0165    1.0112    1.0142     1.021     1.031    1.0466
    1.0597   0.87516
    3    1 3.1490400000000D+04 1.0175422680000D+13
    0.8987     1.026    1.0165    1.0112    1.0142     1.021     1.031    1.0466
    1.0597   0.87516
    9    0 3.1490400000000D+04 2.9170000000000D+02
   10    0 3.1490400000000D+04 1.5800000000000D+01
*---+----+-------------------+-------------------+---------+---------------------
*   1: printout of the result at time [hours]
*---+----+-------------------+-------------------+---------+---------------------
    1    0 3.1911800000000D+04
*---+----+-------------------+-------------------+---------+---------------------
    2    1 3.1911800000000D+04 1.5112800000000D+01
   0.80455   0.92107    0.9306   0.95369    0.9885    1.0285    1.0728    1.1241
    1.1838   0.99234
    3    1 3.1911800000000D+04 9.4439887200000D+12
   0.80455   0.92107    0.9306   0.95369    0.9885    1.0285    1.0728    1.1241
    1.1838   0.99234
    9    0 3.1911800000000D+04 2.8640000000000D+02
   10    0 3.1911800000000D+04 1.5800000000000D+01
*---+----+-------------------+-------------------+---------+---------------------
*   1: printout of the result at time [hours]
*---+----+-------------------+-------------------+---------+---------------------
    1    0 3.1913800000000D+04
*---+----+-------------------+-------------------+---------+---------------------
    2    1 3.1913800000000D+04 2.9018000000000D+00
   0.48659   0.70163   0.84568   0.97526    1.0924      1.19    1.2572    1.2858
    1.2223   0.94321
    3    1 3.1913800000000D+04 1.9453667200000D+12
   0.48659   0.70163   0.84568   0.97526    1.0924      1.19    1.2572    1.2858
    1.2223   0.94321
    9    0 3.1913800000000D+04 2.9170000000000D+02
   10    0 3.1913800000000D+04 1.5800000000000D+01
*---+----+-------------------+-------------------+---------+---------------------
*   1: printout of the result at time [hours]
*---+----+-------------------+-------------------+---------+---------------------
    1    0 3.2056800000000D+04
*---+----+-------------------+-------------------+---------+---------------------
    2    1 3.2056800000000D+04 3.0060000000000D+00
   0.67532   0.89754   0.98769    1.0442    1.0855    1.1154    1.1367    1.1274
    1.0788    0.8513
    3    1 3.2056800000000D+04 1.9851624000000D+12
   0.67532   0.89754   0.98769    1.0442    1.0855    1.1154    1.1367    1.1274
    1.0788    0.8513
    9    0 3.2056800000000D+04 2.9170000000000D+02
   10    0 3.2056800000000D+04 1.5800000000000D+01
*---+----+-------------------+-------------------+---------+---------------------
*   1: printout of the result at time [hours]
*---+----+-------------------+-------------------+---------+---------------------
    1    0 3.5512800000000D+04
*---+----+-------------------+-------------------+---------+---------------------
    2    1 3.5512800000000D+04 3.4212000000000D+00
   0.83275      1.03    1.0634     1.054    1.0485     1.045    1.0435      1.04
    1.0134   0.82953
    3    1 3.5512800000000D+04 2.1881995200000D+12
   0.83275      1.03    1.0634     1.054    1.0485     1.045    1.0435      1.04
    1.0134   0.82953
    9    0 3.5512800000000D+04 2.9170000000000D+02
   10    0 3.5512800000000D+04 1.5800000000000D+01
*---+----+-------------------+-------------------+---------+---------------------
*   1: printout of the result at time [hours]
*---+----+-------------------+-------------------+---------+---------------------
    1    0 3.7312800000000D+04
*---+----+-------------------+-------------------+---------+---------------------
    2    1 3.7312800000000D+04 3.6465000000000D+00
   0.86357    1.0585    1.0838    1.0649    1.0503    1.0377    1.0276    1.0166
    0.9856   0.81146
    3    1 3.7312800000000D+04 2.3078698500000D+12
   0.86357    1.0585    1.0838    1.0649    1.0503    1.0377    1.0276    1.0166
    0.9856   0.81146
    9    0 3.7312800000000D+04 2.9170000000000D+02
   10    0 3.7312800000000D+04 1.5800000000000D+01
*---+----+-------------------+-------------------+---------+---------------------
*   1: printout of the result at time [hours]
*---+----+-------------------+-------------------+---------+---------------------
    1    0 3.9067200000000D+04
*---+----+-------------------+-------------------+---------+---------------------
    2    1 3.9067200000000D+04 3.9098000000000D+00
   0.83508    0.9911   0.99545   0.99724    1.0085    1.0261    1.0489    1.0763
    1.0934   0.92792
    3    1 3.9067200000000D+04 2.4381512800000D+12
   0.83508    0.9911   0.99545   0.99724    1.0085    1.0261    1.0489    1.0763
    1.0934   0.92792
    9    0 3.9067200000000D+04 2.9170000000000D+02
   10    0 3.9067200000000D+04 1.5800000000000D+01
*---+----+-------------------+-------------------+---------+---------------------
*   1: printout of the result at time [hours]
*---+----+-------------------+-------------------+---------+---------------------
    1    0 4.0010400000000D+04
*---+----+-------------------+-------------------+---------+---------------------
    2    1 4.0010400000000D+04 3.4165000000000D+00
    0.7133   0.84355   0.86755   0.90531   0.95946    1.0241    1.0991    1.1875
    1.2694    1.1307
    3    1 4.0010400000000D+04 2.0659575500000D+12
    0.7133   0.84355   0.86755   0.90531   0.95946    1.0241    1.0991    1.1875
    1.2694    1.1307
    9    0 4.0010400000000D+04 2.8120000000000D+02
   10    0 4.0010400000000D+04 1.5800000000000D+01
* data point #5009 end
*  00:  last line of data set (finishing the program)
*---+----+-------------------+-------------------+---------+---------------------
00000    0 4.0010400000000D+04
*---+----+-------------------+-------------------+---------+---------------------
