* data point #5484 begin
*
*---+----+-------------------+-------------------+---------+---------------------
*   1: printout of the result at time [hours]
*---+----+-------------------+-------------------+---------+---------------------
    1    0 0.0000000000000D+00
*---+----+-------------------+-------------------+---------+---------------------
    2    1 0.0000000000000D+00 2.0947300000000D+01
   0.51458   0.72386   0.86068   0.98356    1.0974    1.1953    1.2673    1.3028
    1.2283   0.82622
    3    1 0.0000000000000D+00 1.1510541350000D+13
   0.51458   0.72386   0.86068   0.98356    1.0974    1.1953    1.2673    1.3028
    1.2283   0.82622
    9    0 0.0000000000000D+00 2.9170000000000D+02
   10    0 0.0000000000000D+00 1.5800000000000D+01
*---+----+-------------------+-------------------+---------+---------------------
*   1: printout of the result at time [hours]
*---+----+-------------------+-------------------+---------+---------------------
    1    0 1.4400000000000D+02
*---+----+-------------------+-------------------+---------+---------------------
    2    1 1.4400000000000D+02 2.0773100000000D+01
   0.72613   0.94025    1.0177    1.0618     1.094    1.1177    1.1352    1.1257
    1.0592   0.72233
    3    1 1.4400000000000D+02 1.1427282310000D+13
   0.72613   0.94025    1.0177    1.0618     1.094    1.1177    1.1352    1.1257
    1.0592   0.72233
    9    0 1.4400000000000D+02 2.9170000000000D+02
   10    0 1.4400000000000D+02 1.5800000000000D+01
*---+----+-------------------+-------------------+---------+---------------------
*   1: printout of the result at time [hours]
*---+----+-------------------+-------------------+---------+---------------------
    1    0 5.4000000000000D+03
*---+----+-------------------+-------------------+---------+---------------------
    2    1 5.4000000000000D+03 2.3505700000000D+01
   0.88795    1.1521     1.156    1.1236    1.0891    1.0566    1.0261   0.99231
   0.91659    0.5996
    3    1 5.4000000000000D+03 1.2272325970000D+13
   0.88795    1.1521     1.156    1.1236    1.0891    1.0566    1.0261   0.99231
   0.91659    0.5996
    9    0 5.4000000000000D+03 2.9170000000000D+02
   10    0 5.4000000000000D+03 1.5800000000000D+01
*---+----+-------------------+-------------------+---------+---------------------
*   1: printout of the result at time [hours]
*---+----+-------------------+-------------------+---------+---------------------
    1    0 7.2816000000000D+03
*---+----+-------------------+-------------------+---------+---------------------
    2    1 7.2816000000000D+03 2.3893400000000D+01
   0.87576    1.1089    1.0896    1.0662    1.0509    1.0411    1.0364    1.0369
    1.0132   0.68107
    3    1 7.2816000000000D+03 1.2271650240000D+13
   0.87576    1.1089    1.0896    1.0662    1.0509    1.0411    1.0364    1.0369
    1.0132   0.68107
    9    0 7.2816000000000D+03 2.9170000000000D+02
   10    0 7.2816000000000D+03 1.5800000000000D+01
*---+----+-------------------+-------------------+---------+---------------------
*   1: printout of the result at time [hours]
*---+----+-------------------+-------------------+---------+---------------------
    1    0 8.0174000000000D+03
*---+----+-------------------+-------------------+---------+---------------------
    2    1 8.0174000000000D+03 2.2456400000000D+01
   0.77127    0.9713   0.97928   0.99339    1.0196    1.0523    1.0909    1.1378
    1.1677   0.81647
    3    1 8.0174000000000D+03 1.1187778480000D+13
   0.77127    0.9713   0.97928   0.99339    1.0196    1.0523    1.0909    1.1378
    1.1677   0.81647
    9    0 8.0174000000000D+03 2.8110000000000D+02
   10    0 8.0174000000000D+03 1.5800000000000D+01
*---+----+-------------------+-------------------+---------+---------------------
*   1: printout of the result at time [hours]
*---+----+-------------------+-------------------+---------+---------------------
    1    0 8.0194000000000D+03
*---+----+-------------------+-------------------+---------+---------------------
    2    1 8.0194000000000D+03 2.1620200000000D+01
   0.44796   0.71054   0.85855   0.99328    1.1169    1.2201    1.2913    1.3205
    1.2305   0.81035
    3    1 8.0194000000000D+03 1.1024139980000D+13
   0.44796   0.71054   0.85855   0.99328    1.1169    1.2201    1.2913    1.3205
    1.2305   0.81035
    9    0 8.0194000000000D+03 2.9170000000000D+02
   10    0 8.0194000000000D+03 1.5800000000000D+01
*---+----+-------------------+-------------------+---------+---------------------
*   1: printout of the result at time [hours]
*---+----+-------------------+-------------------+---------+---------------------
    1    0 8.1624000000000D+03
*---+----+-------------------+-------------------+---------+---------------------
    2    1 8.1624000000000D+03 2.1605000000000D+01
   0.63749   0.93085    1.0228     1.078    1.1172    1.1431    1.1581    1.1425
    1.0617   0.70826
    3    1 8.1624000000000D+03 1.1025031500000D+13
   0.63749   0.93085    1.0228     1.078    1.1172    1.1431    1.1581    1.1425
    1.0617   0.70826
    9    0 8.1624000000000D+03 2.9170000000000D+02
   10    0 8.1624000000000D+03 1.5800000000000D+01
*---+----+-------------------+-------------------+---------+---------------------
*   1: printout of the result at time [hours]
*---+----+-------------------+-------------------+---------+---------------------
    1    0 1.1618400000000D+04
*---+----+-------------------+-------------------+---------+---------------------
    2    1 1.1618400000000D+04 2.0495300000000D+01
   0.84522    1.0803    1.0852     1.072    1.0599    1.0504    1.0439     1.038
    1.0006   0.72451
    3    1 1.1618400000000D+04 1.0567376680000D+13
   0.84522    1.0803    1.0852     1.072    1.0599    1.0504    1.0439     1.038
    1.0006   0.72451
    9    0 1.1618400000000D+04 2.9170000000000D+02
   10    0 1.1618400000000D+04 1.5800000000000D+01
*---+----+-------------------+-------------------+---------+---------------------
*   1: printout of the result at time [hours]
*---+----+-------------------+-------------------+---------+---------------------
    1    0 1.3778400000000D+04
*---+----+-------------------+-------------------+---------+---------------------
    2    1 1.3778400000000D+04 1.9785500000000D+01
    0.8998    1.0949    1.0791    1.0609    1.0464    1.0342    1.0248    1.0189
    0.9932   0.74777
    3    1 1.3778400000000D+04 1.0248889000000D+13
    0.8998    1.0949    1.0791    1.0609    1.0464    1.0342    1.0248    1.0189
    0.9932   0.74777
    9    0 1.3778400000000D+04 2.9170000000000D+02
   10    0 1.3778400000000D+04 1.5800000000000D+01
*---+----+-------------------+-------------------+---------+---------------------
*   1: printout of the result at time [hours]
*---+----+-------------------+-------------------+---------+---------------------
    1    0 1.5081600000000D+04
*---+----+-------------------+-------------------+---------+---------------------
    2    1 1.5081600000000D+04 1.9709800000000D+01
   0.89448    1.0513    1.0332    1.0217    1.0191    1.0209     1.027     1.042
    1.0593   0.83106
    3    1 1.5081600000000D+04 1.0247125020000D+13
   0.89448    1.0513    1.0332    1.0217    1.0191    1.0209     1.027     1.042
    1.0593   0.83106
    9    0 1.5081600000000D+04 2.9170000000000D+02
   10    0 1.5081600000000D+04 1.5800000000000D+01
*---+----+-------------------+-------------------+---------+---------------------
*   1: printout of the result at time [hours]
*---+----+-------------------+-------------------+---------+---------------------
    1    0 1.5503000000000D+04
*---+----+-------------------+-------------------+---------+---------------------
    2    1 1.5503000000000D+04 1.8576700000000D+01
   0.80569   0.94893   0.95065   0.96745   0.99614    1.0301    1.0688     1.117
    1.1734   0.94188
    3    1 1.5503000000000D+04 9.5094127300000D+12
   0.80569   0.94893   0.95065   0.96745   0.99614    1.0301    1.0688     1.117
    1.1734   0.94188
    9    0 1.5503000000000D+04 2.8640000000000D+02
   10    0 1.5503000000000D+04 1.5800000000000D+01
*---+----+-------------------+-------------------+---------+---------------------
*   1: printout of the result at time [hours]
*---+----+-------------------+-------------------+---------+---------------------
    1    0 1.5505000000000D+04
*---+----+-------------------+-------------------+---------+---------------------
    2    1 1.5505000000000D+04 2.1290300000000D+01
   0.50328   0.72117   0.85588   0.98392    1.1015    1.1993    1.2667    1.2974
    1.2347   0.83611
    3    1 1.5505000000000D+04 1.2209987050000D+13
   0.50328   0.72117   0.85588   0.98392    1.1015    1.1993    1.2667    1.2974
    1.2347   0.83611
    9    0 1.5505000000000D+04 2.9170000000000D+02
   10    0 1.5505000000000D+04 1.5800000000000D+01
*---+----+-------------------+-------------------+---------+---------------------
*   1: printout of the result at time [hours]
*---+----+-------------------+-------------------+---------+---------------------
    1    0 1.5648000000000D+04
*---+----+-------------------+-------------------+---------+---------------------
    2    1 1.5648000000000D+04 2.0960800000000D+01
   0.69892   0.92621    1.0034    1.0563     1.096     1.124    1.1424     1.133
    1.0794   0.74033
    3    1 1.5648000000000D+04 1.1997961920000D+13
   0.69892   0.92621    1.0034    1.0563     1.096     1.124    1.1424     1.133
    1.0794   0.74033
    9    0 1.5648000000000D+04 2.9170000000000D+02
   10    0 1.5648000000000D+04 1.5800000000000D+01
*---+----+-------------------+-------------------+---------+---------------------
*   1: printout of the result at time [hours]
*---+----+-------------------+-------------------+---------+---------------------
    1    0 1.9104000000000D+04
*---+----+-------------------+-------------------+---------+---------------------
    2    1 1.9104000000000D+04 2.0951800000000D+01
   0.87329    1.0705    1.0871    1.0714    1.0601    1.0504    1.0424    1.0332
   0.99758   0.71402
    3    1 1.9104000000000D+04 1.2244231920000D+13
   0.87329    1.0705    1.0871    1.0714    1.0601    1.0504    1.0424    1.0332
   0.99758   0.71402
    9    0 1.9104000000000D+04 2.9170000000000D+02
   10    0 1.9104000000000D+04 1.5800000000000D+01
*---+----+-------------------+-------------------+---------+---------------------
*   1: printout of the result at time [hours]
*---+----+-------------------+-------------------+---------+---------------------
    1    0 2.0904000000000D+04
*---+----+-------------------+-------------------+---------+---------------------
    2    1 2.0904000000000D+04 2.1087800000000D+01
   0.90626    1.1005     1.102    1.0829    1.0624    1.0433    1.0262    1.0091
   0.96852   0.69875
    3    1 2.0904000000000D+04 1.2443910780000D+13
   0.90626    1.1005     1.102    1.0829    1.0624    1.0433    1.0262    1.0091
   0.96852   0.69875
    9    0 2.0904000000000D+04 2.9170000000000D+02
   10    0 2.0904000000000D+04 1.5800000000000D+01
*---+----+-------------------+-------------------+---------+---------------------
*   1: printout of the result at time [hours]
*---+----+-------------------+-------------------+---------+---------------------
    1    0 2.2658400000000D+04
*---+----+-------------------+-------------------+---------+---------------------
    2    1 2.2658400000000D+04 2.0912100000000D+01
   0.87896    1.0264    1.0171    1.0136    1.0201    1.0321    1.0482    1.0693
    1.0817    0.8125
    3    1 2.2658400000000D+04 1.2394601670000D+13
   0.87896    1.0264    1.0171    1.0136    1.0201    1.0321    1.0482    1.0693
    1.0817    0.8125
    9    0 2.2658400000000D+04 2.9170000000000D+02
   10    0 2.2658400000000D+04 1.5800000000000D+01
*---+----+-------------------+-------------------+---------+---------------------
*   1: printout of the result at time [hours]
*---+----+-------------------+-------------------+---------+---------------------
    1    0 2.3601600000000D+04
*---+----+-------------------+-------------------+---------+---------------------
    2    1 2.3601600000000D+04 1.8277800000000D+01
   0.74418   0.86613   0.88211   0.91855    0.9714     1.034    1.1058    1.1909
     1.273     1.014
    3    1 2.3601600000000D+04 1.0524357240000D+13
   0.74418   0.86613   0.88211   0.91855    0.9714     1.034    1.1058    1.1909
     1.273     1.014
    9    0 2.3601600000000D+04 2.8120000000000D+02
   10    0 2.3601600000000D+04 1.5800000000000D+01
* data point #5484 end
*  00:  last line of data set (finishing the program)
*---+----+-------------------+-------------------+---------+---------------------
00000    0 2.3601600000000D+04
*---+----+-------------------+-------------------+---------+---------------------
