* data point #5268 begin
*
*---+----+-------------------+-------------------+---------+---------------------
*   1: printout of the result at time [hours]
*---+----+-------------------+-------------------+---------+---------------------
    1    0 0.0000000000000D+00
*---+----+-------------------+-------------------+---------+---------------------
    2    1 0.0000000000000D+00 1.6153400000000D+01
   0.56904   0.83623   0.99614    1.1134    1.1976     1.245    1.2426    1.1793
    1.0106   0.61009
    3    1 0.0000000000000D+00 7.9329347400000D+12
   0.56904   0.83623   0.99614    1.1134    1.1976     1.245    1.2426    1.1793
    1.0106   0.61009
    9    0 0.0000000000000D+00 2.9170000000000D+02
   10    0 0.0000000000000D+00 1.5800000000000D+01
*---+----+-------------------+-------------------+---------+---------------------
*   1: printout of the result at time [hours]
*---+----+-------------------+-------------------+---------+---------------------
    1    0 1.4400000000000D+02
*---+----+-------------------+-------------------+---------+---------------------
    2    1 1.4400000000000D+02 1.6634000000000D+01
   0.73025   0.99092    1.0899     1.136     1.157    1.1576    1.1354    1.0776
    0.9394   0.58591
    3    1 1.4400000000000D+02 8.1706208000000D+12
   0.73025   0.99092    1.0899     1.136     1.157    1.1576    1.1354    1.0776
    0.9394   0.58591
    9    0 1.4400000000000D+02 2.9170000000000D+02
   10    0 1.4400000000000D+02 1.5800000000000D+01
*---+----+-------------------+-------------------+---------+---------------------
*   1: printout of the result at time [hours]
*---+----+-------------------+-------------------+---------+---------------------
    1    0 3.6000000000000D+03
*---+----+-------------------+-------------------+---------+---------------------
    2    1 3.6000000000000D+03 1.7685700000000D+01
    0.8577    1.0931     1.109    1.0933    1.0775    1.0649    1.0542    1.0378
   0.97045   0.64193
    3    1 3.6000000000000D+03 8.5828702100000D+12
    0.8577    1.0931     1.109    1.0933    1.0775    1.0649    1.0542    1.0378
   0.97045   0.64193
    9    0 3.6000000000000D+03 2.9170000000000D+02
   10    0 3.6000000000000D+03 1.5800000000000D+01
*---+----+-------------------+-------------------+---------+---------------------
*   1: printout of the result at time [hours]
*---+----+-------------------+-------------------+---------+---------------------
    1    0 5.7600000000000D+03
*---+----+-------------------+-------------------+---------+---------------------
    2    1 5.7600000000000D+03 1.8525200000000D+01
   0.88204    1.1404     1.128    1.0956    1.0682    1.0465    1.0299    1.0145
    0.9588   0.63605
    3    1 5.7600000000000D+03 8.9235888400000D+12
   0.88204    1.1404     1.128    1.0956    1.0682    1.0465    1.0299    1.0145
    0.9588   0.63605
    9    0 5.7600000000000D+03 2.9170000000000D+02
   10    0 5.7600000000000D+03 1.5800000000000D+01
*---+----+-------------------+-------------------+---------+---------------------
*   1: printout of the result at time [hours]
*---+----+-------------------+-------------------+---------+---------------------
    1    0 6.9888000000000D+03
*---+----+-------------------+-------------------+---------+---------------------
    2    1 6.9888000000000D+03 1.9014000000000D+01
   0.87625    1.1171     1.088    1.0585    1.0398    1.0292    1.0277    1.0377
    1.0278   0.69796
    3    1 6.9888000000000D+03 9.0772836000000D+12
   0.87625    1.1171     1.088    1.0585    1.0398    1.0292    1.0277    1.0377
    1.0278   0.69796
    9    0 6.9888000000000D+03 2.9170000000000D+02
   10    0 6.9888000000000D+03 1.5800000000000D+01
*---+----+-------------------+-------------------+---------+---------------------
*   1: printout of the result at time [hours]
*---+----+-------------------+-------------------+---------+---------------------
    1    0 8.4830000000000D+03
*---+----+-------------------+-------------------+---------+---------------------
    2    1 8.4830000000000D+03 1.6301100000000D+01
    0.7251   0.90963   0.91675   0.94215   0.98404    1.0359    1.0996    1.1842
    1.2806    0.9219
    3    1 8.4830000000000D+03 7.4088499500000D+12
    0.7251   0.90963   0.91675   0.94215   0.98404    1.0359    1.0996    1.1842
    1.2806    0.9219
    9    0 8.4830000000000D+03 2.7520000000000D+02
   10    0 8.4830000000000D+03 1.5800000000000D+01
*---+----+-------------------+-------------------+---------+---------------------
*   1: printout of the result at time [hours]
*---+----+-------------------+-------------------+---------+---------------------
    1    0 8.4850000000000D+03
*---+----+-------------------+-------------------+---------+---------------------
    2    1 8.4850000000000D+03 2.4333300000000D+01
   0.68166   0.99173    1.0855    1.1334    1.1582    1.1591    1.1353     1.084
   0.97537   0.59577
    3    1 8.4850000000000D+03 1.2468382920000D+13
   0.68166   0.99173    1.0855    1.1334    1.1582    1.1591    1.1353     1.084
   0.97537   0.59577
    9    0 8.4850000000000D+03 2.9170000000000D+02
   10    0 8.4850000000000D+03 1.5800000000000D+01
*---+----+-------------------+-------------------+---------+---------------------
*   1: printout of the result at time [hours]
*---+----+-------------------+-------------------+---------+---------------------
    1    0 8.6280000000000D+03
*---+----+-------------------+-------------------+---------+---------------------
    2    1 8.6280000000000D+03 2.3798000000000D+01
   0.79914     1.098    1.1471    1.1385    1.1236    1.0989    1.0649    1.0184
   0.92894    0.5824
    3    1 8.6280000000000D+03 1.2156018400000D+13
   0.79914     1.098    1.1471    1.1385    1.1236    1.0989    1.0649    1.0184
   0.92894    0.5824
    9    0 8.6280000000000D+03 2.9170000000000D+02
   10    0 8.6280000000000D+03 1.5800000000000D+01
*---+----+-------------------+-------------------+---------+---------------------
*   1: printout of the result at time [hours]
*---+----+-------------------+-------------------+---------+---------------------
    1    0 9.9240000000000D+03
*---+----+-------------------+-------------------+---------+---------------------
    2    1 9.9240000000000D+03 2.3546400000000D+01
   0.83682    1.0978    1.1217    1.1038    1.0902    1.0745    1.0557    1.0296
    0.9638     0.626
    3    1 9.9240000000000D+03 1.2067530000000D+13
   0.83682    1.0978    1.1217    1.1038    1.0902    1.0745    1.0557    1.0296
    0.9638     0.626
    9    0 9.9240000000000D+03 2.9170000000000D+02
   10    0 9.9240000000000D+03 1.5800000000000D+01
*---+----+-------------------+-------------------+---------+---------------------
*   1: printout of the result at time [hours]
*---+----+-------------------+-------------------+---------+---------------------
    1    0 1.1529600000000D+04
*---+----+-------------------+-------------------+---------+---------------------
    2    1 1.1529600000000D+04 2.3034100000000D+01
   0.85734     1.078    1.0735    1.0584    1.0486    1.0428     1.042    1.0468
     1.034    0.7185
    3    1 1.1529600000000D+04 1.1857954680000D+13
   0.85734     1.078    1.0735    1.0584    1.0486    1.0428     1.042    1.0468
     1.034    0.7185
    9    0 1.1529600000000D+04 2.9170000000000D+02
   10    0 1.1529600000000D+04 1.5800000000000D+01
*---+----+-------------------+-------------------+---------+---------------------
*   1: printout of the result at time [hours]
*---+----+-------------------+-------------------+---------+---------------------
    1    0 1.3384800000000D+04
*---+----+-------------------+-------------------+---------+---------------------
    2    1 1.3384800000000D+04 1.8271200000000D+01
   0.69295   0.85878   0.88653   0.92539   0.97914    1.0426    1.1166    1.2066
    1.3065   0.98494
    3    1 1.3384800000000D+04 8.9967388800000D+12
   0.69295   0.85878   0.88653   0.92539   0.97914    1.0426    1.1166    1.2066
    1.3065   0.98494
    9    0 1.3384800000000D+04 2.7330000000000D+02
   10    0 1.3384800000000D+04 1.5800000000000D+01
*---+----+-------------------+-------------------+---------+---------------------
*   1: printout of the result at time [hours]
*---+----+-------------------+-------------------+---------+---------------------
    1    0 1.3388600000000D+04
*---+----+-------------------+-------------------+---------+---------------------
    2    1 1.3388600000000D+04 1.1274400000000D+01
   0.53919    0.6952   0.75525   0.83348   0.93371    1.0517     1.188    1.3457
    1.4965    1.1613
    3    1 1.3388600000000D+04 5.5537694400000D+12
   0.53919    0.6952   0.75525   0.83348   0.93371    1.0517     1.188    1.3457
    1.4965    1.1613
    9    0 1.3388600000000D+04 2.8340000000000D+02
   10    0 1.3388600000000D+04 1.5800000000000D+01
*---+----+-------------------+-------------------+---------+---------------------
*   1: printout of the result at time [hours]
*---+----+-------------------+-------------------+---------+---------------------
    1    0 1.3390600000000D+04
*---+----+-------------------+-------------------+---------+---------------------
    2    1 1.3390600000000D+04 2.3377600000000D+01
    0.7831     1.042     1.114    1.1464    1.1506    1.1266    1.0837     1.023
   0.92691    0.6037
    3    1 1.3390600000000D+04 1.2794560480000D+13
    0.7831     1.042     1.114    1.1464    1.1506    1.1266    1.0837     1.023
   0.92691    0.6037
    9    0 1.3390600000000D+04 2.9170000000000D+02
   10    0 1.3390600000000D+04 1.5800000000000D+01
*---+----+-------------------+-------------------+---------+---------------------
*   1: printout of the result at time [hours]
*---+----+-------------------+-------------------+---------+---------------------
    1    0 1.3533600000000D+04
*---+----+-------------------+-------------------+---------+---------------------
    2    1 1.3533600000000D+04 2.3449100000000D+01
   0.88703    1.1231    1.1537    1.1383    1.1132    1.0765    1.0321   0.97982
   0.89888   0.59734
    3    1 1.3533600000000D+04 1.2824312790000D+13
   0.88703    1.1231    1.1537    1.1383    1.1132    1.0765    1.0321   0.97982
   0.89888   0.59734
    9    0 1.3533600000000D+04 2.9170000000000D+02
   10    0 1.3533600000000D+04 1.5800000000000D+01
*---+----+-------------------+-------------------+---------+---------------------
*   1: printout of the result at time [hours]
*---+----+-------------------+-------------------+---------+---------------------
    1    0 1.4949600000000D+04
*---+----+-------------------+-------------------+---------+---------------------
    2    1 1.4949600000000D+04 2.2986200000000D+01
   0.89019    1.0768    1.0824    1.0762    1.0672    1.0554    1.0418    1.0262
   0.99033   0.69346
    3    1 1.4949600000000D+04 1.2614826560000D+13
   0.89019    1.0768    1.0824    1.0762    1.0672    1.0554    1.0418    1.0262
   0.99033   0.69346
    9    0 1.4949600000000D+04 2.9170000000000D+02
   10    0 1.4949600000000D+04 1.5800000000000D+01
*---+----+-------------------+-------------------+---------+---------------------
*   1: printout of the result at time [hours]
*---+----+-------------------+-------------------+---------+---------------------
    1    0 1.5775200000000D+04
*---+----+-------------------+-------------------+---------+---------------------
    2    1 1.5775200000000D+04 2.2747900000000D+01
   0.90619    1.0724    1.0635    1.0536    1.0454    1.0379    1.0321    1.0302
    1.0192   0.73954
    3    1 1.5775200000000D+04 1.2479497940000D+13
   0.90619    1.0724    1.0635    1.0536    1.0454    1.0379    1.0321    1.0302
    1.0192   0.73954
    9    0 1.5775200000000D+04 2.9170000000000D+02
   10    0 1.5775200000000D+04 1.5800000000000D+01
*---+----+-------------------+-------------------+---------+---------------------
*   1: printout of the result at time [hours]
*---+----+-------------------+-------------------+---------+---------------------
    1    0 1.6412600000000D+04
*---+----+-------------------+-------------------+---------+---------------------
    2    1 1.6412600000000D+04 2.1643200000000D+01
   0.80769   0.95065   0.96488   0.98719    1.0161    1.0473    1.0808    1.1188
    1.1592   0.86739
    3    1 1.6412600000000D+04 1.1633220000000D+13
   0.80769   0.95065   0.96488   0.98719    1.0161    1.0473    1.0808    1.1188
    1.1592   0.86739
    9    0 1.6412600000000D+04 2.8320000000000D+02
   10    0 1.6412600000000D+04 1.5800000000000D+01
*---+----+-------------------+-------------------+---------+---------------------
*   1: printout of the result at time [hours]
*---+----+-------------------+-------------------+---------+---------------------
    1    0 1.6414600000000D+04
*---+----+-------------------+-------------------+---------+---------------------
    2    1 1.6414600000000D+04 1.8798400000000D+01
   0.44307    0.6158   0.73214   0.86156   0.99897    1.1351    1.2609    1.3652
    1.4319    1.1554
    3    1 1.6414600000000D+04 1.0985784960000D+13
   0.44307    0.6158   0.73214   0.86156   0.99897    1.1351    1.2609    1.3652
    1.4319    1.1554
    9    0 1.6414600000000D+04 2.9170000000000D+02
   10    0 1.6414600000000D+04 1.5800000000000D+01
*---+----+-------------------+-------------------+---------+---------------------
*   1: printout of the result at time [hours]
*---+----+-------------------+-------------------+---------+---------------------
    1    0 1.6557600000000D+04
*---+----+-------------------+-------------------+---------+---------------------
    2    1 1.6557600000000D+04 1.9004100000000D+01
   0.64639   0.83272   0.90175   0.96505    1.0273    1.0869    1.1428    1.1914
    1.2188   0.98694
    3    1 1.6557600000000D+04 1.1109796860000D+13
   0.64639   0.83272   0.90175   0.96505    1.0273    1.0869    1.1428    1.1914
    1.2188   0.98694
    9    0 1.6557600000000D+04 2.9170000000000D+02
   10    0 1.6557600000000D+04 1.5800000000000D+01
*---+----+-------------------+-------------------+---------+---------------------
*   1: printout of the result at time [hours]
*---+----+-------------------+-------------------+---------+---------------------
    1    0 2.1813600000000D+04
*---+----+-------------------+-------------------+---------+---------------------
    2    1 2.1813600000000D+04 1.9205500000000D+01
   0.89782    1.0594    1.0596    1.0487    1.0382    1.0294    1.0231    1.0189
    1.0035   0.82128
    3    1 2.1813600000000D+04 1.1632771350000D+13
   0.89782    1.0594    1.0596    1.0487    1.0382    1.0294    1.0231    1.0189
    1.0035   0.82128
    9    0 2.1813600000000D+04 2.9170000000000D+02
   10    0 2.1813600000000D+04 1.5800000000000D+01
*---+----+-------------------+-------------------+---------+---------------------
*   1: printout of the result at time [hours]
*---+----+-------------------+-------------------+---------+---------------------
    1    0 2.3695200000000D+04
*---+----+-------------------+-------------------+---------+---------------------
    2    1 2.3695200000000D+04 1.8988400000000D+01
   0.89834    1.0245    1.0116    1.0035    1.0038    1.0096    1.0215     1.043
    1.0768   0.90755
    3    1 2.3695200000000D+04 1.1550643720000D+13
   0.89834    1.0245    1.0116    1.0035    1.0038    1.0096    1.0215     1.043
    1.0768   0.90755
    9    0 2.3695200000000D+04 2.9170000000000D+02
   10    0 2.3695200000000D+04 1.5800000000000D+01
*---+----+-------------------+-------------------+---------+---------------------
*   1: printout of the result at time [hours]
*---+----+-------------------+-------------------+---------+---------------------
    1    0 2.4431000000000D+04
*---+----+-------------------+-------------------+---------+---------------------
    2    1 2.4431000000000D+04 1.7482300000000D+01
   0.79166   0.89942   0.90635   0.93043   0.96778     1.013    1.0665    1.1341
    1.2127    1.0781
    3    1 2.4431000000000D+04 1.0346025140000D+13
   0.79166   0.89942   0.90635   0.93043   0.96778     1.013    1.0665    1.1341
    1.2127    1.0781
    9    0 2.4431000000000D+04 2.8110000000000D+02
   10    0 2.4431000000000D+04 1.5800000000000D+01
*---+----+-------------------+-------------------+---------+---------------------
*   1: printout of the result at time [hours]
*---+----+-------------------+-------------------+---------+---------------------
    1    0 2.4433000000000D+04
*---+----+-------------------+-------------------+---------+---------------------
    2    1 2.4433000000000D+04 1.1599200000000D+01
   0.53374   0.72807   0.86428   0.98627    1.0931    1.1787    1.2333    1.2426
    1.1913   0.94869
    3    1 2.4433000000000D+04 7.3678118400000D+12
   0.53374   0.72807   0.86428   0.98627    1.0931    1.1787    1.2333    1.2426
    1.1913   0.94869
    9    0 2.4433000000000D+04 2.9170000000000D+02
   10    0 2.4433000000000D+04 1.5800000000000D+01
*---+----+-------------------+-------------------+---------+---------------------
*   1: printout of the result at time [hours]
*---+----+-------------------+-------------------+---------+---------------------
    1    0 2.4576000000000D+04
*---+----+-------------------+-------------------+---------+---------------------
    2    1 2.4576000000000D+04 1.1526900000000D+01
   0.73047    0.9202   0.99862    1.0469    1.0796    1.1006    1.1187    1.0967
    1.0525   0.85565
    3    1 2.4576000000000D+04 7.2573362400000D+12
   0.73047    0.9202   0.99862    1.0469    1.0796    1.1006    1.1187    1.0967
    1.0525   0.85565
    9    0 2.4576000000000D+04 2.9170000000000D+02
   10    0 2.4576000000000D+04 1.5800000000000D+01
*---+----+-------------------+-------------------+---------+---------------------
*   1: printout of the result at time [hours]
*---+----+-------------------+-------------------+---------+---------------------
    1    0 2.8032000000000D+04
*---+----+-------------------+-------------------+---------+---------------------
    2    1 2.8032000000000D+04 1.2450100000000D+01
   0.87124    1.0514    1.0802    1.0655    1.0526     1.041    1.0309    1.0174
   0.98272   0.80714
    3    1 2.8032000000000D+04 7.8597481300000D+12
   0.87124    1.0514    1.0802    1.0655    1.0526     1.041    1.0309    1.0174
   0.98272   0.80714
    9    0 2.8032000000000D+04 2.9170000000000D+02
   10    0 2.8032000000000D+04 1.5800000000000D+01
*---+----+-------------------+-------------------+---------+---------------------
*   1: printout of the result at time [hours]
*---+----+-------------------+-------------------+---------+---------------------
    1    0 2.9832000000000D+04
*---+----+-------------------+-------------------+---------+---------------------
    2    1 2.9832000000000D+04 1.3116800000000D+01
    0.8897    1.0879    1.1121    1.0856    1.0614    1.0384    1.0171     0.993
   0.94634   0.76856
    3    1 2.9832000000000D+04 8.3081811200000D+12
    0.8897    1.0879    1.1121    1.0856    1.0614    1.0384    1.0171     0.993
   0.94634   0.76856
    9    0 2.9832000000000D+04 2.9170000000000D+02
   10    0 2.9832000000000D+04 1.5800000000000D+01
*---+----+-------------------+-------------------+---------+---------------------
*   1: printout of the result at time [hours]
*---+----+-------------------+-------------------+---------+---------------------
    1    0 3.1586400000000D+04
*---+----+-------------------+-------------------+---------+---------------------
    2    1 3.1586400000000D+04 1.3507000000000D+01
   0.84882    1.0086    1.0115    1.0107    1.0191     1.033    1.0506     1.069
    1.0649   0.88376
    3    1 3.1586400000000D+04 8.5215663000000D+12
   0.84882    1.0086    1.0115    1.0107    1.0191     1.033    1.0506     1.069
    1.0649   0.88376
    9    0 3.1586400000000D+04 2.9170000000000D+02
   10    0 3.1586400000000D+04 1.5800000000000D+01
*---+----+-------------------+-------------------+---------+---------------------
*   1: printout of the result at time [hours]
*---+----+-------------------+-------------------+---------+---------------------
    1    0 3.2529600000000D+04
*---+----+-------------------+-------------------+---------+---------------------
    2    1 3.2529600000000D+04 1.1939300000000D+01
   0.71797    0.8508   0.87526   0.91312   0.96672    1.0304    1.1032    1.1863
     1.268    1.0882
    3    1 3.2529600000000D+04 7.3283423400000D+12
   0.71797    0.8508   0.87526   0.91312   0.96672    1.0304    1.1032    1.1863
     1.268    1.0882
    9    0 3.2529600000000D+04 2.8120000000000D+02
   10    0 3.2529600000000D+04 1.5800000000000D+01
* data point #5268 end
*  00:  last line of data set (finishing the program)
*---+----+-------------------+-------------------+---------+---------------------
00000    0 3.2529600000000D+04
*---+----+-------------------+-------------------+---------+---------------------
