* data point #5754 begin
*
*---+----+-------------------+-------------------+---------+---------------------
*   1: printout of the result at time [hours]
*---+----+-------------------+-------------------+---------+---------------------
    1    0 0.0000000000000D+00
*---+----+-------------------+-------------------+---------+---------------------
    2    1 0.0000000000000D+00 2.4579200000000D+01
   0.59347   0.86748    1.0154    1.1144    1.1803    1.2149    1.2105    1.1605
    1.0189   0.62423
    3    1 0.0000000000000D+00 1.1232694400000D+13
   0.59347   0.86748    1.0154    1.1144    1.1803    1.2149    1.2105    1.1605
    1.0189   0.62423
    9    0 0.0000000000000D+00 2.9170000000000D+02
   10    0 0.0000000000000D+00 1.5800000000000D+01
*---+----+-------------------+-------------------+---------+---------------------
*   1: printout of the result at time [hours]
*---+----+-------------------+-------------------+---------+---------------------
    1    0 1.4400000000000D+02
*---+----+-------------------+-------------------+---------+---------------------
    2    1 1.4400000000000D+02 2.4854900000000D+01
   0.75454    1.0183    1.1034    1.1335    1.1411    1.1334    1.1102    1.0626
   0.94585   0.59707
    3    1 1.4400000000000D+02 1.1420826550000D+13
   0.75454    1.0183    1.1034    1.1335    1.1411    1.1334    1.1102    1.0626
   0.94585   0.59707
    9    0 1.4400000000000D+02 2.9170000000000D+02
   10    0 1.4400000000000D+02 1.5800000000000D+01
*---+----+-------------------+-------------------+---------+---------------------
*   1: printout of the result at time [hours]
*---+----+-------------------+-------------------+---------+---------------------
    1    0 3.2400000000000D+03
*---+----+-------------------+-------------------+---------+---------------------
    2    1 3.2400000000000D+03 2.5120900000000D+01
     0.861    1.1057    1.1209     1.101    1.0799    1.0615    1.0458    1.0269
   0.96231   0.63497
    3    1 3.2400000000000D+03 1.1980157210000D+13
     0.861    1.1057    1.1209     1.101    1.0799    1.0615    1.0458    1.0269
   0.96231   0.63497
    9    0 3.2400000000000D+03 2.9170000000000D+02
   10    0 3.2400000000000D+03 1.5800000000000D+01
*---+----+-------------------+-------------------+---------+---------------------
*   1: printout of the result at time [hours]
*---+----+-------------------+-------------------+---------+---------------------
    1    0 5.8800000000000D+03
*---+----+-------------------+-------------------+---------+---------------------
    2    1 5.8800000000000D+03 2.5443300000000D+01
   0.87638     1.148    1.1323    1.0977    1.0676    1.0426    1.0233    1.0091
   0.96458   0.63848
    3    1 5.8800000000000D+03 1.2446862360000D+13
   0.87638     1.148    1.1323    1.0977    1.0676    1.0426    1.0233    1.0091
   0.96458   0.63848
    9    0 5.8800000000000D+03 2.9170000000000D+02
   10    0 5.8800000000000D+03 1.5800000000000D+01
*---+----+-------------------+-------------------+---------+---------------------
*   1: printout of the result at time [hours]
*---+----+-------------------+-------------------+---------+---------------------
    1    0 6.7656000000000D+03
*---+----+-------------------+-------------------+---------+---------------------
    2    1 6.7656000000000D+03 2.5324000000000D+01
   0.88414    1.1354    1.1069    1.0747    1.0513     1.034    1.0231    1.0208
   0.99921   0.67039
    3    1 6.7656000000000D+03 1.2434084000000D+13
   0.88414    1.1354    1.1069    1.0747    1.0513     1.034    1.0231    1.0208
   0.99921   0.67039
    9    0 6.7656000000000D+03 2.9170000000000D+02
   10    0 6.7656000000000D+03 1.5800000000000D+01
*---+----+-------------------+-------------------+---------+---------------------
*   1: printout of the result at time [hours]
*---+----+-------------------+-------------------+---------+---------------------
    1    0 7.8446000000000D+03
*---+----+-------------------+-------------------+---------+---------------------
    2    1 7.8446000000000D+03 2.2635300000000D+01
   0.74159   0.94507   0.95355   0.97366    1.0079    1.0495    1.0984    1.1601
    1.2193   0.85097
    3    1 7.8446000000000D+03 1.0785720450000D+13
   0.74159   0.94507   0.95355   0.97366    1.0079    1.0495    1.0984    1.1601
    1.2193   0.85097
    9    0 7.8446000000000D+03 2.7920000000000D+02
   10    0 7.8446000000000D+03 1.5800000000000D+01
*---+----+-------------------+-------------------+---------+---------------------
*   1: printout of the result at time [hours]
*---+----+-------------------+-------------------+---------+---------------------
    1    0 7.8466000000000D+03
*---+----+-------------------+-------------------+---------+---------------------
    2    1 7.8466000000000D+03 2.1316100000000D+01
   0.51773   0.82928   0.98902    1.1101    1.1989    1.2499    1.2543    1.1962
    1.0319   0.62263
    3    1 7.8466000000000D+03 1.1137662250000D+13
   0.51773   0.82928   0.98902    1.1101    1.1989    1.2499    1.2543    1.1962
    1.0319   0.62263
    9    0 7.8466000000000D+03 2.9170000000000D+02
   10    0 7.8466000000000D+03 1.5800000000000D+01
*---+----+-------------------+-------------------+---------+---------------------
*   1: printout of the result at time [hours]
*---+----+-------------------+-------------------+---------+---------------------
    1    0 7.9896000000000D+03
*---+----+-------------------+-------------------+---------+---------------------
    2    1 7.9896000000000D+03 2.1734700000000D+01
    0.6653   0.98382    1.0836    1.1344    1.1602    1.1659    1.1486    1.0955
   0.96201   0.60074
    3    1 7.9896000000000D+03 1.1343339930000D+13
    0.6653   0.98382    1.0836    1.1344    1.1602    1.1659    1.1486    1.0955
   0.96201   0.60074
    9    0 7.9896000000000D+03 2.9170000000000D+02
   10    0 7.9896000000000D+03 1.5800000000000D+01
*---+----+-------------------+-------------------+---------+---------------------
*   1: printout of the result at time [hours]
*---+----+-------------------+-------------------+---------+---------------------
    1    0 1.1445600000000D+04
*---+----+-------------------+-------------------+---------+---------------------
    2    1 1.1445600000000D+04 2.1438700000000D+01
   0.81866    1.0757    1.0891    1.0788    1.0692    1.0631    1.0598    1.0525
    0.9995   0.69365
    3    1 1.1445600000000D+04 1.1334640690000D+13
   0.81866    1.0757    1.0891    1.0788    1.0692    1.0631    1.0598    1.0525
    0.9995   0.69365
    9    0 1.1445600000000D+04 2.9170000000000D+02
   10    0 1.1445600000000D+04 1.5800000000000D+01
*---+----+-------------------+-------------------+---------+---------------------
*   1: printout of the result at time [hours]
*---+----+-------------------+-------------------+---------+---------------------
    1    0 1.3605600000000D+04
*---+----+-------------------+-------------------+---------+---------------------
    2    1 1.3605600000000D+04 2.1321600000000D+01
   0.87287    1.1038    1.0912    1.0684    1.0509    1.0389    1.0322    1.0286
   0.99448   0.71871
    3    1 1.3605600000000D+04 1.1358016320000D+13
   0.87287    1.1038    1.0912    1.0684    1.0509    1.0389    1.0322    1.0286
   0.99448   0.71871
    9    0 1.3605600000000D+04 2.9170000000000D+02
   10    0 1.3605600000000D+04 1.5800000000000D+01
*---+----+-------------------+-------------------+---------+---------------------
*   1: printout of the result at time [hours]
*---+----+-------------------+-------------------+---------+---------------------
    1    0 1.4834400000000D+04
*---+----+-------------------+-------------------+---------+---------------------
    2    1 1.4834400000000D+04 2.1297000000000D+01
   0.87552    1.0751    1.0514    1.0309     1.021    1.0191    1.0265    1.0467
    1.0572   0.79659
    3    1 1.4834400000000D+04 1.1366208900000D+13
   0.87552    1.0751    1.0514    1.0309     1.021    1.0191    1.0265    1.0467
    1.0572   0.79659
    9    0 1.4834400000000D+04 2.9170000000000D+02
   10    0 1.4834400000000D+04 1.5800000000000D+01
*---+----+-------------------+-------------------+---------+---------------------
*   1: printout of the result at time [hours]
*---+----+-------------------+-------------------+---------+---------------------
    1    0 1.6328600000000D+04
*---+----+-------------------+-------------------+---------+---------------------
    2    1 1.6328600000000D+04 1.8075400000000D+01
    0.7264    0.8771   0.88667   0.91666   0.96357     1.021    1.0909     1.183
    1.2957    1.0389
    3    1 1.6328600000000D+04 9.2527972600000D+12
    0.7264    0.8771   0.88667   0.91666   0.96357     1.021    1.0909     1.183
    1.2957    1.0389
    9    0 1.6328600000000D+04 2.7520000000000D+02
   10    0 1.6328600000000D+04 1.5800000000000D+01
*---+----+-------------------+-------------------+---------+---------------------
*   1: printout of the result at time [hours]
*---+----+-------------------+-------------------+---------+---------------------
    1    0 1.6330600000000D+04
*---+----+-------------------+-------------------+---------+---------------------
    2    1 1.6330600000000D+04 2.2879400000000D+01
   0.68931   0.96506    1.0583    1.1123    1.1437    1.1516    1.1349    1.0898
   0.98853   0.66645
    3    1 1.6330600000000D+04 1.3096168560000D+13
   0.68931   0.96506    1.0583    1.1123    1.1437    1.1516    1.1349    1.0898
   0.98853   0.66645
    9    0 1.6330600000000D+04 2.9170000000000D+02
   10    0 1.6330600000000D+04 1.5800000000000D+01
*---+----+-------------------+-------------------+---------+---------------------
*   1: printout of the result at time [hours]
*---+----+-------------------+-------------------+---------+---------------------
    1    0 1.6473600000000D+04
*---+----+-------------------+-------------------+---------+---------------------
    2    1 1.6473600000000D+04 2.2240500000000D+01
   0.80821    1.0694    1.1133    1.1186    1.1109    1.0931    1.0657    1.0251
   0.94256   0.65313
    3    1 1.6473600000000D+04 1.2688205250000D+13
   0.80821    1.0694    1.1133    1.1186    1.1109    1.0931    1.0657    1.0251
   0.94256   0.65313
    9    0 1.6473600000000D+04 2.9170000000000D+02
   10    0 1.6473600000000D+04 1.5800000000000D+01
*---+----+-------------------+-------------------+---------+---------------------
*   1: printout of the result at time [hours]
*---+----+-------------------+-------------------+---------+---------------------
    1    0 1.7769600000000D+04
*---+----+-------------------+-------------------+---------+---------------------
    2    1 1.7769600000000D+04 2.1913400000000D+01
   0.84391    1.0694    1.0889    1.0847    1.0777    1.0683    1.0556    1.0351
   0.97653   0.69975
    3    1 1.7769600000000D+04 1.2530082120000D+13
   0.84391    1.0694    1.0889    1.0847    1.0777    1.0683    1.0556    1.0351
   0.97653   0.69975
    9    0 1.7769600000000D+04 2.9170000000000D+02
   10    0 1.7769600000000D+04 1.5800000000000D+01
*---+----+-------------------+-------------------+---------+---------------------
*   1: printout of the result at time [hours]
*---+----+-------------------+-------------------+---------+---------------------
    1    0 1.9375200000000D+04
*---+----+-------------------+-------------------+---------+---------------------
    2    1 1.9375200000000D+04 2.1438100000000D+01
   0.86183    1.0465     1.048    1.0395    1.0356    1.0356    1.0404    1.0509
     1.045   0.79676
    3    1 1.9375200000000D+04 1.2269024630000D+13
   0.86183    1.0465     1.048    1.0395    1.0356    1.0356    1.0404    1.0509
     1.045   0.79676
    9    0 1.9375200000000D+04 2.9170000000000D+02
   10    0 1.9375200000000D+04 1.5800000000000D+01
*---+----+-------------------+-------------------+---------+---------------------
*   1: printout of the result at time [hours]
*---+----+-------------------+-------------------+---------+---------------------
    1    0 2.1230400000000D+04
*---+----+-------------------+-------------------+---------+---------------------
    2    1 2.1230400000000D+04 1.7132300000000D+01
   0.69442   0.83462   0.86322   0.90577   0.96315    1.0306    1.1091    1.2042
    1.3133    1.0816
    3    1 2.1230400000000D+04 9.3405299600000D+12
   0.69442   0.83462   0.86322   0.90577   0.96315    1.0306    1.1091    1.2042
    1.3133    1.0816
    9    0 2.1230400000000D+04 2.7330000000000D+02
   10    0 2.1230400000000D+04 1.5800000000000D+01
*---+----+-------------------+-------------------+---------+---------------------
*   1: printout of the result at time [hours]
*---+----+-------------------+-------------------+---------+---------------------
    1    0 2.1234200000000D+04
*---+----+-------------------+-------------------+---------+---------------------
    2    1 2.1234200000000D+04 1.0603200000000D+01
   0.53946    0.6747   0.73402   0.81419   0.91642     1.037    1.1768    1.3391
    1.4973     1.271
    3    1 2.1234200000000D+04 5.7692011200000D+12
   0.53946    0.6747   0.73402   0.81419   0.91642     1.037    1.1768    1.3391
    1.4973     1.271
    9    0 2.1234200000000D+04 2.8340000000000D+02
   10    0 2.1234200000000D+04 1.5800000000000D+01
*---+----+-------------------+-------------------+---------+---------------------
*   1: printout of the result at time [hours]
*---+----+-------------------+-------------------+---------+---------------------
    1    0 2.1236200000000D+04
*---+----+-------------------+-------------------+---------+---------------------
    2    1 2.1236200000000D+04 1.5607800000000D+01
   0.74674    1.0073     1.097    1.1394    1.1628    1.1376    1.1037    1.0486
   0.94799    0.6088
    3    1 2.1236200000000D+04 9.3287820600000D+12
   0.74674    1.0073     1.097    1.1394    1.1628    1.1376    1.1037    1.0486
   0.94799    0.6088
    9    0 2.1236200000000D+04 2.9170000000000D+02
   10    0 2.1236200000000D+04 1.5800000000000D+01
*---+----+-------------------+-------------------+---------+---------------------
*   1: printout of the result at time [hours]
*---+----+-------------------+-------------------+---------+---------------------
    1    0 2.1379200000000D+04
*---+----+-------------------+-------------------+---------+---------------------
    2    1 2.1379200000000D+04 1.5901400000000D+01
   0.84936    1.0863    1.1293    1.1316    1.1157    1.0887    1.0537    1.0083
   0.92633    0.6107
    3    1 2.1379200000000D+04 9.4597428600000D+12
   0.84936    1.0863    1.1293    1.1316    1.1157    1.0887    1.0537    1.0083
   0.92633    0.6107
    9    0 2.1379200000000D+04 2.9170000000000D+02
   10    0 2.1379200000000D+04 1.5800000000000D+01
*---+----+-------------------+-------------------+---------+---------------------
*   1: printout of the result at time [hours]
*---+----+-------------------+-------------------+---------+---------------------
    1    0 2.2795200000000D+04
*---+----+-------------------+-------------------+---------+---------------------
    2    1 2.2795200000000D+04 1.6182400000000D+01
   0.85853     1.051    1.0713    1.0721    1.0686    1.0631    1.0561    1.0464
    1.0108     0.702
    3    1 2.2795200000000D+04 9.6042544000000D+12
   0.85853     1.051    1.0713    1.0721    1.0686    1.0631    1.0561    1.0464
    1.0108     0.702
    9    0 2.2795200000000D+04 2.9170000000000D+02
   10    0 2.2795200000000D+04 1.5800000000000D+01
*---+----+-------------------+-------------------+---------+---------------------
*   1: printout of the result at time [hours]
*---+----+-------------------+-------------------+---------+---------------------
    1    0 2.3620800000000D+04
*---+----+-------------------+-------------------+---------+---------------------
    2    1 2.3620800000000D+04 1.6288700000000D+01
   0.87699    1.0474    1.0544    1.0501    1.0464     1.044    1.0442    1.0481
    1.0393   0.74911
    3    1 2.3620800000000D+04 9.6380237900000D+12
   0.87699    1.0474    1.0544    1.0501    1.0464     1.044    1.0442    1.0481
    1.0393   0.74911
    9    0 2.3620800000000D+04 2.9170000000000D+02
   10    0 2.3620800000000D+04 1.5800000000000D+01
*---+----+-------------------+-------------------+---------+---------------------
*   1: printout of the result at time [hours]
*---+----+-------------------+-------------------+---------+---------------------
    1    0 2.4258200000000D+04
*---+----+-------------------+-------------------+---------+---------------------
    2    1 2.4258200000000D+04 1.5571600000000D+01
   0.78823   0.93831   0.96124   0.98635    1.0174    1.0516    1.0887    1.1305
    1.1708   0.86683
    3    1 2.4258200000000D+04 9.0143992400000D+12
   0.78823   0.93831   0.96124   0.98635    1.0174    1.0516    1.0887    1.1305
    1.1708   0.86683
    9    0 2.4258200000000D+04 2.8320000000000D+02
   10    0 2.4258200000000D+04 1.5800000000000D+01
*---+----+-------------------+-------------------+---------+---------------------
*   1: printout of the result at time [hours]
*---+----+-------------------+-------------------+---------+---------------------
    1    0 2.4260200000000D+04
*---+----+-------------------+-------------------+---------+---------------------
    2    1 2.4260200000000D+04 6.2073000000000D+00
    0.4543   0.69676   0.84948   0.98159    1.1013    1.2047    1.2814    1.3172
    1.2353     0.878
    3    1 2.4260200000000D+04 3.9093575400000D+12
    0.4543   0.69676   0.84948   0.98159    1.1013    1.2047    1.2814    1.3172
    1.2353     0.878
    9    0 2.4260200000000D+04 2.9170000000000D+02
   10    0 2.4260200000000D+04 1.5800000000000D+01
*---+----+-------------------+-------------------+---------+---------------------
*   1: printout of the result at time [hours]
*---+----+-------------------+-------------------+---------+---------------------
    1    0 2.4403200000000D+04
*---+----+-------------------+-------------------+---------+---------------------
    2    1 2.4403200000000D+04 6.3997000000000D+00
   0.63784   0.89723   0.99677    1.0547    1.0969    1.1301    1.1526    1.1526
    1.0882   0.79316
    3    1 2.4403200000000D+04 3.9985325600000D+12
   0.63784   0.89723   0.99677    1.0547    1.0969    1.1301    1.1526    1.1526
    1.0882   0.79316
    9    0 2.4403200000000D+04 2.9170000000000D+02
   10    0 2.4403200000000D+04 1.5800000000000D+01
*---+----+-------------------+-------------------+---------+---------------------
*   1: printout of the result at time [hours]
*---+----+-------------------+-------------------+---------+---------------------
    1    0 2.9659200000000D+04
*---+----+-------------------+-------------------+---------+---------------------
    2    1 2.9659200000000D+04 6.8075000000000D+00
   0.85656    1.0374    1.0484     1.044    1.0402    1.0387      1.04    1.0425
    1.0258   0.82644
    3    1 2.9659200000000D+04 4.1028802500000D+12
   0.85656    1.0374    1.0484     1.044    1.0402    1.0387      1.04    1.0425
    1.0258   0.82644
    9    0 2.9659200000000D+04 2.9170000000000D+02
   10    0 2.9659200000000D+04 1.5800000000000D+01
*---+----+-------------------+-------------------+---------+---------------------
*   1: printout of the result at time [hours]
*---+----+-------------------+-------------------+---------+---------------------
    1    0 3.1540800000000D+04
*---+----+-------------------+-------------------+---------+---------------------
    2    1 3.1540800000000D+04 7.1431000000000D+00
   0.85831   0.99789   0.99425   0.99271    1.0001    1.0141    1.0354    1.0672
    1.1071   0.93293
    3    1 3.1540800000000D+04 4.2472872600000D+12
   0.85831   0.99789   0.99425   0.99271    1.0001    1.0141    1.0354    1.0672
    1.1071   0.93293
    9    0 3.1540800000000D+04 2.9170000000000D+02
   10    0 3.1540800000000D+04 1.5800000000000D+01
*---+----+-------------------+-------------------+---------+---------------------
*   1: printout of the result at time [hours]
*---+----+-------------------+-------------------+---------+---------------------
    1    0 3.2276600000000D+04
*---+----+-------------------+-------------------+---------+---------------------
    2    1 3.2276600000000D+04 6.7461000000000D+00
    0.7683   0.88881   0.90052   0.92691   0.96723    1.0164    1.0748    1.1481
    1.2272    1.0817
    3    1 3.2276600000000D+04 3.9032934600000D+12
    0.7683   0.88881   0.90052   0.92691   0.96723    1.0164    1.0748    1.1481
    1.2272    1.0817
    9    0 3.2276600000000D+04 2.8110000000000D+02
   10    0 3.2276600000000D+04 1.5800000000000D+01
*---+----+-------------------+-------------------+---------+---------------------
*   1: printout of the result at time [hours]
*---+----+-------------------+-------------------+---------+---------------------
    1    0 3.2278600000000D+04
*---+----+-------------------+-------------------+---------+---------------------
    2    1 3.2278600000000D+04 6.4685000000000D+00
    0.4627   0.69058   0.84332   0.98122    1.1067     1.213    1.2872    1.3185
    1.2425   0.85429
    3    1 3.2278600000000D+04 4.2743848000000D+12
    0.4627   0.69058   0.84332   0.98122    1.1067     1.213    1.2872    1.3185
    1.2425   0.85429
    9    0 3.2278600000000D+04 2.9170000000000D+02
   10    0 3.2278600000000D+04 1.5800000000000D+01
*---+----+-------------------+-------------------+---------+---------------------
*   1: printout of the result at time [hours]
*---+----+-------------------+-------------------+---------+---------------------
    1    0 3.2421600000000D+04
*---+----+-------------------+-------------------+---------+---------------------
    2    1 3.2421600000000D+04 6.7255000000000D+00
   0.65304   0.89465   0.99487    1.0579     1.104    1.1373    1.1601    1.1495
    1.0869   0.76173
    3    1 3.2421600000000D+04 4.3957868000000D+12
   0.65304   0.89465   0.99487    1.0579     1.104    1.1373    1.1601    1.1495
    1.0869   0.76173
    9    0 3.2421600000000D+04 2.9170000000000D+02
   10    0 3.2421600000000D+04 1.5800000000000D+01
*---+----+-------------------+-------------------+---------+---------------------
*   1: printout of the result at time [hours]
*---+----+-------------------+-------------------+---------+---------------------
    1    0 3.5877600000000D+04
*---+----+-------------------+-------------------+---------+---------------------
    2    1 3.5877600000000D+04 7.1519000000000D+00
   0.84341    1.0304    1.0506    1.0501    1.0483    1.0485    1.0513    1.0607
    1.0357   0.78105
    3    1 3.5877600000000D+04 4.5507539700000D+12
   0.84341    1.0304    1.0506    1.0501    1.0483    1.0485    1.0513    1.0607
    1.0357   0.78105
    9    0 3.5877600000000D+04 2.9170000000000D+02
   10    0 3.5877600000000D+04 1.5800000000000D+01
*---+----+-------------------+-------------------+---------+---------------------
*   1: printout of the result at time [hours]
*---+----+-------------------+-------------------+---------+---------------------
    1    0 3.7677600000000D+04
*---+----+-------------------+-------------------+---------+---------------------
    2    1 3.7677600000000D+04 7.2727000000000D+00
   0.89073    1.0472    1.0513    1.0442    1.0381    1.0344    1.0339    1.0362
    1.0273   0.79668
    3    1 3.7677600000000D+04 4.5781646500000D+12
   0.89073    1.0472    1.0513    1.0442    1.0381    1.0344    1.0339    1.0362
    1.0273   0.79668
    9    0 3.7677600000000D+04 2.9170000000000D+02
   10    0 3.7677600000000D+04 1.5800000000000D+01
*---+----+-------------------+-------------------+---------+---------------------
*   1: printout of the result at time [hours]
*---+----+-------------------+-------------------+---------+---------------------
    1    0 3.9432000000000D+04
*---+----+-------------------+-------------------+---------+---------------------
    2    1 3.9432000000000D+04 7.6799000000000D+00
   0.88035    0.9978   0.99077   0.99012   0.99923     1.015    1.0371    1.0701
    1.1116   0.90795
    3    1 3.9432000000000D+04 4.7807377500000D+12
   0.88035    0.9978   0.99077   0.99012   0.99923     1.015    1.0371    1.0701
    1.1116   0.90795
    9    0 3.9432000000000D+04 2.9170000000000D+02
   10    0 3.9432000000000D+04 1.5800000000000D+01
*---+----+-------------------+-------------------+---------+---------------------
*   1: printout of the result at time [hours]
*---+----+-------------------+-------------------+---------+---------------------
    1    0 4.0375200000000D+04
*---+----+-------------------+-------------------+---------+---------------------
    2    1 4.0375200000000D+04 6.7116000000000D+00
   0.76018   0.85851   0.87163   0.90515   0.95462    1.0145    1.0851     1.173
    1.2799    1.0974
    3    1 4.0375200000000D+04 4.0578333600000D+12
   0.76018   0.85851   0.87163   0.90515   0.95462    1.0145    1.0851     1.173
    1.2799    1.0974
    9    0 4.0375200000000D+04 2.8120000000000D+02
   10    0 4.0375200000000D+04 1.5800000000000D+01
* data point #5754 end
*  00:  last line of data set (finishing the program)
*---+----+-------------------+-------------------+---------+---------------------
00000    0 4.0375200000000D+04
*---+----+-------------------+-------------------+---------+---------------------
