* data point #5552 begin
*
*---+----+-------------------+-------------------+---------+---------------------
*   1: printout of the result at time [hours]
*---+----+-------------------+-------------------+---------+---------------------
    1    0 0.0000000000000D+00
*---+----+-------------------+-------------------+---------+---------------------
    2    1 0.0000000000000D+00 7.5862000000000D+00
   0.51594   0.72553   0.86222   0.98495    1.0984    1.1956    1.2666     1.301
     1.226    0.8236
    3    1 0.0000000000000D+00 1.1682748000000D+13
   0.51594   0.72553   0.86222   0.98495    1.0984    1.1956    1.2666     1.301
     1.226    0.8236
    9    0 0.0000000000000D+00 2.9170000000000D+02
   10    0 0.0000000000000D+00 1.5800000000000D+01
*---+----+-------------------+-------------------+---------+---------------------
*   1: printout of the result at time [hours]
*---+----+-------------------+-------------------+---------+---------------------
    1    0 1.4400000000000D+02
*---+----+-------------------+-------------------+---------+---------------------
    2    1 1.4400000000000D+02 7.7528000000000D+00
   0.72774   0.94198    1.0191    1.0628    1.0946    1.1177    1.1343    1.1242
    1.0573   0.72026
    3    1 1.4400000000000D+02 1.1598188800000D+13
   0.72774   0.94198    1.0191    1.0628    1.0946    1.1177    1.1343    1.1242
    1.0573   0.72026
    9    0 1.4400000000000D+02 2.9170000000000D+02
   10    0 1.4400000000000D+02 1.5800000000000D+01
*---+----+-------------------+-------------------+---------+---------------------
*   1: printout of the result at time [hours]
*---+----+-------------------+-------------------+---------+---------------------
    1    0 5.4000000000000D+03
*---+----+-------------------+-------------------+---------+---------------------
    2    1 5.4000000000000D+03 1.9264100000000D+01
   0.88839    1.1534    1.1566    1.1239    1.0892    1.0565    1.0257   0.99174
   0.91595   0.59857
    3    1 5.4000000000000D+03 1.2623764730000D+13
   0.88839    1.1534    1.1566    1.1239    1.0892    1.0565    1.0257   0.99174
   0.91595   0.59857
    9    0 5.4000000000000D+03 2.9170000000000D+02
   10    0 5.4000000000000D+03 1.5800000000000D+01
*---+----+-------------------+-------------------+---------+---------------------
*   1: printout of the result at time [hours]
*---+----+-------------------+-------------------+---------+---------------------
    1    0 7.2816000000000D+03
*---+----+-------------------+-------------------+---------+---------------------
    2    1 7.2816000000000D+03 2.0576700000000D+01
   0.87643    1.1085    1.0889    1.0656    1.0505    1.0408    1.0362    1.0371
     1.014   0.68189
    3    1 7.2816000000000D+03 1.2582652050000D+13
   0.87643    1.1085    1.0889    1.0656    1.0505    1.0408    1.0362    1.0371
     1.014   0.68189
    9    0 7.2816000000000D+03 2.9170000000000D+02
   10    0 7.2816000000000D+03 1.5800000000000D+01
*---+----+-------------------+-------------------+---------+---------------------
*   1: printout of the result at time [hours]
*---+----+-------------------+-------------------+---------+---------------------
    1    0 8.0174000000000D+03
*---+----+-------------------+-------------------+---------+---------------------
    2    1 8.0174000000000D+03 1.9331000000000D+01
   0.77171   0.97067   0.97848   0.99276    1.0191     1.052    1.0908     1.138
    1.1686   0.81781
    3    1 8.0174000000000D+03 1.1449751300000D+13
   0.77171   0.97067   0.97848   0.99276    1.0191     1.052    1.0908     1.138
    1.1686   0.81781
    9    0 8.0174000000000D+03 2.8110000000000D+02
   10    0 8.0174000000000D+03 1.5800000000000D+01
*---+----+-------------------+-------------------+---------+---------------------
*   1: printout of the result at time [hours]
*---+----+-------------------+-------------------+---------+---------------------
    1    0 8.0194000000000D+03
*---+----+-------------------+-------------------+---------+---------------------
    2    1 8.0194000000000D+03 1.7978300000000D+01
   0.44615   0.70674   0.85442   0.98986     1.115    1.2203    1.2941    1.3257
    1.2353   0.81242
    3    1 8.0194000000000D+03 1.1648140570000D+13
   0.44615   0.70674   0.85442   0.98986     1.115    1.2203    1.2941    1.3257
    1.2353   0.81242
    9    0 8.0194000000000D+03 2.9170000000000D+02
   10    0 8.0194000000000D+03 1.5800000000000D+01
*---+----+-------------------+-------------------+---------+---------------------
*   1: printout of the result at time [hours]
*---+----+-------------------+-------------------+---------+---------------------
    1    0 8.1624000000000D+03
*---+----+-------------------+-------------------+---------+---------------------
    2    1 8.1624000000000D+03 1.7967200000000D+01
   0.63577   0.92713    1.0191    1.0753     1.116    1.1437    1.1606    1.1466
    1.0657   0.71002
    3    1 8.1624000000000D+03 1.1648135760000D+13
   0.63577   0.92713    1.0191    1.0753     1.116    1.1437    1.1606    1.1466
    1.0657   0.71002
    9    0 8.1624000000000D+03 2.9170000000000D+02
   10    0 8.1624000000000D+03 1.5800000000000D+01
*---+----+-------------------+-------------------+---------+---------------------
*   1: printout of the result at time [hours]
*---+----+-------------------+-------------------+---------+---------------------
    1    0 1.1618400000000D+04
*---+----+-------------------+-------------------+---------+---------------------
    2    1 1.1618400000000D+04 1.7285700000000D+01
   0.84434    1.0786    1.0837    1.0711    1.0595    1.0507    1.0449    1.0398
    1.0023   0.72517
    3    1 1.1618400000000D+04 1.1130262230000D+13
   0.84434    1.0786    1.0837    1.0711    1.0595    1.0507    1.0449    1.0398
    1.0023   0.72517
    9    0 1.1618400000000D+04 2.9170000000000D+02
   10    0 1.1618400000000D+04 1.5800000000000D+01
*---+----+-------------------+-------------------+---------+---------------------
*   1: printout of the result at time [hours]
*---+----+-------------------+-------------------+---------+---------------------
    1    0 1.3778400000000D+04
*---+----+-------------------+-------------------+---------+---------------------
    2    1 1.3778400000000D+04 1.6812000000000D+01
    0.8993    1.0939    1.0783    1.0604    1.0462    1.0343    1.0254    1.0199
   0.99417    0.7481
    3    1 1.3778400000000D+04 1.0783216800000D+13
    0.8993    1.0939    1.0783    1.0604    1.0462    1.0343    1.0254    1.0199
   0.99417    0.7481
    9    0 1.3778400000000D+04 2.9170000000000D+02
   10    0 1.3778400000000D+04 1.5800000000000D+01
*---+----+-------------------+-------------------+---------+---------------------
*   1: printout of the result at time [hours]
*---+----+-------------------+-------------------+---------+---------------------
    1    0 1.5081600000000D+04
*---+----+-------------------+-------------------+---------+---------------------
    2    1 1.5081600000000D+04 1.6781900000000D+01
   0.89418    1.0506    1.0327    1.0213    1.0188    1.0208    1.0273    1.0428
    1.0601   0.83143
    3    1 1.5081600000000D+04 1.0730346860000D+13
   0.89418    1.0506    1.0327    1.0213    1.0188    1.0208    1.0273    1.0428
    1.0601   0.83143
    9    0 1.5081600000000D+04 2.9170000000000D+02
   10    0 1.5081600000000D+04 1.5800000000000D+01
*---+----+-------------------+-------------------+---------+---------------------
*   1: printout of the result at time [hours]
*---+----+-------------------+-------------------+---------+---------------------
    1    0 1.5503000000000D+04
*---+----+-------------------+-------------------+---------+---------------------
    2    1 1.5503000000000D+04 1.5840300000000D+01
   0.80535   0.94834   0.95017   0.96703   0.99581      1.03     1.069    1.1177
    1.1743   0.94228
    3    1 1.5503000000000D+04 9.9540445200000D+12
   0.80535   0.94834   0.95017   0.96703   0.99581      1.03     1.069    1.1177
    1.1743   0.94228
    9    0 1.5503000000000D+04 2.8640000000000D+02
   10    0 1.5503000000000D+04 1.5800000000000D+01
*---+----+-------------------+-------------------+---------+---------------------
*   1: printout of the result at time [hours]
*---+----+-------------------+-------------------+---------+---------------------
    1    0 1.5505000000000D+04
*---+----+-------------------+-------------------+---------+---------------------
    2    1 1.5505000000000D+04 1.6436100000000D+01
   0.50754   0.72846   0.86401   0.99154    1.1074    1.2025    1.2661    1.2914
    1.2215   0.81966
    3    1 1.5505000000000D+04 1.1301462360000D+13
   0.50754   0.72846   0.86401   0.99154    1.1074    1.2025    1.2661    1.2914
    1.2215   0.81966
    9    0 1.5505000000000D+04 2.9170000000000D+02
   10    0 1.5505000000000D+04 1.5800000000000D+01
*---+----+-------------------+-------------------+---------+---------------------
*   1: printout of the result at time [hours]
*---+----+-------------------+-------------------+---------+---------------------
    1    0 1.5648000000000D+04
*---+----+-------------------+-------------------+---------+---------------------
    2    1 1.5648000000000D+04 1.6227900000000D+01
   0.70293   0.93308    1.0105    1.0624    1.1002    1.1258    1.1412    1.1282
    1.0687   0.72696
    3    1 1.5648000000000D+04 1.1129093820000D+13
   0.70293   0.93308    1.0105    1.0624    1.1002    1.1258    1.1412    1.1282
    1.0687   0.72696
    9    0 1.5648000000000D+04 2.9170000000000D+02
   10    0 1.5648000000000D+04 1.5800000000000D+01
*---+----+-------------------+-------------------+---------+---------------------
*   1: printout of the result at time [hours]
*---+----+-------------------+-------------------+---------+---------------------
    1    0 1.9104000000000D+04
*---+----+-------------------+-------------------+---------+---------------------
    2    1 1.9104000000000D+04 1.6611200000000D+01
   0.87483    1.0736    1.0903     1.074     1.062    1.0513    1.0423    1.0316
     0.993   0.70699
    3    1 1.9104000000000D+04 1.1386977600000D+13
   0.87483    1.0736    1.0903     1.074     1.062    1.0513    1.0423    1.0316
     0.993   0.70699
    9    0 1.9104000000000D+04 2.9170000000000D+02
   10    0 1.9104000000000D+04 1.5800000000000D+01
*---+----+-------------------+-------------------+---------+---------------------
*   1: printout of the result at time [hours]
*---+----+-------------------+-------------------+---------+---------------------
    1    0 2.0904000000000D+04
*---+----+-------------------+-------------------+---------+---------------------
    2    1 2.0904000000000D+04 1.6873100000000D+01
   0.90701    1.1021    1.1037    1.0844    1.0636    1.0441    1.0265    1.0085
   0.96598   0.69394
    3    1 2.0904000000000D+04 1.1585070460000D+13
   0.90701    1.1021    1.1037    1.0844    1.0636    1.0441    1.0265    1.0085
   0.96598   0.69394
    9    0 2.0904000000000D+04 2.9170000000000D+02
   10    0 2.0904000000000D+04 1.5800000000000D+01
*---+----+-------------------+-------------------+---------+---------------------
*   1: printout of the result at time [hours]
*---+----+-------------------+-------------------+---------+---------------------
    1    0 2.2658400000000D+04
*---+----+-------------------+-------------------+---------+---------------------
    2    1 2.2658400000000D+04 1.6887700000000D+01
    0.8791    1.0267    1.0176    1.0142    1.0209    1.0329     1.049    1.0698
    1.0808   0.80911
    3    1 2.2658400000000D+04 1.1559630650000D+13
    0.8791    1.0267    1.0176    1.0142    1.0209    1.0329     1.049    1.0698
    1.0808   0.80911
    9    0 2.2658400000000D+04 2.9170000000000D+02
   10    0 2.2658400000000D+04 1.5800000000000D+01
*---+----+-------------------+-------------------+---------+---------------------
*   1: printout of the result at time [hours]
*---+----+-------------------+-------------------+---------+---------------------
    1    0 2.3601600000000D+04
*---+----+-------------------+-------------------+---------+---------------------
    2    1 2.3601600000000D+04 1.4760600000000D+01
   0.74428   0.86629   0.88248   0.91907   0.97205    1.0347    1.1067    1.1917
    1.2724    1.0103
    3    1 2.3601600000000D+04 9.7788975000000D+12
   0.74428   0.86629   0.88248   0.91907   0.97205    1.0347    1.1067    1.1917
    1.2724    1.0103
    9    0 2.3601600000000D+04 2.8120000000000D+02
   10    0 2.3601600000000D+04 1.5800000000000D+01
* data point #5552 end
*  00:  last line of data set (finishing the program)
*---+----+-------------------+-------------------+---------+---------------------
00000    0 2.3601600000000D+04
*---+----+-------------------+-------------------+---------+---------------------
