* data point #5294 begin
*
*---+----+-------------------+-------------------+---------+---------------------
*   1: printout of the result at time [hours]
*---+----+-------------------+-------------------+---------+---------------------
    1    0 0.0000000000000D+00
*---+----+-------------------+-------------------+---------+---------------------
    2    1 0.0000000000000D+00 1.6212700000000D+01
   0.63278   0.99817    1.1031    1.1528    1.1793    1.1822    1.1601    1.1057
   0.96603   0.51984
    3    1 0.0000000000000D+00 6.9049889300000D+12
   0.63278   0.99817    1.1031    1.1528    1.1793    1.1822    1.1601    1.1057
   0.96603   0.51984
    9    0 0.0000000000000D+00 2.9170000000000D+02
   10    0 0.0000000000000D+00 1.5800000000000D+01
*---+----+-------------------+-------------------+---------+---------------------
*   1: printout of the result at time [hours]
*---+----+-------------------+-------------------+---------+---------------------
    1    0 1.4400000000000D+02
*---+----+-------------------+-------------------+---------+---------------------
    2    1 1.4400000000000D+02 1.6712000000000D+01
   0.76287    1.1235    1.1765    1.1625    1.1424     1.114    1.0772    1.0255
   0.90857   0.50694
    3    1 1.4400000000000D+02 7.1226544000000D+12
   0.76287    1.1235    1.1765    1.1625    1.1424     1.114    1.0772    1.0255
   0.90857   0.50694
    9    0 1.4400000000000D+02 2.9170000000000D+02
   10    0 1.4400000000000D+02 1.5800000000000D+01
*---+----+-------------------+-------------------+---------+---------------------
*   1: printout of the result at time [hours]
*---+----+-------------------+-------------------+---------+---------------------
    1    0 1.4400000000000D+03
*---+----+-------------------+-------------------+---------+---------------------
    2    1 1.4400000000000D+03 1.6985300000000D+01
   0.81164    1.1328     1.148    1.1278    1.1069    1.0858    1.0631     1.032
   0.94234   0.54959
    3    1 1.4400000000000D+03 7.2425319200000D+12
   0.81164    1.1328     1.148    1.1278    1.1069    1.0858    1.0631     1.032
   0.94234   0.54959
    9    0 1.4400000000000D+03 2.9170000000000D+02
   10    0 1.4400000000000D+03 1.5800000000000D+01
*---+----+-------------------+-------------------+---------+---------------------
*   1: printout of the result at time [hours]
*---+----+-------------------+-------------------+---------+---------------------
    1    0 3.0456000000000D+03
*---+----+-------------------+-------------------+---------+---------------------
    2    1 3.0456000000000D+03 1.7341500000000D+01
   0.84278    1.1118     1.099    1.0738    1.0559    1.0443      1.04    1.0449
    1.0277   0.65998
    3    1 3.0456000000000D+03 7.3753399500000D+12
   0.84278    1.1118     1.099    1.0738    1.0559    1.0443      1.04    1.0449
    1.0277   0.65998
    9    0 3.0456000000000D+03 2.9170000000000D+02
   10    0 3.0456000000000D+03 1.5800000000000D+01
*---+----+-------------------+-------------------+---------+---------------------
*   1: printout of the result at time [hours]
*---+----+-------------------+-------------------+---------+---------------------
    1    0 4.9008000000000D+03
*---+----+-------------------+-------------------+---------+---------------------
    2    1 4.9008000000000D+03 1.3448400000000D+01
   0.68938   0.89126   0.91312   0.94532   0.99291    1.0501    1.1182    1.2042
    1.2918   0.90375
    3    1 4.9008000000000D+03 5.4708091200000D+12
   0.68938   0.89126   0.91312   0.94532   0.99291    1.0501    1.1182    1.2042
    1.2918   0.90375
    9    0 4.9008000000000D+03 2.7330000000000D+02
   10    0 4.9008000000000D+03 1.5800000000000D+01
*---+----+-------------------+-------------------+---------+---------------------
*   1: printout of the result at time [hours]
*---+----+-------------------+-------------------+---------+---------------------
    1    0 4.9046000000000D+03
*---+----+-------------------+-------------------+---------+---------------------
    2    1 4.9046000000000D+03 8.0111000000000D+00
   0.53813   0.72325   0.77979   0.85394   0.94968    1.0623    1.1927    1.3454
    1.4941    1.0608
    3    1 4.9046000000000D+03 3.2741365700000D+12
   0.53813   0.72325   0.77979   0.85394   0.94968    1.0623    1.1927    1.3454
    1.4941    1.0608
    9    0 4.9046000000000D+03 2.8340000000000D+02
   10    0 4.9046000000000D+03 1.5800000000000D+01
*---+----+-------------------+-------------------+---------+---------------------
*   1: printout of the result at time [hours]
*---+----+-------------------+-------------------+---------+---------------------
    1    0 4.9066000000000D+03
*---+----+-------------------+-------------------+---------+---------------------
    2    1 4.9066000000000D+03 2.2019400000000D+01
   0.75924     1.114    1.1947     1.211    1.1845     1.137     1.071   0.98613
    0.8527    0.4898
    3    1 4.9066000000000D+03 9.9879998400000D+12
   0.75924     1.114    1.1947     1.211    1.1845     1.137     1.071   0.98613
    0.8527    0.4898
    9    0 4.9066000000000D+03 2.9170000000000D+02
   10    0 4.9066000000000D+03 1.5800000000000D+01
*---+----+-------------------+-------------------+---------+---------------------
*   1: printout of the result at time [hours]
*---+----+-------------------+-------------------+---------+---------------------
    1    0 5.0496000000000D+03
*---+----+-------------------+-------------------+---------+---------------------
    2    1 5.0496000000000D+03 2.2421700000000D+01
   0.86233    1.1938    1.2278    1.1913    1.1427    1.0847     1.021   0.94828
   0.83441   0.49367
    3    1 5.0496000000000D+03 1.0177209630000D+13
   0.86233    1.1938    1.2278    1.1913    1.1427    1.0847     1.021   0.94828
   0.83441   0.49367
    9    0 5.0496000000000D+03 2.9170000000000D+02
   10    0 5.0496000000000D+03 1.5800000000000D+01
*---+----+-------------------+-------------------+---------+---------------------
*   1: printout of the result at time [hours]
*---+----+-------------------+-------------------+---------+---------------------
    1    0 6.4656000000000D+03
*---+----+-------------------+-------------------+---------+---------------------
    2    1 6.4656000000000D+03 2.2213700000000D+01
   0.86703    1.1396    1.1468    1.1237    1.0962    1.0672     1.037    1.0027
   0.93348   0.58635
    3    1 6.4656000000000D+03 1.0113897610000D+13
   0.86703    1.1396    1.1468    1.1237    1.0962    1.0672     1.037    1.0027
   0.93348   0.58635
    9    0 6.4656000000000D+03 2.9170000000000D+02
   10    0 6.4656000000000D+03 1.5800000000000D+01
*---+----+-------------------+-------------------+---------+---------------------
*   1: printout of the result at time [hours]
*---+----+-------------------+-------------------+---------+---------------------
    1    0 7.2912000000000D+03
*---+----+-------------------+-------------------+---------+---------------------
    2    1 7.2912000000000D+03 2.2197300000000D+01
    0.8838    1.1332    1.1242    1.0985    1.0734      1.05     1.029    1.0096
   0.96647   0.63192
    3    1 7.2912000000000D+03 1.0121968800000D+13
    0.8838    1.1332    1.1242    1.0985    1.0734      1.05     1.029    1.0096
   0.96647   0.63192
    9    0 7.2912000000000D+03 2.9170000000000D+02
   10    0 7.2912000000000D+03 1.5800000000000D+01
*---+----+-------------------+-------------------+---------+---------------------
*   1: printout of the result at time [hours]
*---+----+-------------------+-------------------+---------+---------------------
    1    0 7.9286000000000D+03
*---+----+-------------------+-------------------+---------+---------------------
    2    1 7.9286000000000D+03 2.1202100000000D+01
    0.7911    1.0094    1.0257    1.0356    1.0501    1.0665    1.0838     1.102
     1.094   0.74167
    3    1 7.9286000000000D+03 9.4773387000000D+12
    0.7911    1.0094    1.0257    1.0356    1.0501    1.0665    1.0838     1.102
     1.094   0.74167
    9    0 7.9286000000000D+03 2.8320000000000D+02
   10    0 7.9286000000000D+03 1.5800000000000D+01
*---+----+-------------------+-------------------+---------+---------------------
*   1: printout of the result at time [hours]
*---+----+-------------------+-------------------+---------+---------------------
    1    0 7.9306000000000D+03
*---+----+-------------------+-------------------+---------+---------------------
    2    1 7.9306000000000D+03 2.0562200000000D+01
   0.53287   0.80142   0.94576    1.0625    1.1557    1.2203    1.2522    1.2257
     1.116   0.68752
    3    1 7.9306000000000D+03 1.2267408520000D+13
   0.53287   0.80142   0.94576    1.0625    1.1557    1.2203    1.2522    1.2257
     1.116   0.68752
    9    0 7.9306000000000D+03 2.9170000000000D+02
   10    0 7.9306000000000D+03 1.5800000000000D+01
*---+----+-------------------+-------------------+---------+---------------------
*   1: printout of the result at time [hours]
*---+----+-------------------+-------------------+---------+---------------------
    1    0 8.0736000000000D+03
*---+----+-------------------+-------------------+---------+---------------------
    2    1 8.0736000000000D+03 2.0308700000000D+01
   0.70689   0.98441    1.0684    1.1106    1.1322    1.1492    1.1282    1.0927
   0.99873   0.62875
    3    1 8.0736000000000D+03 1.2112108680000D+13
   0.70689   0.98441    1.0684    1.1106    1.1322    1.1492    1.1282    1.0927
   0.99873   0.62875
    9    0 8.0736000000000D+03 2.9170000000000D+02
   10    0 8.0736000000000D+03 1.5800000000000D+01
*---+----+-------------------+-------------------+---------+---------------------
*   1: printout of the result at time [hours]
*---+----+-------------------+-------------------+---------+---------------------
    1    0 1.2969600000000D+04
*---+----+-------------------+-------------------+---------+---------------------
    2    1 1.2969600000000D+04 2.0603000000000D+01
   0.86648    1.1127    1.1361    1.1121    1.0888    1.0659    1.0427    1.0125
   0.94064   0.62209
    3    1 1.2969600000000D+04 1.2186674500000D+13
   0.86648    1.1127    1.1361    1.1121    1.0888    1.0659    1.0427    1.0125
   0.94064   0.62209
    9    0 1.2969600000000D+04 2.9170000000000D+02
   10    0 1.2969600000000D+04 1.5800000000000D+01
*---+----+-------------------+-------------------+---------+---------------------
*   1: printout of the result at time [hours]
*---+----+-------------------+-------------------+---------+---------------------
    1    0 1.5621600000000D+04
*---+----+-------------------+-------------------+---------+---------------------
    2    1 1.5621600000000D+04 2.0442800000000D+01
   0.87948    1.0614     1.048    1.0331    1.0295    1.0345    1.0471    1.0651
    1.0574   0.74447
    3    1 1.5621600000000D+04 1.2028543520000D+13
   0.87948    1.0614     1.048    1.0331    1.0295    1.0345    1.0471    1.0651
    1.0574   0.74447
    9    0 1.5621600000000D+04 2.9170000000000D+02
   10    0 1.5621600000000D+04 1.5800000000000D+01
*---+----+-------------------+-------------------+---------+---------------------
*   1: printout of the result at time [hours]
*---+----+-------------------+-------------------+---------+---------------------
    1    0 1.6407800000000D+04
*---+----+-------------------+-------------------+---------+---------------------
    2    1 1.6407800000000D+04 1.9259500000000D+01
   0.77287     0.929   0.93808    0.9589   0.99489    1.0409    1.0963    1.1617
    1.2176   0.88979
    3    1 1.6407800000000D+04 1.0987544750000D+13
   0.77287     0.929   0.93808    0.9589   0.99489    1.0409    1.0963    1.1617
    1.2176   0.88979
    9    0 1.6407800000000D+04 2.8120000000000D+02
   10    0 1.6407800000000D+04 1.5800000000000D+01
*---+----+-------------------+-------------------+---------+---------------------
*   1: printout of the result at time [hours]
*---+----+-------------------+-------------------+---------+---------------------
    1    0 1.6409800000000D+04
*---+----+-------------------+-------------------+---------+---------------------
    2    1 1.6409800000000D+04 2.0173400000000D+01
   0.43557   0.60634   0.72055   0.85092   0.99131    1.1323    1.2647    1.3781
    1.4548    1.1653
    3    1 1.6409800000000D+04 1.1006607040000D+13
   0.43557   0.60634   0.72055   0.85092   0.99131    1.1323    1.2647    1.3781
    1.4548    1.1653
    9    0 1.6409800000000D+04 2.9170000000000D+02
   10    0 1.6409800000000D+04 1.5800000000000D+01
*---+----+-------------------+-------------------+---------+---------------------
*   1: printout of the result at time [hours]
*---+----+-------------------+-------------------+---------+---------------------
    1    0 1.6552800000000D+04
*---+----+-------------------+-------------------+---------+---------------------
    2    1 1.6552800000000D+04 2.0315500000000D+01
      0.64   0.82518   0.89242   0.95735    1.0226    1.0863    1.1469    1.2016
    1.2345   0.99313
    3    1 1.6552800000000D+04 1.1078042150000D+13
      0.64   0.82518   0.89242   0.95735    1.0226    1.0863    1.1469    1.2016
    1.2345   0.99313
    9    0 1.6552800000000D+04 2.9170000000000D+02
   10    0 1.6552800000000D+04 1.5800000000000D+01
*---+----+-------------------+-------------------+---------+---------------------
*   1: printout of the result at time [hours]
*---+----+-------------------+-------------------+---------+---------------------
    1    0 2.1808800000000D+04
*---+----+-------------------+-------------------+---------+---------------------
    2    1 2.1808800000000D+04 2.0287000000000D+01
   0.90102    1.0667    1.0614      1.05     1.039    1.0295    1.0224    1.0174
       1.0   0.81254
    3    1 2.1808800000000D+04 1.1334346900000D+13
   0.90102    1.0667    1.0614      1.05     1.039    1.0295    1.0224    1.0174
       1.0   0.81254
    9    0 2.1808800000000D+04 2.9170000000000D+02
   10    0 2.1808800000000D+04 1.5800000000000D+01
*---+----+-------------------+-------------------+---------+---------------------
*   1: printout of the result at time [hours]
*---+----+-------------------+-------------------+---------+---------------------
    1    0 2.3690400000000D+04
*---+----+-------------------+-------------------+---------+---------------------
    2    1 2.3690400000000D+04 2.0023000000000D+01
   0.90256    1.0292    1.0151    1.0064    1.0058    1.0104    1.0209    1.0406
    1.0734   0.89567
    3    1 2.3690400000000D+04 1.1228898400000D+13
   0.90256    1.0292    1.0151    1.0064    1.0058    1.0104    1.0209    1.0406
    1.0734   0.89567
    9    0 2.3690400000000D+04 2.9170000000000D+02
   10    0 2.3690400000000D+04 1.5800000000000D+01
*---+----+-------------------+-------------------+---------+---------------------
*   1: printout of the result at time [hours]
*---+----+-------------------+-------------------+---------+---------------------
    1    0 2.4426200000000D+04
*---+----+-------------------+-------------------+---------+---------------------
    2    1 2.4426200000000D+04 1.8500600000000D+01
   0.79473   0.90348   0.90981   0.93375   0.97056    1.0149    1.0673     1.133
    1.2074    1.0651
    3    1 2.4426200000000D+04 1.0093927360000D+13
   0.79473   0.90348   0.90981   0.93375   0.97056    1.0149    1.0673     1.133
    1.2074    1.0651
    9    0 2.4426200000000D+04 2.8110000000000D+02
   10    0 2.4426200000000D+04 1.5800000000000D+01
*---+----+-------------------+-------------------+---------+---------------------
*   1: printout of the result at time [hours]
*---+----+-------------------+-------------------+---------+---------------------
    1    0 2.4428200000000D+04
*---+----+-------------------+-------------------+---------+---------------------
    2    1 2.4428200000000D+04 1.7384800000000D+01
   0.45523   0.68778   0.83861   0.97672    1.1049    1.2154    1.2963    1.3367
    1.2549   0.83343
    3    1 2.4428200000000D+04 1.0775099040000D+13
   0.45523   0.68778   0.83861   0.97672    1.1049    1.2154    1.2963    1.3367
    1.2549   0.83343
    9    0 2.4428200000000D+04 2.9170000000000D+02
   10    0 2.4428200000000D+04 1.5800000000000D+01
*---+----+-------------------+-------------------+---------+---------------------
*   1: printout of the result at time [hours]
*---+----+-------------------+-------------------+---------+---------------------
    1    0 2.4571200000000D+04
*---+----+-------------------+-------------------+---------+---------------------
    2    1 2.4571200000000D+04 1.7497700000000D+01
   0.64717   0.89989   0.99813    1.0603    1.1068    1.1415    1.1628    1.1606
    1.0896   0.73312
    3    1 2.4571200000000D+04 1.0799580440000D+13
   0.64717   0.89989   0.99813    1.0603    1.1068    1.1415    1.1628    1.1606
    1.0896   0.73312
    9    0 2.4571200000000D+04 2.9170000000000D+02
   10    0 2.4571200000000D+04 1.5800000000000D+01
*---+----+-------------------+-------------------+---------+---------------------
*   1: printout of the result at time [hours]
*---+----+-------------------+-------------------+---------+---------------------
    1    0 2.8027200000000D+04
*---+----+-------------------+-------------------+---------+---------------------
    2    1 2.8027200000000D+04 1.6820200000000D+01
   0.85082     1.046    1.0663    1.0548    1.0505    1.0492    1.0514    1.0542
    1.0268   0.74993
    3    1 2.8027200000000D+04 1.0349469060000D+13
   0.85082     1.046    1.0663    1.0548    1.0505    1.0492    1.0514    1.0542
    1.0268   0.74993
    9    0 2.8027200000000D+04 2.9170000000000D+02
   10    0 2.8027200000000D+04 1.5800000000000D+01
*---+----+-------------------+-------------------+---------+---------------------
*   1: printout of the result at time [hours]
*---+----+-------------------+-------------------+---------+---------------------
    1    0 3.0187200000000D+04
*---+----+-------------------+-------------------+---------+---------------------
    2    1 3.0187200000000D+04 1.6327000000000D+01
   0.90494    1.0656    1.0571    1.0459    1.0383    1.0334    1.0318    1.0339
    1.0176   0.77148
    3    1 3.0187200000000D+04 1.0011716400000D+13
   0.90494    1.0656    1.0571    1.0459    1.0383    1.0334    1.0318    1.0339
    1.0176   0.77148
    9    0 3.0187200000000D+04 2.9170000000000D+02
   10    0 3.0187200000000D+04 1.5800000000000D+01
*---+----+-------------------+-------------------+---------+---------------------
*   1: printout of the result at time [hours]
*---+----+-------------------+-------------------+---------+---------------------
    1    0 3.1490400000000D+04
*---+----+-------------------+-------------------+---------+---------------------
    2    1 3.1490400000000D+04 1.6379000000000D+01
   0.89615    1.0236    1.0123    1.0063    1.0092     1.017      1.03    1.0527
    1.0991   0.85353
    3    1 3.1490400000000D+04 1.0012482700000D+13
   0.89615    1.0236    1.0123    1.0063    1.0092     1.017      1.03    1.0527
    1.0991   0.85353
    9    0 3.1490400000000D+04 2.9170000000000D+02
   10    0 3.1490400000000D+04 1.5800000000000D+01
*---+----+-------------------+-------------------+---------+---------------------
*   1: printout of the result at time [hours]
*---+----+-------------------+-------------------+---------+---------------------
    1    0 3.1911800000000D+04
*---+----+-------------------+-------------------+---------+---------------------
    2    1 3.1911800000000D+04 1.5364600000000D+01
   0.81135   0.92928   0.93585   0.95635   0.98903    1.0279    1.0726    1.1279
    1.1852   0.96449
    3    1 3.1911800000000D+04 9.2464162800000D+12
   0.81135   0.92928   0.93585   0.95635   0.98903    1.0279    1.0726    1.1279
    1.1852   0.96449
    9    0 3.1911800000000D+04 2.8640000000000D+02
   10    0 3.1911800000000D+04 1.5800000000000D+01
*---+----+-------------------+-------------------+---------+---------------------
*   1: printout of the result at time [hours]
*---+----+-------------------+-------------------+---------+---------------------
    1    0 3.1913800000000D+04
*---+----+-------------------+-------------------+---------+---------------------
    2    1 3.1913800000000D+04 4.4778000000000D+00
   0.45469   0.66394   0.81424   0.95248    1.0809    1.1925     1.275    1.3174
    1.2537   0.99513
    3    1 3.1913800000000D+04 2.7905649600000D+12
   0.45469   0.66394   0.81424   0.95248    1.0809    1.1925     1.275    1.3174
    1.2537   0.99513
    9    0 3.1913800000000D+04 2.9170000000000D+02
   10    0 3.1913800000000D+04 1.5800000000000D+01
*---+----+-------------------+-------------------+---------+---------------------
*   1: printout of the result at time [hours]
*---+----+-------------------+-------------------+---------+---------------------
    1    0 3.2056800000000D+04
*---+----+-------------------+-------------------+---------+---------------------
    2    1 3.2056800000000D+04 4.7360000000000D+00
   0.63957   0.86022   0.96242    1.0304    1.0828    1.1237    1.1508    1.1537
    1.1033   0.89316
    3    1 3.2056800000000D+04 2.9088512000000D+12
   0.63957   0.86022   0.96242    1.0304    1.0828    1.1237    1.1508    1.1537
    1.1033   0.89316
    9    0 3.2056800000000D+04 2.9170000000000D+02
   10    0 3.2056800000000D+04 1.5800000000000D+01
*---+----+-------------------+-------------------+---------+---------------------
*   1: printout of the result at time [hours]
*---+----+-------------------+-------------------+---------+---------------------
    1    0 3.5512800000000D+04
*---+----+-------------------+-------------------+---------+---------------------
    2    1 3.5512800000000D+04 5.1925000000000D+00
   0.81618   0.99047     1.019    1.0265    1.0325    1.0405    1.0513    1.0621
    1.0536   0.90785
    3    1 3.5512800000000D+04 3.1009610000000D+12
   0.81618   0.99047     1.019    1.0265    1.0325    1.0405    1.0513    1.0621
    1.0536   0.90785
    9    0 3.5512800000000D+04 2.9170000000000D+02
   10    0 3.5512800000000D+04 1.5800000000000D+01
*---+----+-------------------+-------------------+---------+---------------------
*   1: printout of the result at time [hours]
*---+----+-------------------+-------------------+---------+---------------------
    1    0 3.7312800000000D+04
*---+----+-------------------+-------------------+---------+---------------------
    2    1 3.7312800000000D+04 5.3736000000000D+00
   0.85939    1.0077    1.0205    1.0211     1.022    1.0256    1.0323    1.0421
    1.0494   0.91987
    3    1 3.7312800000000D+04 3.1634383200000D+12
   0.85939    1.0077    1.0205    1.0211     1.022    1.0256    1.0323    1.0421
    1.0494   0.91987
    9    0 3.7312800000000D+04 2.9170000000000D+02
   10    0 3.7312800000000D+04 1.5800000000000D+01
*---+----+-------------------+-------------------+---------+---------------------
*   1: printout of the result at time [hours]
*---+----+-------------------+-------------------+---------+---------------------
    1    0 3.9067200000000D+04
*---+----+-------------------+-------------------+---------+---------------------
    2    1 3.9067200000000D+04 5.7713000000000D+00
   0.84695   0.95871   0.95975   0.96581   0.98193    1.0051    1.0353    1.0767
    1.1276    1.0421
    3    1 3.9067200000000D+04 3.3421598300000D+12
   0.84695   0.95871   0.95975   0.96581   0.98193    1.0051    1.0353    1.0767
    1.1276    1.0421
    9    0 3.9067200000000D+04 2.9170000000000D+02
   10    0 3.9067200000000D+04 1.5800000000000D+01
*---+----+-------------------+-------------------+---------+---------------------
*   1: printout of the result at time [hours]
*---+----+-------------------+-------------------+---------+---------------------
    1    0 4.0010400000000D+04
*---+----+-------------------+-------------------+---------+---------------------
    2    1 4.0010400000000D+04 5.0370000000000D+00
   0.73258    0.8247   0.84237   0.87969   0.93349   0.99861    1.0758    1.1719
    1.2891    1.2517
    3    1 4.0010400000000D+04 2.8423791000000D+12
   0.73258    0.8247   0.84237   0.87969   0.93349   0.99861    1.0758    1.1719
    1.2891    1.2517
    9    0 4.0010400000000D+04 2.8120000000000D+02
   10    0 4.0010400000000D+04 1.5800000000000D+01
* data point #5294 end
*  00:  last line of data set (finishing the program)
*---+----+-------------------+-------------------+---------+---------------------
00000    0 4.0010400000000D+04
*---+----+-------------------+-------------------+---------+---------------------
