* data point #5549 begin
*
*---+----+-------------------+-------------------+---------+---------------------
*   1: printout of the result at time [hours]
*---+----+-------------------+-------------------+---------+---------------------
    1    0 0.0000000000000D+00
*---+----+-------------------+-------------------+---------+---------------------
    2    1 0.0000000000000D+00 1.9226000000000D+01
   0.63216    0.9974    1.1026    1.1525    1.1792    1.1825    1.1606    1.1063
   0.96661   0.52013
    3    1 0.0000000000000D+00 7.9922482000000D+12
   0.63216    0.9974    1.1026    1.1525    1.1792    1.1825    1.1606    1.1063
   0.96661   0.52013
    9    0 0.0000000000000D+00 2.9170000000000D+02
   10    0 0.0000000000000D+00 1.5800000000000D+01
*---+----+-------------------+-------------------+---------+---------------------
*   1: printout of the result at time [hours]
*---+----+-------------------+-------------------+---------+---------------------
    1    0 1.4400000000000D+02
*---+----+-------------------+-------------------+---------+---------------------
    2    1 1.4400000000000D+02 1.9601100000000D+01
    0.7623    1.1228    1.1761    1.1624    1.1425    1.1143    1.0776    1.0259
   0.90898   0.50711
    3    1 1.4400000000000D+02 8.1912996900000D+12
    0.7623    1.1228    1.1761    1.1624    1.1425    1.1143    1.0776    1.0259
   0.90898   0.50711
    9    0 1.4400000000000D+02 2.9170000000000D+02
   10    0 1.4400000000000D+02 1.5800000000000D+01
*---+----+-------------------+-------------------+---------+---------------------
*   1: printout of the result at time [hours]
*---+----+-------------------+-------------------+---------+---------------------
    1    0 1.4400000000000D+03
*---+----+-------------------+-------------------+---------+---------------------
    2    1 1.4400000000000D+03 1.9612900000000D+01
    0.8111    1.1323    1.1478    1.1277     1.107    1.0861    1.0634    1.0323
   0.94264   0.54969
    3    1 1.4400000000000D+03 8.2903728300000D+12
    0.8111    1.1323    1.1478    1.1277     1.107    1.0861    1.0634    1.0323
   0.94264   0.54969
    9    0 1.4400000000000D+03 2.9170000000000D+02
   10    0 1.4400000000000D+03 1.5800000000000D+01
*---+----+-------------------+-------------------+---------+---------------------
*   1: printout of the result at time [hours]
*---+----+-------------------+-------------------+---------+---------------------
    1    0 3.0456000000000D+03
*---+----+-------------------+-------------------+---------+---------------------
    2    1 3.0456000000000D+03 1.9679700000000D+01
   0.84234    1.1114    1.0988    1.0737     1.056    1.0444    1.0402    1.0451
    1.0279   0.66007
    3    1 3.0456000000000D+03 8.3914240800000D+12
   0.84234    1.1114    1.0988    1.0737     1.056    1.0444    1.0402    1.0451
    1.0279   0.66007
    9    0 3.0456000000000D+03 2.9170000000000D+02
   10    0 3.0456000000000D+03 1.5800000000000D+01
*---+----+-------------------+-------------------+---------+---------------------
*   1: printout of the result at time [hours]
*---+----+-------------------+-------------------+---------+---------------------
    1    0 4.9008000000000D+03
*---+----+-------------------+-------------------+---------+---------------------
    2    1 4.9008000000000D+03 1.5263300000000D+01
   0.68917   0.89116   0.91304   0.94527   0.99297    1.0502    1.1183    1.2043
    1.2919   0.90374
    3    1 4.9008000000000D+03 6.2457423600000D+12
   0.68917   0.89116   0.91304   0.94527   0.99297    1.0502    1.1183    1.2043
    1.2919   0.90374
    9    0 4.9008000000000D+03 2.7330000000000D+02
   10    0 4.9008000000000D+03 1.5800000000000D+01
*---+----+-------------------+-------------------+---------+---------------------
*   1: printout of the result at time [hours]
*---+----+-------------------+-------------------+---------+---------------------
    1    0 4.9046000000000D+03
*---+----+-------------------+-------------------+---------+---------------------
    2    1 4.9046000000000D+03 9.1396000000000D+00
   0.53799   0.72323   0.77979   0.85387   0.94971    1.0624    1.1927    1.3455
     1.494    1.0608
    3    1 4.9046000000000D+03 3.7371824400000D+12
   0.53799   0.72323   0.77979   0.85387   0.94971    1.0624    1.1927    1.3455
     1.494    1.0608
    9    0 4.9046000000000D+03 2.8340000000000D+02
   10    0 4.9046000000000D+03 1.5800000000000D+01
*---+----+-------------------+-------------------+---------+---------------------
*   1: printout of the result at time [hours]
*---+----+-------------------+-------------------+---------+---------------------
    1    0 4.9066000000000D+03
*---+----+-------------------+-------------------+---------+---------------------
    2    1 4.9066000000000D+03 2.4104000000000D+01
   0.75892    1.1139    1.1948    1.2113    1.1848    1.1372    1.0711   0.98606
   0.85239    0.4895
    3    1 4.9066000000000D+03 1.1056504800000D+13
   0.75892    1.1139    1.1948    1.2113    1.1848    1.1372    1.0711   0.98606
   0.85239    0.4895
    9    0 4.9066000000000D+03 2.9170000000000D+02
   10    0 4.9066000000000D+03 1.5800000000000D+01
*---+----+-------------------+-------------------+---------+---------------------
*   1: printout of the result at time [hours]
*---+----+-------------------+-------------------+---------+---------------------
    1    0 5.0496000000000D+03
*---+----+-------------------+-------------------+---------+---------------------
    2    1 5.0496000000000D+03 2.4290500000000D+01
   0.86194    1.1935    1.2279    1.1916     1.143     1.085    1.0211   0.94827
   0.83419   0.49349
    3    1 5.0496000000000D+03 1.1173630000000D+13
   0.86194    1.1935    1.2279    1.1916     1.143     1.085    1.0211   0.94827
   0.83419   0.49349
    9    0 5.0496000000000D+03 2.9170000000000D+02
   10    0 5.0496000000000D+03 1.5800000000000D+01
*---+----+-------------------+-------------------+---------+---------------------
*   1: printout of the result at time [hours]
*---+----+-------------------+-------------------+---------+---------------------
    1    0 6.4656000000000D+03
*---+----+-------------------+-------------------+---------+---------------------
    2    1 6.4656000000000D+03 2.3741900000000D+01
   0.86661    1.1393    1.1467    1.1238    1.0965    1.0674    1.0372    1.0028
   0.93337   0.58622
    3    1 6.4656000000000D+03 1.1039983500000D+13
   0.86661    1.1393    1.1467    1.1238    1.0965    1.0674    1.0372    1.0028
   0.93337   0.58622
    9    0 6.4656000000000D+03 2.9170000000000D+02
   10    0 6.4656000000000D+03 1.5800000000000D+01
*---+----+-------------------+-------------------+---------+---------------------
*   1: printout of the result at time [hours]
*---+----+-------------------+-------------------+---------+---------------------
    1    0 7.2912000000000D+03
*---+----+-------------------+-------------------+---------+---------------------
    2    1 7.2912000000000D+03 2.3573200000000D+01
   0.88333    1.1329    1.1242    1.0986    1.0735    1.0502    1.0292    1.0097
   0.96648   0.63186
    3    1 7.2912000000000D+03 1.1018113680000D+13
   0.88333    1.1329    1.1242    1.0986    1.0735    1.0502    1.0292    1.0097
   0.96648   0.63186
    9    0 7.2912000000000D+03 2.9170000000000D+02
   10    0 7.2912000000000D+03 1.5800000000000D+01
*---+----+-------------------+-------------------+---------+---------------------
*   1: printout of the result at time [hours]
*---+----+-------------------+-------------------+---------+---------------------
    1    0 7.9286000000000D+03
*---+----+-------------------+-------------------+---------+---------------------
    2    1 7.9286000000000D+03 2.2583700000000D+01
   0.79066    1.0091    1.0257    1.0357    1.0503    1.0667    1.0841    1.1022
    1.0941   0.74164
    3    1 7.9286000000000D+03 1.0352368080000D+13
   0.79066    1.0091    1.0257    1.0357    1.0503    1.0667    1.0841    1.1022
    1.0941   0.74164
    9    0 7.9286000000000D+03 2.8320000000000D+02
   10    0 7.9286000000000D+03 1.5800000000000D+01
*---+----+-------------------+-------------------+---------+---------------------
*   1: printout of the result at time [hours]
*---+----+-------------------+-------------------+---------+---------------------
    1    0 7.9306000000000D+03
*---+----+-------------------+-------------------+---------+---------------------
    2    1 7.9306000000000D+03 2.5327400000000D+01
   0.53472   0.80446   0.94881     1.065    1.1571    1.2205    1.2511    1.2229
    1.1118   0.68349
    3    1 7.9306000000000D+03 1.2681429180000D+13
   0.53472   0.80446   0.94881     1.065    1.1571    1.2205    1.2511    1.2229
    1.1118   0.68349
    9    0 7.9306000000000D+03 2.9170000000000D+02
   10    0 7.9306000000000D+03 1.5800000000000D+01
*---+----+-------------------+-------------------+---------+---------------------
*   1: printout of the result at time [hours]
*---+----+-------------------+-------------------+---------+---------------------
    1    0 8.0736000000000D+03
*---+----+-------------------+-------------------+---------+---------------------
    2    1 8.0736000000000D+03 2.5170100000000D+01
   0.70882   0.98744    1.0711    1.1126    1.1331    1.1492    1.1269    1.0903
   0.99531   0.62531
    3    1 8.0736000000000D+03 1.2595118040000D+13
   0.70882   0.98744    1.0711    1.1126    1.1331    1.1492    1.1269    1.0903
   0.99531   0.62531
    9    0 8.0736000000000D+03 2.9170000000000D+02
   10    0 8.0736000000000D+03 1.5800000000000D+01
*---+----+-------------------+-------------------+---------+---------------------
*   1: printout of the result at time [hours]
*---+----+-------------------+-------------------+---------+---------------------
    1    0 1.2969600000000D+04
*---+----+-------------------+-------------------+---------+---------------------
    2    1 1.2969600000000D+04 2.3629000000000D+01
   0.86732    1.1139     1.137    1.1125     1.089    1.0657    1.0423    1.0118
   0.93965    0.6208
    3    1 1.2969600000000D+04 1.2329612200000D+13
   0.86732    1.1139     1.137    1.1125     1.089    1.0657    1.0423    1.0118
   0.93965    0.6208
    9    0 1.2969600000000D+04 2.9170000000000D+02
   10    0 1.2969600000000D+04 1.5800000000000D+01
*---+----+-------------------+-------------------+---------+---------------------
*   1: printout of the result at time [hours]
*---+----+-------------------+-------------------+---------+---------------------
    1    0 1.5621600000000D+04
*---+----+-------------------+-------------------+---------+---------------------
    2    1 1.5621600000000D+04 2.2930500000000D+01
   0.88001    1.0613    1.0476    1.0327    1.0292    1.0343    1.0471    1.0653
    1.0579   0.74469
    3    1 1.5621600000000D+04 1.2121062300000D+13
   0.88001    1.0613    1.0476    1.0327    1.0292    1.0343    1.0471    1.0653
    1.0579   0.74469
    9    0 1.5621600000000D+04 2.9170000000000D+02
   10    0 1.5621600000000D+04 1.5800000000000D+01
*---+----+-------------------+-------------------+---------+---------------------
*   1: printout of the result at time [hours]
*---+----+-------------------+-------------------+---------+---------------------
    1    0 1.6407800000000D+04
*---+----+-------------------+-------------------+---------+---------------------
    2    1 1.6407800000000D+04 2.1400800000000D+01
    0.7732    0.9287   0.93763   0.95852   0.99464    1.0408    1.0963    1.1619
    1.2181    0.8902
    3    1 1.6407800000000D+04 1.1008571520000D+13
    0.7732    0.9287   0.93763   0.95852   0.99464    1.0408    1.0963    1.1619
    1.2181    0.8902
    9    0 1.6407800000000D+04 2.8120000000000D+02
   10    0 1.6407800000000D+04 1.5800000000000D+01
*---+----+-------------------+-------------------+---------+---------------------
*   1: printout of the result at time [hours]
*---+----+-------------------+-------------------+---------+---------------------
    1    0 1.6409800000000D+04
*---+----+-------------------+-------------------+---------+---------------------
    2    1 1.6409800000000D+04 1.8899900000000D+01
   0.43524   0.60503   0.71905   0.84942   0.98995    1.1312    1.2642    1.3785
    1.4577    1.1697
    3    1 1.6409800000000D+04 1.0665213570000D+13
   0.43524   0.60503   0.71905   0.84942   0.98995    1.1312    1.2642    1.3785
    1.4577    1.1697
    9    0 1.6409800000000D+04 2.9170000000000D+02
   10    0 1.6409800000000D+04 1.5800000000000D+01
*---+----+-------------------+-------------------+---------+---------------------
*   1: printout of the result at time [hours]
*---+----+-------------------+-------------------+---------+---------------------
    1    0 1.6552800000000D+04
*---+----+-------------------+-------------------+---------+---------------------
    2    1 1.6552800000000D+04 1.9102200000000D+01
   0.63966   0.82357   0.89074   0.95591    1.0216    1.0856    1.1468    1.2024
    1.2367   0.99711
    3    1 1.6552800000000D+04 1.0777461240000D+13
   0.63966   0.82357   0.89074   0.95591    1.0216    1.0856    1.1468    1.2024
    1.2367   0.99711
    9    0 1.6552800000000D+04 2.9170000000000D+02
   10    0 1.6552800000000D+04 1.5800000000000D+01
*---+----+-------------------+-------------------+---------+---------------------
*   1: printout of the result at time [hours]
*---+----+-------------------+-------------------+---------+---------------------
    1    0 2.1808800000000D+04
*---+----+-------------------+-------------------+---------+---------------------
    2    1 2.1808800000000D+04 1.9027200000000D+01
    0.9005    1.0652    1.0601    1.0491    1.0385    1.0294    1.0226    1.0181
    1.0015   0.81504
    3    1 2.1808800000000D+04 1.0980597120000D+13
    0.9005    1.0652    1.0601    1.0491    1.0385    1.0294    1.0226    1.0181
    1.0015   0.81504
    9    0 2.1808800000000D+04 2.9170000000000D+02
   10    0 2.1808800000000D+04 1.5800000000000D+01
*---+----+-------------------+-------------------+---------+---------------------
*   1: printout of the result at time [hours]
*---+----+-------------------+-------------------+---------+---------------------
    1    0 2.3690400000000D+04
*---+----+-------------------+-------------------+---------+---------------------
    2    1 2.3690400000000D+04 1.8779100000000D+01
   0.90201     1.028    1.0139    1.0055    1.0052    1.0102     1.021    1.0412
     1.075   0.89807
    3    1 2.3690400000000D+04 1.0876854720000D+13
   0.90201     1.028    1.0139    1.0055    1.0052    1.0102     1.021    1.0412
     1.075   0.89807
    9    0 2.3690400000000D+04 2.9170000000000D+02
   10    0 2.3690400000000D+04 1.5800000000000D+01
*---+----+-------------------+-------------------+---------+---------------------
*   1: printout of the result at time [hours]
*---+----+-------------------+-------------------+---------+---------------------
    1    0 2.4426200000000D+04
*---+----+-------------------+-------------------+---------+---------------------
    2    1 2.4426200000000D+04 1.7301900000000D+01
   0.79431   0.90244    0.9088    0.9329   0.96995    1.0146    1.0672    1.1334
    1.2086    1.0678
    3    1 2.4426200000000D+04 9.7409697000000D+12
   0.79431   0.90244    0.9088    0.9329   0.96995    1.0146    1.0672    1.1334
    1.2086    1.0678
    9    0 2.4426200000000D+04 2.8110000000000D+02
   10    0 2.4426200000000D+04 1.5800000000000D+01
*---+----+-------------------+-------------------+---------+---------------------
*   1: printout of the result at time [hours]
*---+----+-------------------+-------------------+---------+---------------------
    1    0 2.4428200000000D+04
*---+----+-------------------+-------------------+---------+---------------------
    2    1 2.4428200000000D+04 1.4661100000000D+01
   0.48693   0.68167   0.81147   0.94093    1.0651    1.1752    1.2612    1.3185
    1.2845   0.97455
    3    1 2.4428200000000D+04 9.1573230600000D+12
   0.48693   0.68167   0.81147   0.94093    1.0651    1.1752    1.2612    1.3185
    1.2845   0.97455
    9    0 2.4428200000000D+04 2.9170000000000D+02
   10    0 2.4428200000000D+04 1.5800000000000D+01
*---+----+-------------------+-------------------+---------+---------------------
*   1: printout of the result at time [hours]
*---+----+-------------------+-------------------+---------+---------------------
    1    0 2.4571200000000D+04
*---+----+-------------------+-------------------+---------+---------------------
    2    1 2.4571200000000D+04 1.4846000000000D+01
   0.68685   0.88906    0.9647     1.022     1.069    1.1072    1.1353    1.1549
    1.1157   0.85538
    3    1 2.4571200000000D+04 9.2386658000000D+12
   0.68685   0.88906    0.9647     1.022     1.069    1.1072    1.1353    1.1549
    1.1157   0.85538
    9    0 2.4571200000000D+04 2.9170000000000D+02
   10    0 2.4571200000000D+04 1.5800000000000D+01
*---+----+-------------------+-------------------+---------+---------------------
*   1: printout of the result at time [hours]
*---+----+-------------------+-------------------+---------+---------------------
    1    0 2.8027200000000D+04
*---+----+-------------------+-------------------+---------+---------------------
    2    1 2.8027200000000D+04 1.5291800000000D+01
   0.87746    1.0455    1.0534    1.0471    1.0408     1.037    1.0365    1.0372
    1.0161   0.80886
    3    1 2.8027200000000D+04 9.5252622200000D+12
   0.87746    1.0455    1.0534    1.0471    1.0408     1.037    1.0365    1.0372
    1.0161   0.80886
    9    0 2.8027200000000D+04 2.9170000000000D+02
   10    0 2.8027200000000D+04 1.5800000000000D+01
*---+----+-------------------+-------------------+---------+---------------------
*   1: printout of the result at time [hours]
*---+----+-------------------+-------------------+---------+---------------------
    1    0 3.0187200000000D+04
*---+----+-------------------+-------------------+---------+---------------------
    2    1 3.0187200000000D+04 1.5467500000000D+01
   0.91864    1.0808    1.0739    1.0581     1.043    1.0296    1.0187    1.0092
   0.98096   0.78707
    3    1 3.0187200000000D+04 9.6455330000000D+12
   0.91864    1.0808    1.0739    1.0581     1.043    1.0296    1.0187    1.0092
   0.98096   0.78707
    9    0 3.0187200000000D+04 2.9170000000000D+02
   10    0 3.0187200000000D+04 1.5800000000000D+01
*---+----+-------------------+-------------------+---------+---------------------
*   1: printout of the result at time [hours]
*---+----+-------------------+-------------------+---------+---------------------
    1    0 3.1490400000000D+04
*---+----+-------------------+-------------------+---------+---------------------
    2    1 3.1490400000000D+04 1.5562700000000D+01
   0.89869     1.026    1.0165    1.0113    1.0142     1.021     1.031    1.0465
    1.0597   0.87517
    3    1 3.1490400000000D+04 9.6924495600000D+12
   0.89869     1.026    1.0165    1.0113    1.0142     1.021     1.031    1.0465
    1.0597   0.87517
    9    0 3.1490400000000D+04 2.9170000000000D+02
   10    0 3.1490400000000D+04 1.5800000000000D+01
*---+----+-------------------+-------------------+---------+---------------------
*   1: printout of the result at time [hours]
*---+----+-------------------+-------------------+---------+---------------------
    1    0 3.1911800000000D+04
*---+----+-------------------+-------------------+---------+---------------------
    2    1 3.1911800000000D+04 1.4622300000000D+01
   0.80452   0.92106   0.93063   0.95368   0.98849    1.0286    1.0728    1.1242
    1.1837   0.99232
    3    1 3.1911800000000D+04 8.9590832100000D+12
   0.80452   0.92106   0.93063   0.95368   0.98849    1.0286    1.0728    1.1242
    1.1837   0.99232
    9    0 3.1911800000000D+04 2.8640000000000D+02
   10    0 3.1911800000000D+04 1.5800000000000D+01
*---+----+-------------------+-------------------+---------+---------------------
*   1: printout of the result at time [hours]
*---+----+-------------------+-------------------+---------+---------------------
    1    0 3.1913800000000D+04
*---+----+-------------------+-------------------+---------+---------------------
    2    1 3.1913800000000D+04 2.7039000000000D+00
   0.48633   0.70158   0.84582   0.97563    1.0925    1.1898    1.2571    1.2859
    1.2223   0.94308
    3    1 3.1913800000000D+04 1.7737584000000D+12
   0.48633   0.70158   0.84582   0.97563    1.0925    1.1898    1.2571    1.2859
    1.2223   0.94308
    9    0 3.1913800000000D+04 2.9170000000000D+02
   10    0 3.1913800000000D+04 1.5800000000000D+01
*---+----+-------------------+-------------------+---------+---------------------
*   1: printout of the result at time [hours]
*---+----+-------------------+-------------------+---------+---------------------
    1    0 3.2056800000000D+04
*---+----+-------------------+-------------------+---------+---------------------
    2    1 3.2056800000000D+04 2.8282000000000D+00
   0.67534   0.89774   0.98755    1.0445    1.0855    1.1156    1.1368    1.1272
    1.0788   0.85107
    3    1 3.2056800000000D+04 1.8241890000000D+12
   0.67534   0.89774   0.98755    1.0445    1.0855    1.1156    1.1368    1.1272
    1.0788   0.85107
    9    0 3.2056800000000D+04 2.9170000000000D+02
   10    0 3.2056800000000D+04 1.5800000000000D+01
*---+----+-------------------+-------------------+---------+---------------------
*   1: printout of the result at time [hours]
*---+----+-------------------+-------------------+---------+---------------------
    1    0 3.5512800000000D+04
*---+----+-------------------+-------------------+---------+---------------------
    2    1 3.5512800000000D+04 3.3391000000000D+00
   0.83286    1.0299    1.0635    1.0542    1.0485    1.0449    1.0434    1.0398
    1.0134   0.82956
    3    1 3.5512800000000D+04 2.0769202000000D+12
   0.83286    1.0299    1.0635    1.0542    1.0485    1.0449    1.0434    1.0398
    1.0134   0.82956
    9    0 3.5512800000000D+04 2.9170000000000D+02
   10    0 3.5512800000000D+04 1.5800000000000D+01
*---+----+-------------------+-------------------+---------+---------------------
*   1: printout of the result at time [hours]
*---+----+-------------------+-------------------+---------+---------------------
    1    0 3.7312800000000D+04
*---+----+-------------------+-------------------+---------+---------------------
    2    1 3.7312800000000D+04 3.6369000000000D+00
   0.86337    1.0586    1.0839    1.0649    1.0503    1.0377    1.0275    1.0165
   0.98545   0.81168
    3    1 3.7312800000000D+04 2.2272375600000D+12
   0.86337    1.0586    1.0839    1.0649    1.0503    1.0377    1.0275    1.0165
   0.98545   0.81168
    9    0 3.7312800000000D+04 2.9170000000000D+02
   10    0 3.7312800000000D+04 1.5800000000000D+01
*---+----+-------------------+-------------------+---------+---------------------
*   1: printout of the result at time [hours]
*---+----+-------------------+-------------------+---------+---------------------
    1    0 3.9067200000000D+04
*---+----+-------------------+-------------------+---------+---------------------
    2    1 3.9067200000000D+04 3.9630000000000D+00
   0.83523   0.99117   0.99521   0.99722    1.0086    1.0262     1.049    1.0762
    1.0934   0.92783
    3    1 3.9067200000000D+04 2.3873112000000D+12
   0.83523   0.99117   0.99521   0.99722    1.0086    1.0262     1.049    1.0762
    1.0934   0.92783
    9    0 3.9067200000000D+04 2.9170000000000D+02
   10    0 3.9067200000000D+04 1.5800000000000D+01
*---+----+-------------------+-------------------+---------+---------------------
*   1: printout of the result at time [hours]
*---+----+-------------------+-------------------+---------+---------------------
    1    0 4.0010400000000D+04
*---+----+-------------------+-------------------+---------+---------------------
    2    1 4.0010400000000D+04 3.4626000000000D+00
   0.71334   0.84359   0.86756   0.90539   0.95939    1.0241    1.0992    1.1875
    1.2693    1.1307
    3    1 4.0010400000000D+04 2.0256210000000D+12
   0.71334   0.84359   0.86756   0.90539   0.95939    1.0241    1.0992    1.1875
    1.2693    1.1307
    9    0 4.0010400000000D+04 2.8120000000000D+02
   10    0 4.0010400000000D+04 1.5800000000000D+01
* data point #5549 end
*  00:  last line of data set (finishing the program)
*---+----+-------------------+-------------------+---------+---------------------
00000    0 4.0010400000000D+04
*---+----+-------------------+-------------------+---------+---------------------
