* data point #5830 begin
*
*---+----+-------------------+-------------------+---------+---------------------
*   1: printout of the result at time [hours]
*---+----+-------------------+-------------------+---------+---------------------
    1    0 0.0000000000000D+00
*---+----+-------------------+-------------------+---------+---------------------
    2    1 0.0000000000000D+00 2.2875800000000D+01
   0.56894   0.83612   0.99599    1.1134    1.1976     1.245    1.2427    1.1795
    1.0107   0.61012
    3    1 0.0000000000000D+00 1.0886593220000D+13
   0.56894   0.83612   0.99599    1.1134    1.1976     1.245    1.2427    1.1795
    1.0107   0.61012
    9    0 0.0000000000000D+00 2.9170000000000D+02
   10    0 0.0000000000000D+00 1.5800000000000D+01
*---+----+-------------------+-------------------+---------+---------------------
*   1: printout of the result at time [hours]
*---+----+-------------------+-------------------+---------+---------------------
    1    0 1.4400000000000D+02
*---+----+-------------------+-------------------+---------+---------------------
    2    1 1.4400000000000D+02 2.3257300000000D+01
   0.73022   0.99087    1.0898     1.136     1.157    1.1577    1.1355    1.0776
    0.9394   0.58588
    3    1 1.4400000000000D+02 1.1116989400000D+13
   0.73022   0.99087    1.0898     1.136     1.157    1.1577    1.1355    1.0776
    0.9394   0.58588
    9    0 1.4400000000000D+02 2.9170000000000D+02
   10    0 1.4400000000000D+02 1.5800000000000D+01
*---+----+-------------------+-------------------+---------+---------------------
*   1: printout of the result at time [hours]
*---+----+-------------------+-------------------+---------+---------------------
    1    0 3.6000000000000D+03
*---+----+-------------------+-------------------+---------+---------------------
    2    1 3.6000000000000D+03 2.3444700000000D+01
   0.85776    1.0932     1.109    1.0933    1.0776    1.0648    1.0542    1.0378
   0.97041   0.64185
    3    1 3.6000000000000D+03 1.1405846550000D+13
   0.85776    1.0932     1.109    1.0933    1.0776    1.0648    1.0542    1.0378
   0.97041   0.64185
    9    0 3.6000000000000D+03 2.9170000000000D+02
   10    0 3.6000000000000D+03 1.5800000000000D+01
*---+----+-------------------+-------------------+---------+---------------------
*   1: printout of the result at time [hours]
*---+----+-------------------+-------------------+---------+---------------------
    1    0 5.7600000000000D+03
*---+----+-------------------+-------------------+---------+---------------------
    2    1 5.7600000000000D+03 2.3800600000000D+01
   0.88204    1.1404     1.128    1.0956    1.0683    1.0465    1.0299    1.0145
    0.9588   0.63599
    3    1 5.7600000000000D+03 1.1664674060000D+13
   0.88204    1.1404     1.128    1.0956    1.0683    1.0465    1.0299    1.0145
    0.9588   0.63599
    9    0 5.7600000000000D+03 2.9170000000000D+02
   10    0 5.7600000000000D+03 1.5800000000000D+01
*---+----+-------------------+-------------------+---------+---------------------
*   1: printout of the result at time [hours]
*---+----+-------------------+-------------------+---------+---------------------
    1    0 6.9888000000000D+03
*---+----+-------------------+-------------------+---------+---------------------
    2    1 6.9888000000000D+03 2.3917600000000D+01
    0.8763    1.1171     1.088    1.0585    1.0398    1.0292    1.0277    1.0376
    1.0278   0.69794
    3    1 6.9888000000000D+03 1.1731582800000D+13
    0.8763    1.1171     1.088    1.0585    1.0398    1.0292    1.0277    1.0376
    1.0278   0.69794
    9    0 6.9888000000000D+03 2.9170000000000D+02
   10    0 6.9888000000000D+03 1.5800000000000D+01
*---+----+-------------------+-------------------+---------+---------------------
*   1: printout of the result at time [hours]
*---+----+-------------------+-------------------+---------+---------------------
    1    0 8.4830000000000D+03
*---+----+-------------------+-------------------+---------+---------------------
    2    1 8.4830000000000D+03 2.0216800000000D+01
   0.72509   0.90964   0.91676   0.94214   0.98403    1.0359    1.0996    1.1842
    1.2807   0.92191
    3    1 8.4830000000000D+03 9.5322212000000D+12
   0.72509   0.90964   0.91676   0.94214   0.98403    1.0359    1.0996    1.1842
    1.2807   0.92191
    9    0 8.4830000000000D+03 2.7520000000000D+02
   10    0 8.4830000000000D+03 1.5800000000000D+01
*---+----+-------------------+-------------------+---------+---------------------
*   1: printout of the result at time [hours]
*---+----+-------------------+-------------------+---------+---------------------
    1    0 8.4850000000000D+03
*---+----+-------------------+-------------------+---------+---------------------
    2    1 8.4850000000000D+03 2.5622600000000D+01
   0.68159    0.9917    1.0855    1.1333    1.1582    1.1591    1.1353     1.084
   0.97547    0.5958
    3    1 8.4850000000000D+03 1.3433929180000D+13
   0.68159    0.9917    1.0855    1.1333    1.1582    1.1591    1.1353     1.084
   0.97547    0.5958
    9    0 8.4850000000000D+03 2.9170000000000D+02
   10    0 8.4850000000000D+03 1.5800000000000D+01
*---+----+-------------------+-------------------+---------+---------------------
*   1: printout of the result at time [hours]
*---+----+-------------------+-------------------+---------+---------------------
    1    0 8.6280000000000D+03
*---+----+-------------------+-------------------+---------+---------------------
    2    1 8.6280000000000D+03 2.4920200000000D+01
   0.79911     1.098     1.147    1.1385    1.1236    1.0989    1.0649    1.0185
   0.92897   0.58246
    3    1 8.6280000000000D+03 1.3033264600000D+13
   0.79911     1.098     1.147    1.1385    1.1236    1.0989    1.0649    1.0185
   0.92897   0.58246
    9    0 8.6280000000000D+03 2.9170000000000D+02
   10    0 8.6280000000000D+03 1.5800000000000D+01
*---+----+-------------------+-------------------+---------+---------------------
*   1: printout of the result at time [hours]
*---+----+-------------------+-------------------+---------+---------------------
    1    0 9.9240000000000D+03
*---+----+-------------------+-------------------+---------+---------------------
    2    1 9.9240000000000D+03 2.4473100000000D+01
    0.8368    1.0978    1.1217    1.1038    1.0902    1.0745    1.0557    1.0296
   0.96383   0.62599
    3    1 9.9240000000000D+03 1.2885087150000D+13
    0.8368    1.0978    1.1217    1.1038    1.0902    1.0745    1.0557    1.0296
   0.96383   0.62599
    9    0 9.9240000000000D+03 2.9170000000000D+02
   10    0 9.9240000000000D+03 1.5800000000000D+01
*---+----+-------------------+-------------------+---------+---------------------
*   1: printout of the result at time [hours]
*---+----+-------------------+-------------------+---------+---------------------
    1    0 1.1529600000000D+04
*---+----+-------------------+-------------------+---------+---------------------
    2    1 1.1529600000000D+04 2.3889800000000D+01
   0.85731     1.078    1.0734    1.0584    1.0486    1.0429     1.042    1.0468
     1.034   0.71851
    3    1 1.1529600000000D+04 1.2592313580000D+13
   0.85731     1.078    1.0734    1.0584    1.0486    1.0429     1.042    1.0468
     1.034   0.71851
    9    0 1.1529600000000D+04 2.9170000000000D+02
   10    0 1.1529600000000D+04 1.5800000000000D+01
*---+----+-------------------+-------------------+---------+---------------------
*   1: printout of the result at time [hours]
*---+----+-------------------+-------------------+---------+---------------------
    1    0 1.3384800000000D+04
*---+----+-------------------+-------------------+---------+---------------------
    2    1 1.3384800000000D+04 1.9059000000000D+01
   0.69295   0.85881   0.88651   0.92539   0.97912    1.0426    1.1166    1.2066
    1.3065   0.98494
    3    1 1.3384800000000D+04 9.5809593000000D+12
   0.69295   0.85881   0.88651   0.92539   0.97912    1.0426    1.1166    1.2066
    1.3065   0.98494
    9    0 1.3384800000000D+04 2.7330000000000D+02
   10    0 1.3384800000000D+04 1.5800000000000D+01
*---+----+-------------------+-------------------+---------+---------------------
*   1: printout of the result at time [hours]
*---+----+-------------------+-------------------+---------+---------------------
    1    0 1.3388600000000D+04
*---+----+-------------------+-------------------+---------+---------------------
    2    1 1.3388600000000D+04 1.1782300000000D+01
   0.53911   0.69528    0.7552   0.83354   0.93369    1.0517     1.188    1.3457
    1.4965    1.1613
    3    1 1.3388600000000D+04 5.9158928300000D+12
   0.53911   0.69528    0.7552   0.83354   0.93369    1.0517     1.188    1.3457
    1.4965    1.1613
    9    0 1.3388600000000D+04 2.8340000000000D+02
   10    0 1.3388600000000D+04 1.5800000000000D+01
*---+----+-------------------+-------------------+---------+---------------------
*   1: printout of the result at time [hours]
*---+----+-------------------+-------------------+---------+---------------------
    1    0 1.3390600000000D+04
*---+----+-------------------+-------------------+---------+---------------------
    2    1 1.3390600000000D+04 2.3906100000000D+01
   0.78302    1.0419    1.1139    1.1464    1.1506    1.1266    1.0837     1.023
     0.927   0.60374
    3    1 1.3390600000000D+04 1.3408931490000D+13
   0.78302    1.0419    1.1139    1.1464    1.1506    1.1266    1.0837     1.023
     0.927   0.60374
    9    0 1.3390600000000D+04 2.9170000000000D+02
   10    0 1.3390600000000D+04 1.5800000000000D+01
*---+----+-------------------+-------------------+---------+---------------------
*   1: printout of the result at time [hours]
*---+----+-------------------+-------------------+---------+---------------------
    1    0 1.3533600000000D+04
*---+----+-------------------+-------------------+---------+---------------------
    2    1 1.3533600000000D+04 2.3845700000000D+01
   0.88699    1.1231    1.1537    1.1383    1.1132    1.0765    1.0321   0.97984
    0.8989   0.59738
    3    1 1.3533600000000D+04 1.3358361140000D+13
   0.88699    1.1231    1.1537    1.1383    1.1132    1.0765    1.0321   0.97984
    0.8989   0.59738
    9    0 1.3533600000000D+04 2.9170000000000D+02
   10    0 1.3533600000000D+04 1.5800000000000D+01
*---+----+-------------------+-------------------+---------+---------------------
*   1: printout of the result at time [hours]
*---+----+-------------------+-------------------+---------+---------------------
    1    0 1.4949600000000D+04
*---+----+-------------------+-------------------+---------+---------------------
    2    1 1.4949600000000D+04 2.3318400000000D+01
   0.89016    1.0768    1.0824    1.0762    1.0672    1.0554    1.0418    1.0262
   0.99033   0.69349
    3    1 1.4949600000000D+04 1.3097945280000D+13
   0.89016    1.0768    1.0824    1.0762    1.0672    1.0554    1.0418    1.0262
   0.99033   0.69349
    9    0 1.4949600000000D+04 2.9170000000000D+02
   10    0 1.4949600000000D+04 1.5800000000000D+01
*---+----+-------------------+-------------------+---------+---------------------
*   1: printout of the result at time [hours]
*---+----+-------------------+-------------------+---------+---------------------
    1    0 1.5775200000000D+04
*---+----+-------------------+-------------------+---------+---------------------
    2    1 1.5775200000000D+04 2.3030100000000D+01
   0.90616    1.0724    1.0635    1.0536    1.0454    1.0379    1.0321    1.0302
    1.0192   0.73951
    3    1 1.5775200000000D+04 1.2933704160000D+13
   0.90616    1.0724    1.0635    1.0536    1.0454    1.0379    1.0321    1.0302
    1.0192   0.73951
    9    0 1.5775200000000D+04 2.9170000000000D+02
   10    0 1.5775200000000D+04 1.5800000000000D+01
*---+----+-------------------+-------------------+---------+---------------------
*   1: printout of the result at time [hours]
*---+----+-------------------+-------------------+---------+---------------------
    1    0 1.6412600000000D+04
*---+----+-------------------+-------------------+---------+---------------------
    2    1 1.6412600000000D+04 2.1955800000000D+01
   0.80771   0.95064   0.96489   0.98721    1.0161    1.0473    1.0807    1.1188
    1.1591   0.86738
    3    1 1.6412600000000D+04 1.2055929780000D+13
   0.80771   0.95064   0.96489   0.98721    1.0161    1.0473    1.0807    1.1188
    1.1591   0.86738
    9    0 1.6412600000000D+04 2.8320000000000D+02
   10    0 1.6412600000000D+04 1.5800000000000D+01
*---+----+-------------------+-------------------+---------+---------------------
*   1: printout of the result at time [hours]
*---+----+-------------------+-------------------+---------+---------------------
    1    0 1.6414600000000D+04
*---+----+-------------------+-------------------+---------+---------------------
    2    1 1.6414600000000D+04 1.7038100000000D+01
   0.44301   0.61574   0.73212   0.86154   0.99894    1.1351    1.2609    1.3652
     1.432    1.1555
    3    1 1.6414600000000D+04 1.0166634270000D+13
   0.44301   0.61574   0.73212   0.86154   0.99894    1.1351    1.2609    1.3652
     1.432    1.1555
    9    0 1.6414600000000D+04 2.9170000000000D+02
   10    0 1.6414600000000D+04 1.5800000000000D+01
*---+----+-------------------+-------------------+---------+---------------------
*   1: printout of the result at time [hours]
*---+----+-------------------+-------------------+---------+---------------------
    1    0 1.6557600000000D+04
*---+----+-------------------+-------------------+---------+---------------------
    2    1 1.6557600000000D+04 1.7274300000000D+01
   0.64634   0.83268   0.90169   0.96502    1.0272    1.0869    1.1427    1.1915
    1.2189   0.98702
    3    1 1.6557600000000D+04 1.0302392520000D+13
   0.64634   0.83268   0.90169   0.96502    1.0272    1.0869    1.1427    1.1915
    1.2189   0.98702
    9    0 1.6557600000000D+04 2.9170000000000D+02
   10    0 1.6557600000000D+04 1.5800000000000D+01
*---+----+-------------------+-------------------+---------+---------------------
*   1: printout of the result at time [hours]
*---+----+-------------------+-------------------+---------+---------------------
    1    0 2.1813600000000D+04
*---+----+-------------------+-------------------+---------+---------------------
    2    1 2.1813600000000D+04 1.7665300000000D+01
   0.89781    1.0594    1.0596    1.0487    1.0383    1.0294    1.0231    1.0189
    1.0034   0.82127
    3    1 2.1813600000000D+04 1.0623911420000D+13
   0.89781    1.0594    1.0596    1.0487    1.0383    1.0294    1.0231    1.0189
    1.0034   0.82127
    9    0 2.1813600000000D+04 2.9170000000000D+02
   10    0 2.1813600000000D+04 1.5800000000000D+01
*---+----+-------------------+-------------------+---------+---------------------
*   1: printout of the result at time [hours]
*---+----+-------------------+-------------------+---------+---------------------
    1    0 2.3695200000000D+04
*---+----+-------------------+-------------------+---------+---------------------
    2    1 2.3695200000000D+04 1.7597600000000D+01
   0.89836    1.0245    1.0116    1.0035    1.0038    1.0096    1.0214    1.0429
    1.0767   0.90757
    3    1 2.3695200000000D+04 1.0581436880000D+13
   0.89836    1.0245    1.0116    1.0035    1.0038    1.0096    1.0214    1.0429
    1.0767   0.90757
    9    0 2.3695200000000D+04 2.9170000000000D+02
   10    0 2.3695200000000D+04 1.5800000000000D+01
*---+----+-------------------+-------------------+---------+---------------------
*   1: printout of the result at time [hours]
*---+----+-------------------+-------------------+---------+---------------------
    1    0 2.4431000000000D+04
*---+----+-------------------+-------------------+---------+---------------------
    2    1 2.4431000000000D+04 1.6216700000000D+01
   0.79165   0.89944   0.90635   0.93046   0.96777     1.013    1.0666     1.134
    1.2126    1.0781
    3    1 2.4431000000000D+04 9.4786611500000D+12
   0.79165   0.89944   0.90635   0.93046   0.96777     1.013    1.0666     1.134
    1.2126    1.0781
    9    0 2.4431000000000D+04 2.8110000000000D+02
   10    0 2.4431000000000D+04 1.5800000000000D+01
*---+----+-------------------+-------------------+---------+---------------------
*   1: printout of the result at time [hours]
*---+----+-------------------+-------------------+---------+---------------------
    1    0 2.4433000000000D+04
*---+----+-------------------+-------------------+---------+---------------------
    2    1 2.4433000000000D+04 6.1061000000000D+00
   0.53438   0.72878   0.86504   0.98688    1.0935    1.1787    1.2329    1.2419
    1.1903   0.94774
    3    1 2.4433000000000D+04 3.8303565300000D+12
   0.53438   0.72878   0.86504   0.98688    1.0935    1.1787    1.2329    1.2419
    1.1903   0.94774
    9    0 2.4433000000000D+04 2.9170000000000D+02
   10    0 2.4433000000000D+04 1.5800000000000D+01
*---+----+-------------------+-------------------+---------+---------------------
*   1: printout of the result at time [hours]
*---+----+-------------------+-------------------+---------+---------------------
    1    0 2.4576000000000D+04
*---+----+-------------------+-------------------+---------+---------------------
    2    1 2.4576000000000D+04 6.1803000000000D+00
   0.73087   0.92067   0.99914    1.0474    1.0797    1.1006    1.1184    1.0962
    1.0519   0.85514
    3    1 2.4576000000000D+04 3.8354941800000D+12
   0.73087   0.92067   0.99914    1.0474    1.0797    1.1006    1.1184    1.0962
    1.0519   0.85514
    9    0 2.4576000000000D+04 2.9170000000000D+02
   10    0 2.4576000000000D+04 1.5800000000000D+01
*---+----+-------------------+-------------------+---------+---------------------
*   1: printout of the result at time [hours]
*---+----+-------------------+-------------------+---------+---------------------
    1    0 2.8032000000000D+04
*---+----+-------------------+-------------------+---------+---------------------
    2    1 2.8032000000000D+04 6.9883000000000D+00
   0.87117    1.0515    1.0802    1.0655    1.0526     1.041    1.0309    1.0174
   0.98264   0.80706
    3    1 2.8032000000000D+04 4.2474887400000D+12
   0.87117    1.0515    1.0802    1.0655    1.0526     1.041    1.0309    1.0174
   0.98264   0.80706
    9    0 2.8032000000000D+04 2.9170000000000D+02
   10    0 2.8032000000000D+04 1.5800000000000D+01
*---+----+-------------------+-------------------+---------+---------------------
*   1: printout of the result at time [hours]
*---+----+-------------------+-------------------+---------+---------------------
    1    0 2.9832000000000D+04
*---+----+-------------------+-------------------+---------+---------------------
    2    1 2.9832000000000D+04 7.4816000000000D+00
   0.88965    1.0877    1.1119    1.0855    1.0614    1.0384    1.0172    0.9931
   0.94646   0.76869
    3    1 2.9832000000000D+04 4.5173900800000D+12
   0.88965    1.0877    1.1119    1.0855    1.0614    1.0384    1.0172    0.9931
   0.94646   0.76869
    9    0 2.9832000000000D+04 2.9170000000000D+02
   10    0 2.9832000000000D+04 1.5800000000000D+01
*---+----+-------------------+-------------------+---------+---------------------
*   1: printout of the result at time [hours]
*---+----+-------------------+-------------------+---------+---------------------
    1    0 3.1586400000000D+04
*---+----+-------------------+-------------------+---------+---------------------
    2    1 3.1586400000000D+04 7.8716000000000D+00
   0.84862    1.0083    1.0112    1.0105     1.019     1.033    1.0506    1.0693
    1.0653   0.88419
    3    1 3.1586400000000D+04 4.7040681600000D+12
   0.84862    1.0083    1.0112    1.0105     1.019     1.033    1.0506    1.0693
    1.0653   0.88419
    9    0 3.1586400000000D+04 2.9170000000000D+02
   10    0 3.1586400000000D+04 1.5800000000000D+01
*---+----+-------------------+-------------------+---------+---------------------
*   1: printout of the result at time [hours]
*---+----+-------------------+-------------------+---------+---------------------
    1    0 3.2529600000000D+04
*---+----+-------------------+-------------------+---------+---------------------
    2    1 3.2529600000000D+04 6.9070000000000D+00
   0.71782   0.85059   0.87505   0.91284   0.96656    1.0303    1.1032    1.1865
    1.2684    1.0888
    3    1 3.2529600000000D+04 4.0178019000000D+12
   0.71782   0.85059   0.87505   0.91284   0.96656    1.0303    1.1032    1.1865
    1.2684    1.0888
    9    0 3.2529600000000D+04 2.8120000000000D+02
   10    0 3.2529600000000D+04 1.5800000000000D+01
* data point #5830 end
*  00:  last line of data set (finishing the program)
*---+----+-------------------+-------------------+---------+---------------------
00000    0 3.2529600000000D+04
*---+----+-------------------+-------------------+---------+---------------------
