* data point #5806 begin
*
*---+----+-------------------+-------------------+---------+---------------------
*   1: printout of the result at time [hours]
*---+----+-------------------+-------------------+---------+---------------------
    1    0 0.0000000000000D+00
*---+----+-------------------+-------------------+---------+---------------------
    2    1 0.0000000000000D+00 2.5395000000000D+01
   0.51459   0.72388   0.86068   0.98358    1.0974    1.1953    1.2673    1.3028
    1.2283   0.82619
    3    1 0.0000000000000D+00 1.2065164500000D+13
   0.51459   0.72388   0.86068   0.98358    1.0974    1.1953    1.2673    1.3028
    1.2283   0.82619
    9    0 0.0000000000000D+00 2.9170000000000D+02
   10    0 0.0000000000000D+00 1.5800000000000D+01
*---+----+-------------------+-------------------+---------+---------------------
*   1: printout of the result at time [hours]
*---+----+-------------------+-------------------+---------+---------------------
    1    0 1.4400000000000D+02
*---+----+-------------------+-------------------+---------+---------------------
    2    1 1.4400000000000D+02 2.5054900000000D+01
   0.72613   0.94026    1.0177    1.0618     1.094    1.1177    1.1352    1.1257
    1.0592   0.72233
    3    1 1.4400000000000D+02 1.1961209260000D+13
   0.72613   0.94026    1.0177    1.0618     1.094    1.1177    1.1352    1.1257
    1.0592   0.72233
    9    0 1.4400000000000D+02 2.9170000000000D+02
   10    0 1.4400000000000D+02 1.5800000000000D+01
*---+----+-------------------+-------------------+---------+---------------------
*   1: printout of the result at time [hours]
*---+----+-------------------+-------------------+---------+---------------------
    1    0 5.4000000000000D+03
*---+----+-------------------+-------------------+---------+---------------------
    2    1 5.4000000000000D+03 2.5159800000000D+01
   0.88792    1.1521     1.156    1.1236    1.0891    1.0566    1.0261   0.99234
   0.91658   0.59961
    3    1 5.4000000000000D+03 1.2816402120000D+13
   0.88792    1.1521     1.156    1.1236    1.0891    1.0566    1.0261   0.99234
   0.91658   0.59961
    9    0 5.4000000000000D+03 2.9170000000000D+02
   10    0 5.4000000000000D+03 1.5800000000000D+01
*---+----+-------------------+-------------------+---------+---------------------
*   1: printout of the result at time [hours]
*---+----+-------------------+-------------------+---------+---------------------
    1    0 7.2816000000000D+03
*---+----+-------------------+-------------------+---------+---------------------
    2    1 7.2816000000000D+03 2.4789800000000D+01
   0.87576    1.1089    1.0896    1.0662    1.0509    1.0411    1.0364     1.037
    1.0132   0.68109
    3    1 7.2816000000000D+03 1.2794015780000D+13
   0.87576    1.1089    1.0896    1.0662    1.0509    1.0411    1.0364     1.037
    1.0132   0.68109
    9    0 7.2816000000000D+03 2.9170000000000D+02
   10    0 7.2816000000000D+03 1.5800000000000D+01
*---+----+-------------------+-------------------+---------+---------------------
*   1: printout of the result at time [hours]
*---+----+-------------------+-------------------+---------+---------------------
    1    0 8.0174000000000D+03
*---+----+-------------------+-------------------+---------+---------------------
    2    1 8.0174000000000D+03 2.3238600000000D+01
    0.7713   0.97131   0.97928   0.99339    1.0196    1.0523    1.0909    1.1378
    1.1677   0.81649
    3    1 8.0174000000000D+03 1.1649510180000D+13
    0.7713   0.97131   0.97928   0.99339    1.0196    1.0523    1.0909    1.1378
    1.1677   0.81649
    9    0 8.0174000000000D+03 2.8110000000000D+02
   10    0 8.0174000000000D+03 1.5800000000000D+01
*---+----+-------------------+-------------------+---------+---------------------
*   1: printout of the result at time [hours]
*---+----+-------------------+-------------------+---------+---------------------
    1    0 8.0194000000000D+03
*---+----+-------------------+-------------------+---------+---------------------
    2    1 8.0194000000000D+03 2.2981000000000D+01
   0.44863    0.7115   0.85949   0.99408    1.1174    1.2201    1.2909    1.3196
    1.2291   0.80915
    3    1 8.0194000000000D+03 1.2595886100000D+13
   0.44863    0.7115   0.85949   0.99408    1.1174    1.2201    1.2909    1.3196
    1.2291   0.80915
    9    0 8.0194000000000D+03 2.9170000000000D+02
   10    0 8.0194000000000D+03 1.5800000000000D+01
*---+----+-------------------+-------------------+---------+---------------------
*   1: printout of the result at time [hours]
*---+----+-------------------+-------------------+---------+---------------------
    1    0 8.1624000000000D+03
*---+----+-------------------+-------------------+---------+---------------------
    2    1 8.1624000000000D+03 2.2930000000000D+01
   0.63799   0.93153    1.0234    1.0785    1.1174    1.1431    1.1579    1.1419
    1.0609   0.70746
    3    1 8.1624000000000D+03 1.2583984000000D+13
   0.63799   0.93153    1.0234    1.0785    1.1174    1.1431    1.1579    1.1419
    1.0609   0.70746
    9    0 8.1624000000000D+03 2.9170000000000D+02
   10    0 8.1624000000000D+03 1.5800000000000D+01
*---+----+-------------------+-------------------+---------+---------------------
*   1: printout of the result at time [hours]
*---+----+-------------------+-------------------+---------+---------------------
    1    0 1.1618400000000D+04
*---+----+-------------------+-------------------+---------+---------------------
    2    1 1.1618400000000D+04 2.1538400000000D+01
   0.84519    1.0802    1.0851     1.072    1.0599    1.0504    1.0439    1.0381
    1.0007   0.72452
    3    1 1.1618400000000D+04 1.1876273760000D+13
   0.84519    1.0802    1.0851     1.072    1.0599    1.0504    1.0439    1.0381
    1.0007   0.72452
    9    0 1.1618400000000D+04 2.9170000000000D+02
   10    0 1.1618400000000D+04 1.5800000000000D+01
*---+----+-------------------+-------------------+---------+---------------------
*   1: printout of the result at time [hours]
*---+----+-------------------+-------------------+---------+---------------------
    1    0 1.3778400000000D+04
*---+----+-------------------+-------------------+---------+---------------------
    2    1 1.3778400000000D+04 2.0649400000000D+01
   0.89959    1.0947    1.0789    1.0608    1.0463    1.0342     1.025    1.0191
   0.99344   0.74801
    3    1 1.3778400000000D+04 1.1427377960000D+13
   0.89959    1.0947    1.0789    1.0608    1.0463    1.0342     1.025    1.0191
   0.99344   0.74801
    9    0 1.3778400000000D+04 2.9170000000000D+02
   10    0 1.3778400000000D+04 1.5800000000000D+01
*---+----+-------------------+-------------------+---------+---------------------
*   1: printout of the result at time [hours]
*---+----+-------------------+-------------------+---------+---------------------
    1    0 1.5081600000000D+04
*---+----+-------------------+-------------------+---------+---------------------
    2    1 1.5081600000000D+04 2.0459700000000D+01
   0.89429     1.051     1.033    1.0215     1.019    1.0208    1.0271    1.0422
    1.0596   0.83139
    3    1 1.5081600000000D+04 1.1346949620000D+13
   0.89429     1.051     1.033    1.0215     1.019    1.0208    1.0271    1.0422
    1.0596   0.83139
    9    0 1.5081600000000D+04 2.9170000000000D+02
   10    0 1.5081600000000D+04 1.5800000000000D+01
*---+----+-------------------+-------------------+---------+---------------------
*   1: printout of the result at time [hours]
*---+----+-------------------+-------------------+---------+---------------------
    1    0 1.5503000000000D+04
*---+----+-------------------+-------------------+---------+---------------------
    2    1 1.5503000000000D+04 1.9274500000000D+01
   0.80547   0.94871   0.95043   0.96724   0.99603    1.0301    1.0688    1.1172
    1.1738   0.94228
    3    1 1.5503000000000D+04 1.0508457400000D+13
   0.80547   0.94871   0.95043   0.96724   0.99603    1.0301    1.0688    1.1172
    1.1738   0.94228
    9    0 1.5503000000000D+04 2.8640000000000D+02
   10    0 1.5503000000000D+04 1.5800000000000D+01
*---+----+-------------------+-------------------+---------+---------------------
*   1: printout of the result at time [hours]
*---+----+-------------------+-------------------+---------+---------------------
    1    0 1.5505000000000D+04
*---+----+-------------------+-------------------+---------+---------------------
    2    1 1.5505000000000D+04 1.6496700000000D+01
   0.50362   0.72154   0.85617   0.98408    1.1015    1.1992    1.2666    1.2971
    1.2344   0.83586
    3    1 1.5505000000000D+04 9.8204855100000D+12
   0.50362   0.72154   0.85617   0.98408    1.1015    1.1992    1.2666    1.2971
    1.2344   0.83586
    9    0 1.5505000000000D+04 2.9170000000000D+02
   10    0 1.5505000000000D+04 1.5800000000000D+01
*---+----+-------------------+-------------------+---------+---------------------
*   1: printout of the result at time [hours]
*---+----+-------------------+-------------------+---------+---------------------
    1    0 1.5648000000000D+04
*---+----+-------------------+-------------------+---------+---------------------
    2    1 1.5648000000000D+04 1.6487400000000D+01
   0.69914    0.9264    1.0035    1.0563     1.096    1.1239    1.1423    1.1329
    1.0792    0.7402
    3    1 1.5648000000000D+04 9.7902181200000D+12
   0.69914    0.9264    1.0035    1.0563     1.096    1.1239    1.1423    1.1329
    1.0792    0.7402
    9    0 1.5648000000000D+04 2.9170000000000D+02
   10    0 1.5648000000000D+04 1.5800000000000D+01
*---+----+-------------------+-------------------+---------+---------------------
*   1: printout of the result at time [hours]
*---+----+-------------------+-------------------+---------+---------------------
    1    0 1.9104000000000D+04
*---+----+-------------------+-------------------+---------+---------------------
    2    1 1.9104000000000D+04 1.6917100000000D+01
   0.87332    1.0705    1.0871    1.0713    1.0601    1.0504    1.0424    1.0332
   0.99763   0.71407
    3    1 1.9104000000000D+04 1.0035223720000D+13
   0.87332    1.0705    1.0871    1.0713    1.0601    1.0504    1.0424    1.0332
   0.99763   0.71407
    9    0 1.9104000000000D+04 2.9170000000000D+02
   10    0 1.9104000000000D+04 1.5800000000000D+01
*---+----+-------------------+-------------------+---------+---------------------
*   1: printout of the result at time [hours]
*---+----+-------------------+-------------------+---------+---------------------
    1    0 2.0904000000000D+04
*---+----+-------------------+-------------------+---------+---------------------
    2    1 2.0904000000000D+04 1.7083300000000D+01
   0.90615    1.1004    1.1019    1.0829    1.0624    1.0433    1.0263    1.0092
   0.96867   0.69887
    3    1 2.0904000000000D+04 1.0156021850000D+13
   0.90615    1.1004    1.1019    1.0829    1.0624    1.0433    1.0263    1.0092
   0.96867   0.69887
    9    0 2.0904000000000D+04 2.9170000000000D+02
   10    0 2.0904000000000D+04 1.5800000000000D+01
*---+----+-------------------+-------------------+---------+---------------------
*   1: printout of the result at time [hours]
*---+----+-------------------+-------------------+---------+---------------------
    1    0 2.2658400000000D+04
*---+----+-------------------+-------------------+---------+---------------------
    2    1 2.2658400000000D+04 1.7182100000000D+01
   0.87882    1.0261    1.0169    1.0134      1.02    1.0321    1.0483    1.0695
     1.082   0.81282
    3    1 2.2658400000000D+04 1.0190703510000D+13
   0.87882    1.0261    1.0169    1.0134      1.02    1.0321    1.0483    1.0695
     1.082   0.81282
    9    0 2.2658400000000D+04 2.9170000000000D+02
   10    0 2.2658400000000D+04 1.5800000000000D+01
*---+----+-------------------+-------------------+---------+---------------------
*   1: printout of the result at time [hours]
*---+----+-------------------+-------------------+---------+---------------------
    1    0 2.3601600000000D+04
*---+----+-------------------+-------------------+---------+---------------------
    2    1 2.3601600000000D+04 1.4899400000000D+01
   0.74412   0.86594   0.88198   0.91843   0.97131    1.0339    1.1058     1.191
    1.2732    1.0143
    3    1 2.3601600000000D+04 8.5626851800000D+12
   0.74412   0.86594   0.88198   0.91843   0.97131    1.0339    1.1058     1.191
    1.2732    1.0143
    9    0 2.3601600000000D+04 2.8120000000000D+02
   10    0 2.3601600000000D+04 1.5800000000000D+01
* data point #5806 end
*  00:  last line of data set (finishing the program)
*---+----+-------------------+-------------------+---------+---------------------
00000    0 2.3601600000000D+04
*---+----+-------------------+-------------------+---------+---------------------
