* data point #5203 begin
*
*---+----+-------------------+-------------------+---------+---------------------
*   1: printout of the result at time [hours]
*---+----+-------------------+-------------------+---------+---------------------
    1    0 0.0000000000000D+00
*---+----+-------------------+-------------------+---------+---------------------
    2    1 0.0000000000000D+00 2.2382900000000D+01
   0.63213   0.99741    1.1026    1.1525    1.1792    1.1825    1.1606    1.1063
   0.96659   0.52013
    3    1 0.0000000000000D+00 1.0728123970000D+13
   0.63213   0.99741    1.1026    1.1525    1.1792    1.1825    1.1606    1.1063
   0.96659   0.52013
    9    0 0.0000000000000D+00 2.9170000000000D+02
   10    0 0.0000000000000D+00 1.5800000000000D+01
*---+----+-------------------+-------------------+---------+---------------------
*   1: printout of the result at time [hours]
*---+----+-------------------+-------------------+---------+---------------------
    1    0 1.4400000000000D+02
*---+----+-------------------+-------------------+---------+---------------------
    2    1 1.4400000000000D+02 2.2506800000000D+01
    0.7623    1.1229    1.1761    1.1624    1.1425    1.1143    1.0776    1.0259
   0.90897   0.50709
    3    1 1.4400000000000D+02 1.0841525560000D+13
    0.7623    1.1229    1.1761    1.1624    1.1425    1.1143    1.0776    1.0259
   0.90897   0.50709
    9    0 1.4400000000000D+02 2.9170000000000D+02
   10    0 1.4400000000000D+02 1.5800000000000D+01
*---+----+-------------------+-------------------+---------+---------------------
*   1: printout of the result at time [hours]
*---+----+-------------------+-------------------+---------+---------------------
    1    0 1.4400000000000D+03
*---+----+-------------------+-------------------+---------+---------------------
    2    1 1.4400000000000D+03 2.2537800000000D+01
   0.81113    1.1323    1.1478    1.1277    1.1069    1.0861    1.0634    1.0324
   0.94264    0.5497
    3    1 1.4400000000000D+03 1.0878996060000D+13
   0.81113    1.1323    1.1478    1.1277    1.1069    1.0861    1.0634    1.0324
   0.94264    0.5497
    9    0 1.4400000000000D+03 2.9170000000000D+02
   10    0 1.4400000000000D+03 1.5800000000000D+01
*---+----+-------------------+-------------------+---------+---------------------
*   1: printout of the result at time [hours]
*---+----+-------------------+-------------------+---------+---------------------
    1    0 3.0456000000000D+03
*---+----+-------------------+-------------------+---------+---------------------
    2    1 3.0456000000000D+03 2.2464700000000D+01
   0.84234    1.1115    1.0988    1.0737     1.056    1.0444    1.0402    1.0451
    1.0278   0.66006
    3    1 3.0456000000000D+03 1.0886393620000D+13
   0.84234    1.1115    1.0988    1.0737     1.056    1.0444    1.0402    1.0451
    1.0278   0.66006
    9    0 3.0456000000000D+03 2.9170000000000D+02
   10    0 3.0456000000000D+03 1.5800000000000D+01
*---+----+-------------------+-------------------+---------+---------------------
*   1: printout of the result at time [hours]
*---+----+-------------------+-------------------+---------+---------------------
    1    0 4.9008000000000D+03
*---+----+-------------------+-------------------+---------+---------------------
    2    1 4.9008000000000D+03 1.7616700000000D+01
   0.68918   0.89114   0.91305    0.9453   0.99292    1.0502    1.1183    1.2043
    1.2918   0.90374
    3    1 4.9008000000000D+03 8.1494854200000D+12
   0.68918   0.89114   0.91305    0.9453   0.99292    1.0502    1.1183    1.2043
    1.2918   0.90374
    9    0 4.9008000000000D+03 2.7330000000000D+02
   10    0 4.9008000000000D+03 1.5800000000000D+01
*---+----+-------------------+-------------------+---------+---------------------
*   1: printout of the result at time [hours]
*---+----+-------------------+-------------------+---------+---------------------
    1    0 4.9046000000000D+03
*---+----+-------------------+-------------------+---------+---------------------
    2    1 4.9046000000000D+03 1.0608900000000D+01
   0.53794   0.72317   0.77982   0.85391   0.94967    1.0624    1.1928    1.3455
     1.494    1.0608
    3    1 4.9046000000000D+03 4.9151033700000D+12
   0.53794   0.72317   0.77982   0.85391   0.94967    1.0624    1.1928    1.3455
     1.494    1.0608
    9    0 4.9046000000000D+03 2.8340000000000D+02
   10    0 4.9046000000000D+03 1.5800000000000D+01
*---+----+-------------------+-------------------+---------+---------------------
*   1: printout of the result at time [hours]
*---+----+-------------------+-------------------+---------+---------------------
    1    0 4.9066000000000D+03
*---+----+-------------------+-------------------+---------+---------------------
    2    1 4.9066000000000D+03 2.4477600000000D+01
   0.75894    1.1139    1.1948    1.2112    1.1848    1.1372    1.0711   0.98604
   0.85237   0.48951
    3    1 4.9066000000000D+03 1.2344053680000D+13
   0.75894    1.1139    1.1948    1.2112    1.1848    1.1372    1.0711   0.98604
   0.85237   0.48951
    9    0 4.9066000000000D+03 2.9170000000000D+02
   10    0 4.9066000000000D+03 1.5800000000000D+01
*---+----+-------------------+-------------------+---------+---------------------
*   1: printout of the result at time [hours]
*---+----+-------------------+-------------------+---------+---------------------
    1    0 5.0496000000000D+03
*---+----+-------------------+-------------------+---------+---------------------
    2    1 5.0496000000000D+03 2.4554000000000D+01
   0.86194    1.1935    1.2279    1.1916     1.143     1.085    1.0211   0.94824
    0.8342   0.49348
    3    1 5.0496000000000D+03 1.2412047000000D+13
   0.86194    1.1935    1.2279    1.1916     1.143     1.085    1.0211   0.94824
    0.8342   0.49348
    9    0 5.0496000000000D+03 2.9170000000000D+02
   10    0 5.0496000000000D+03 1.5800000000000D+01
*---+----+-------------------+-------------------+---------+---------------------
*   1: printout of the result at time [hours]
*---+----+-------------------+-------------------+---------+---------------------
    1    0 6.4656000000000D+03
*---+----+-------------------+-------------------+---------+---------------------
    2    1 6.4656000000000D+03 2.4068700000000D+01
    0.8666    1.1393    1.1468    1.1238    1.0964    1.0674    1.0372    1.0028
   0.93337    0.5862
    3    1 6.4656000000000D+03 1.2217272120000D+13
    0.8666    1.1393    1.1468    1.1238    1.0964    1.0674    1.0372    1.0028
   0.93337    0.5862
    9    0 6.4656000000000D+03 2.9170000000000D+02
   10    0 6.4656000000000D+03 1.5800000000000D+01
*---+----+-------------------+-------------------+---------+---------------------
*   1: printout of the result at time [hours]
*---+----+-------------------+-------------------+---------+---------------------
    1    0 7.2912000000000D+03
*---+----+-------------------+-------------------+---------+---------------------
    2    1 7.2912000000000D+03 2.3924000000000D+01
   0.88334    1.1329    1.1241    1.0986    1.0736    1.0502    1.0292    1.0097
   0.96648   0.63188
    3    1 7.2912000000000D+03 1.2155784400000D+13
   0.88334    1.1329    1.1241    1.0986    1.0736    1.0502    1.0292    1.0097
   0.96648   0.63188
    9    0 7.2912000000000D+03 2.9170000000000D+02
   10    0 7.2912000000000D+03 1.5800000000000D+01
*---+----+-------------------+-------------------+---------+---------------------
*   1: printout of the result at time [hours]
*---+----+-------------------+-------------------+---------+---------------------
    1    0 7.9286000000000D+03
*---+----+-------------------+-------------------+---------+---------------------
    2    1 7.9286000000000D+03 2.2956000000000D+01
   0.79064    1.0091    1.0256    1.0357    1.0503    1.0666    1.0841    1.1022
    1.0941   0.74164
    3    1 7.9286000000000D+03 1.1406836400000D+13
   0.79064    1.0091    1.0256    1.0357    1.0503    1.0666    1.0841    1.1022
    1.0941   0.74164
    9    0 7.9286000000000D+03 2.8320000000000D+02
   10    0 7.9286000000000D+03 1.5800000000000D+01
*---+----+-------------------+-------------------+---------+---------------------
*   1: printout of the result at time [hours]
*---+----+-------------------+-------------------+---------+---------------------
    1    0 7.9306000000000D+03
*---+----+-------------------+-------------------+---------+---------------------
    2    1 7.9306000000000D+03 2.3082400000000D+01
   0.53474   0.80447   0.94882     1.065    1.1571    1.2205    1.2511    1.2229
    1.1118   0.68351
    3    1 7.9306000000000D+03 1.2166733040000D+13
   0.53474   0.80447   0.94882     1.065    1.1571    1.2205    1.2511    1.2229
    1.1118   0.68351
    9    0 7.9306000000000D+03 2.9170000000000D+02
   10    0 7.9306000000000D+03 1.5800000000000D+01
*---+----+-------------------+-------------------+---------+---------------------
*   1: printout of the result at time [hours]
*---+----+-------------------+-------------------+---------+---------------------
    1    0 8.0736000000000D+03
*---+----+-------------------+-------------------+---------+---------------------
    2    1 8.0736000000000D+03 2.3018000000000D+01
   0.70884   0.98744    1.0711    1.1125    1.1331    1.1492    1.1269    1.0903
   0.99531   0.62534
    3    1 8.0736000000000D+03 1.2121278800000D+13
   0.70884   0.98744    1.0711    1.1125    1.1331    1.1492    1.1269    1.0903
   0.99531   0.62534
    9    0 8.0736000000000D+03 2.9170000000000D+02
   10    0 8.0736000000000D+03 1.5800000000000D+01
*---+----+-------------------+-------------------+---------+---------------------
*   1: printout of the result at time [hours]
*---+----+-------------------+-------------------+---------+---------------------
    1    0 1.2969600000000D+04
*---+----+-------------------+-------------------+---------+---------------------
    2    1 1.2969600000000D+04 2.1850900000000D+01
   0.86733    1.1139     1.137    1.1125     1.089    1.0657    1.0423    1.0118
   0.93964    0.6208
    3    1 1.2969600000000D+04 1.1875964150000D+13
   0.86733    1.1139     1.137    1.1125     1.089    1.0657    1.0423    1.0118
   0.93964    0.6208
    9    0 1.2969600000000D+04 2.9170000000000D+02
   10    0 1.2969600000000D+04 1.5800000000000D+01
*---+----+-------------------+-------------------+---------+---------------------
*   1: printout of the result at time [hours]
*---+----+-------------------+-------------------+---------+---------------------
    1    0 1.5621600000000D+04
*---+----+-------------------+-------------------+---------+---------------------
    2    1 1.5621600000000D+04 2.1412400000000D+01
      0.88    1.0613    1.0476    1.0327    1.0292    1.0343    1.0471    1.0653
    1.0579   0.74471
    3    1 1.5621600000000D+04 1.1738277680000D+13
      0.88    1.0613    1.0476    1.0327    1.0292    1.0343    1.0471    1.0653
    1.0579   0.74471
    9    0 1.5621600000000D+04 2.9170000000000D+02
   10    0 1.5621600000000D+04 1.5800000000000D+01
*---+----+-------------------+-------------------+---------+---------------------
*   1: printout of the result at time [hours]
*---+----+-------------------+-------------------+---------+---------------------
    1    0 1.6407800000000D+04
*---+----+-------------------+-------------------+---------+---------------------
    2    1 1.6407800000000D+04 1.9990000000000D+01
   0.77319   0.92871   0.93762   0.95853   0.99465    1.0408    1.0963    1.1619
    1.2182    0.8902
    3    1 1.6407800000000D+04 1.0666664000000D+13
   0.77319   0.92871   0.93762   0.95853   0.99465    1.0408    1.0963    1.1619
    1.2182    0.8902
    9    0 1.6407800000000D+04 2.8120000000000D+02
   10    0 1.6407800000000D+04 1.5800000000000D+01
*---+----+-------------------+-------------------+---------+---------------------
*   1: printout of the result at time [hours]
*---+----+-------------------+-------------------+---------+---------------------
    1    0 1.6409800000000D+04
*---+----+-------------------+-------------------+---------+---------------------
    2    1 1.6409800000000D+04 1.8479000000000D+01
   0.43525   0.60501   0.71909    0.8494   0.98993    1.1312    1.2642    1.3785
    1.4577    1.1698
    3    1 1.6409800000000D+04 1.0867499900000D+13
   0.43525   0.60501   0.71909    0.8494   0.98993    1.1312    1.2642    1.3785
    1.4577    1.1698
    9    0 1.6409800000000D+04 2.9170000000000D+02
   10    0 1.6409800000000D+04 1.5800000000000D+01
*---+----+-------------------+-------------------+---------+---------------------
*   1: printout of the result at time [hours]
*---+----+-------------------+-------------------+---------+---------------------
    1    0 1.6552800000000D+04
*---+----+-------------------+-------------------+---------+---------------------
    2    1 1.6552800000000D+04 1.8726200000000D+01
   0.63964   0.82361   0.89073   0.95593    1.0216    1.0856    1.1468    1.2024
    1.2367   0.99711
    3    1 1.6552800000000D+04 1.1039094900000D+13
   0.63964   0.82361   0.89073   0.95593    1.0216    1.0856    1.1468    1.2024
    1.2367   0.99711
    9    0 1.6552800000000D+04 2.9170000000000D+02
   10    0 1.6552800000000D+04 1.5800000000000D+01
*---+----+-------------------+-------------------+---------+---------------------
*   1: printout of the result at time [hours]
*---+----+-------------------+-------------------+---------+---------------------
    1    0 2.1808800000000D+04
*---+----+-------------------+-------------------+---------+---------------------
    2    1 2.1808800000000D+04 1.9057300000000D+01
   0.90049    1.0652    1.0601    1.0491    1.0385    1.0294    1.0226    1.0181
    1.0015   0.81507
    3    1 2.1808800000000D+04 1.1636387380000D+13
   0.90049    1.0652    1.0601    1.0491    1.0385    1.0294    1.0226    1.0181
    1.0015   0.81507
    9    0 2.1808800000000D+04 2.9170000000000D+02
   10    0 2.1808800000000D+04 1.5800000000000D+01
*---+----+-------------------+-------------------+---------+---------------------
*   1: printout of the result at time [hours]
*---+----+-------------------+-------------------+---------+---------------------
    1    0 2.3690400000000D+04
*---+----+-------------------+-------------------+---------+---------------------
    2    1 2.3690400000000D+04 1.8857600000000D+01
   0.90197    1.0279    1.0139    1.0055    1.0052    1.0101     1.021    1.0412
    1.0751    0.8981
    3    1 2.3690400000000D+04 1.1552165760000D+13
   0.90197    1.0279    1.0139    1.0055    1.0052    1.0101     1.021    1.0412
    1.0751    0.8981
    9    0 2.3690400000000D+04 2.9170000000000D+02
   10    0 2.3690400000000D+04 1.5800000000000D+01
*---+----+-------------------+-------------------+---------+---------------------
*   1: printout of the result at time [hours]
*---+----+-------------------+-------------------+---------+---------------------
    1    0 2.4426200000000D+04
*---+----+-------------------+-------------------+---------+---------------------
    2    1 2.4426200000000D+04 1.7328400000000D+01
    0.7943   0.90245    0.9088   0.93292   0.96997    1.0146    1.0672    1.1334
    1.2086    1.0678
    3    1 2.4426200000000D+04 1.0315596520000D+13
    0.7943   0.90245    0.9088   0.93292   0.96997    1.0146    1.0672    1.1334
    1.2086    1.0678
    9    0 2.4426200000000D+04 2.8110000000000D+02
   10    0 2.4426200000000D+04 1.5800000000000D+01
*---+----+-------------------+-------------------+---------+---------------------
*   1: printout of the result at time [hours]
*---+----+-------------------+-------------------+---------+---------------------
    1    0 2.4428200000000D+04
*---+----+-------------------+-------------------+---------+---------------------
    2    1 2.4428200000000D+04 1.6690700000000D+01
   0.48692    0.6817   0.81147   0.94088    1.0651    1.1751    1.2612    1.3185
    1.2845   0.97455
    3    1 2.4428200000000D+04 1.0852293140000D+13
   0.48692    0.6817   0.81147   0.94088    1.0651    1.1751    1.2612    1.3185
    1.2845   0.97455
    9    0 2.4428200000000D+04 2.9170000000000D+02
   10    0 2.4428200000000D+04 1.5800000000000D+01
*---+----+-------------------+-------------------+---------+---------------------
*   1: printout of the result at time [hours]
*---+----+-------------------+-------------------+---------+---------------------
    1    0 2.4571200000000D+04
*---+----+-------------------+-------------------+---------+---------------------
    2    1 2.4571200000000D+04 1.6499300000000D+01
   0.68688   0.88907   0.96471    1.0219    1.0691    1.1071    1.1353    1.1548
    1.1157   0.85543
    3    1 2.4571200000000D+04 1.0711345560000D+13
   0.68688   0.88907   0.96471    1.0219    1.0691    1.1071    1.1353    1.1548
    1.1157   0.85543
    9    0 2.4571200000000D+04 2.9170000000000D+02
   10    0 2.4571200000000D+04 1.5800000000000D+01
*---+----+-------------------+-------------------+---------+---------------------
*   1: printout of the result at time [hours]
*---+----+-------------------+-------------------+---------+---------------------
    1    0 2.8027200000000D+04
*---+----+-------------------+-------------------+---------+---------------------
    2    1 2.8027200000000D+04 1.6804200000000D+01
   0.87746    1.0456    1.0534    1.0471    1.0408    1.0371    1.0365    1.0372
    1.0161    0.8089
    3    1 2.8027200000000D+04 1.1067246120000D+13
   0.87746    1.0456    1.0534    1.0471    1.0408    1.0371    1.0365    1.0372
    1.0161    0.8089
    9    0 2.8027200000000D+04 2.9170000000000D+02
   10    0 2.8027200000000D+04 1.5800000000000D+01
*---+----+-------------------+-------------------+---------+---------------------
*   1: printout of the result at time [hours]
*---+----+-------------------+-------------------+---------+---------------------
    1    0 3.0187200000000D+04
*---+----+-------------------+-------------------+---------+---------------------
    2    1 3.0187200000000D+04 1.7143000000000D+01
   0.91868    1.0808    1.0739    1.0581     1.043    1.0296    1.0186    1.0092
   0.98098   0.78703
    3    1 3.0187200000000D+04 1.1358951800000D+13
   0.91868    1.0808    1.0739    1.0581     1.043    1.0296    1.0186    1.0092
   0.98098   0.78703
    9    0 3.0187200000000D+04 2.9170000000000D+02
   10    0 3.0187200000000D+04 1.5800000000000D+01
*---+----+-------------------+-------------------+---------+---------------------
*   1: printout of the result at time [hours]
*---+----+-------------------+-------------------+---------+---------------------
    1    0 3.1490400000000D+04
*---+----+-------------------+-------------------+---------+---------------------
    2    1 3.1490400000000D+04 1.7163100000000D+01
   0.89873     1.026    1.0164    1.0112    1.0142     1.021     1.031    1.0465
    1.0597   0.87519
    3    1 3.1490400000000D+04 1.1363688510000D+13
   0.89873     1.026    1.0164    1.0112    1.0142     1.021     1.031    1.0465
    1.0597   0.87519
    9    0 3.1490400000000D+04 2.9170000000000D+02
   10    0 3.1490400000000D+04 1.5800000000000D+01
*---+----+-------------------+-------------------+---------+---------------------
*   1: printout of the result at time [hours]
*---+----+-------------------+-------------------+---------+---------------------
    1    0 3.1911800000000D+04
*---+----+-------------------+-------------------+---------+---------------------
    2    1 3.1911800000000D+04 1.6244100000000D+01
   0.80454   0.92107   0.93061    0.9537   0.98848    1.0286    1.0728    1.1242
    1.1838    0.9923
    3    1 3.1911800000000D+04 1.0583031150000D+13
   0.80454   0.92107   0.93061    0.9537   0.98848    1.0286    1.0728    1.1242
    1.1838    0.9923
    9    0 3.1911800000000D+04 2.8640000000000D+02
   10    0 3.1911800000000D+04 1.5800000000000D+01
*---+----+-------------------+-------------------+---------+---------------------
*   1: printout of the result at time [hours]
*---+----+-------------------+-------------------+---------+---------------------
    1    0 3.1913800000000D+04
*---+----+-------------------+-------------------+---------+---------------------
    2    1 3.1913800000000D+04 7.7890000000000D-01
   0.48658   0.70099   0.84606   0.97574    1.0926    1.1901    1.2569    1.2851
    1.2222   0.94364
    3    1 3.1913800000000D+04 5.4413954000000D+11
   0.48658   0.70099   0.84606   0.97574    1.0926    1.1901    1.2569    1.2851
    1.2222   0.94364
    9    0 3.1913800000000D+04 2.9170000000000D+02
   10    0 3.1913800000000D+04 1.5800000000000D+01
*---+----+-------------------+-------------------+---------+---------------------
*   1: printout of the result at time [hours]
*---+----+-------------------+-------------------+---------+---------------------
    1    0 3.2056800000000D+04
*---+----+-------------------+-------------------+---------+---------------------
    2    1 3.2056800000000D+04 8.5030000000000D-01
   0.67506   0.89733   0.98789    1.0443    1.0855    1.1149    1.1372    1.1278
    1.0784   0.85146
    3    1 3.2056800000000D+04 5.7429262000000D+11
   0.67506   0.89733   0.98789    1.0443    1.0855    1.1149    1.1372    1.1278
    1.0784   0.85146
    9    0 3.2056800000000D+04 2.9170000000000D+02
   10    0 3.2056800000000D+04 1.5800000000000D+01
*---+----+-------------------+-------------------+---------+---------------------
*   1: printout of the result at time [hours]
*---+----+-------------------+-------------------+---------+---------------------
    1    0 3.5512800000000D+04
*---+----+-------------------+-------------------+---------+---------------------
    2    1 3.5512800000000D+04 1.0718000000000D+00
   0.83224      1.03    1.0636    1.0543    1.0487     1.045    1.0431    1.0403
    1.0132   0.82945
    3    1 3.5512800000000D+04 6.6548062000000D+11
   0.83224      1.03    1.0636    1.0543    1.0487     1.045    1.0431    1.0403
    1.0132   0.82945
    9    0 3.5512800000000D+04 2.9170000000000D+02
   10    0 3.5512800000000D+04 1.5800000000000D+01
*---+----+-------------------+-------------------+---------+---------------------
*   1: printout of the result at time [hours]
*---+----+-------------------+-------------------+---------+---------------------
    1    0 3.7312800000000D+04
*---+----+-------------------+-------------------+---------+---------------------
    2    1 3.7312800000000D+04 1.2112000000000D+00
   0.86361    1.0585     1.084    1.0651    1.0502    1.0378    1.0271    1.0163
    0.9858   0.81159
    3    1 3.7312800000000D+04 7.1545584000000D+11
   0.86361    1.0585     1.084    1.0651    1.0502    1.0378    1.0271    1.0163
    0.9858   0.81159
    9    0 3.7312800000000D+04 2.9170000000000D+02
   10    0 3.7312800000000D+04 1.5800000000000D+01
*---+----+-------------------+-------------------+---------+---------------------
*   1: printout of the result at time [hours]
*---+----+-------------------+-------------------+---------+---------------------
    1    0 3.9067200000000D+04
*---+----+-------------------+-------------------+---------+---------------------
    2    1 3.9067200000000D+04 1.3906000000000D+00
   0.83489   0.99094   0.99525   0.99741    1.0082    1.0262    1.0492    1.0765
    1.0931   0.92838
    3    1 3.9067200000000D+04 7.8596712000000D+11
   0.83489   0.99094   0.99525   0.99741    1.0082    1.0262    1.0492    1.0765
    1.0931   0.92838
    9    0 3.9067200000000D+04 2.9170000000000D+02
   10    0 3.9067200000000D+04 1.5800000000000D+01
*---+----+-------------------+-------------------+---------+---------------------
*   1: printout of the result at time [hours]
*---+----+-------------------+-------------------+---------+---------------------
    1    0 4.0010400000000D+04
*---+----+-------------------+-------------------+---------+---------------------
    2    1 4.0010400000000D+04 1.1851000000000D+00
   0.71302   0.84381   0.86744   0.90541   0.95941    1.0244    1.0995    1.1872
    1.2691    1.1307
    3    1 4.0010400000000D+04 6.5500477000000D+11
   0.71302   0.84381   0.86744   0.90541   0.95941    1.0244    1.0995    1.1872
    1.2691    1.1307
    9    0 4.0010400000000D+04 2.8120000000000D+02
   10    0 4.0010400000000D+04 1.5800000000000D+01
* data point #5203 end
*  00:  last line of data set (finishing the program)
*---+----+-------------------+-------------------+---------+---------------------
00000    0 4.0010400000000D+04
*---+----+-------------------+-------------------+---------+---------------------
