* data point #5216 begin
*
*---+----+-------------------+-------------------+---------+---------------------
*   1: printout of the result at time [hours]
*---+----+-------------------+-------------------+---------+---------------------
    1    0 0.0000000000000D+00
*---+----+-------------------+-------------------+---------+---------------------
    2    1 0.0000000000000D+00 2.4745300000000D+01
   0.59365   0.86772    1.0156    1.1145    1.1803    1.2149    1.2103    1.1602
    1.0187   0.62412
    3    1 0.0000000000000D+00 1.1867845880000D+13
   0.59365   0.86772    1.0156    1.1145    1.1803    1.2149    1.2103    1.1602
    1.0187   0.62412
    9    0 0.0000000000000D+00 2.9170000000000D+02
   10    0 0.0000000000000D+00 1.5800000000000D+01
*---+----+-------------------+-------------------+---------+---------------------
*   1: printout of the result at time [hours]
*---+----+-------------------+-------------------+---------+---------------------
    1    0 1.4400000000000D+02
*---+----+-------------------+-------------------+---------+---------------------
    2    1 1.4400000000000D+02 2.5033500000000D+01
   0.75463    1.0184    1.1034    1.1336    1.1412    1.1333    1.1102    1.0625
   0.94581   0.59704
    3    1 1.4400000000000D+02 1.2088677150000D+13
   0.75463    1.0184    1.1034    1.1336    1.1412    1.1333    1.1102    1.0625
   0.94581   0.59704
    9    0 1.4400000000000D+02 2.9170000000000D+02
   10    0 1.4400000000000D+02 1.5800000000000D+01
*---+----+-------------------+-------------------+---------+---------------------
*   1: printout of the result at time [hours]
*---+----+-------------------+-------------------+---------+---------------------
    1    0 3.2400000000000D+03
*---+----+-------------------+-------------------+---------+---------------------
    2    1 3.2400000000000D+03 2.4874100000000D+01
   0.86094    1.1057    1.1209     1.101    1.0798    1.0615    1.0458    1.0269
   0.96237   0.63508
    3    1 3.2400000000000D+03 1.2576344960000D+13
   0.86094    1.1057    1.1209     1.101    1.0798    1.0615    1.0458    1.0269
   0.96237   0.63508
    9    0 3.2400000000000D+03 2.9170000000000D+02
   10    0 3.2400000000000D+03 1.5800000000000D+01
*---+----+-------------------+-------------------+---------+---------------------
*   1: printout of the result at time [hours]
*---+----+-------------------+-------------------+---------+---------------------
    1    0 5.8800000000000D+03
*---+----+-------------------+-------------------+---------+---------------------
    2    1 5.8800000000000D+03 2.4963300000000D+01
   0.87637     1.148    1.1323    1.0977    1.0676    1.0426    1.0233    1.0091
   0.96462   0.63854
    3    1 5.8800000000000D+03 1.2970930680000D+13
   0.87637     1.148    1.1323    1.0977    1.0676    1.0426    1.0233    1.0091
   0.96462   0.63854
    9    0 5.8800000000000D+03 2.9170000000000D+02
   10    0 5.8800000000000D+03 1.5800000000000D+01
*---+----+-------------------+-------------------+---------+---------------------
*   1: printout of the result at time [hours]
*---+----+-------------------+-------------------+---------+---------------------
    1    0 6.7656000000000D+03
*---+----+-------------------+-------------------+---------+---------------------
    2    1 6.7656000000000D+03 2.4774200000000D+01
   0.88411    1.1353    1.1068    1.0747    1.0513    1.0341    1.0232    1.0209
   0.99927   0.67046
    3    1 6.7656000000000D+03 1.2924700140000D+13
   0.88411    1.1353    1.1068    1.0747    1.0513    1.0341    1.0232    1.0209
   0.99927   0.67046
    9    0 6.7656000000000D+03 2.9170000000000D+02
   10    0 6.7656000000000D+03 1.5800000000000D+01
*---+----+-------------------+-------------------+---------+---------------------
*   1: printout of the result at time [hours]
*---+----+-------------------+-------------------+---------+---------------------
    1    0 7.8446000000000D+03
*---+----+-------------------+-------------------+---------+---------------------
    2    1 7.8446000000000D+03 2.2082900000000D+01
   0.74157   0.94503    0.9535   0.97365    1.0078    1.0495    1.0985    1.1602
    1.2193   0.85102
    3    1 7.8446000000000D+03 1.1167322530000D+13
   0.74157   0.94503    0.9535   0.97365    1.0078    1.0495    1.0985    1.1602
    1.2193   0.85102
    9    0 7.8446000000000D+03 2.7920000000000D+02
   10    0 7.8446000000000D+03 1.5800000000000D+01
*---+----+-------------------+-------------------+---------+---------------------
*   1: printout of the result at time [hours]
*---+----+-------------------+-------------------+---------+---------------------
    1    0 7.8466000000000D+03
*---+----+-------------------+-------------------+---------+---------------------
    2    1 7.8466000000000D+03 1.8822800000000D+01
   0.51788   0.82947   0.98917    1.1102    1.1989    1.2498    1.2542     1.196
    1.0318   0.62254
    3    1 7.8466000000000D+03 1.0454183120000D+13
   0.51788   0.82947   0.98917    1.1102    1.1989    1.2498    1.2542     1.196
    1.0318   0.62254
    9    0 7.8466000000000D+03 2.9170000000000D+02
   10    0 7.8466000000000D+03 1.5800000000000D+01
*---+----+-------------------+-------------------+---------+---------------------
*   1: printout of the result at time [hours]
*---+----+-------------------+-------------------+---------+---------------------
    1    0 7.9896000000000D+03
*---+----+-------------------+-------------------+---------+---------------------
    2    1 7.9896000000000D+03 1.9227200000000D+01
   0.66536   0.98387    1.0837    1.1344    1.1602    1.1658    1.1485    1.0954
   0.96197   0.60071
    3    1 7.9896000000000D+03 1.0659559680000D+13
   0.66536   0.98387    1.0837    1.1344    1.1602    1.1658    1.1485    1.0954
   0.96197   0.60071
    9    0 7.9896000000000D+03 2.9170000000000D+02
   10    0 7.9896000000000D+03 1.5800000000000D+01
*---+----+-------------------+-------------------+---------+---------------------
*   1: printout of the result at time [hours]
*---+----+-------------------+-------------------+---------+---------------------
    1    0 1.1445600000000D+04
*---+----+-------------------+-------------------+---------+---------------------
    2    1 1.1445600000000D+04 1.9204100000000D+01
   0.81863    1.0757    1.0891    1.0788    1.0692    1.0631    1.0598    1.0525
   0.99953   0.69371
    3    1 1.1445600000000D+04 1.0648673450000D+13
   0.81863    1.0757    1.0891    1.0788    1.0692    1.0631    1.0598    1.0525
   0.99953   0.69371
    9    0 1.1445600000000D+04 2.9170000000000D+02
   10    0 1.1445600000000D+04 1.5800000000000D+01
*---+----+-------------------+-------------------+---------+---------------------
*   1: printout of the result at time [hours]
*---+----+-------------------+-------------------+---------+---------------------
    1    0 1.3605600000000D+04
*---+----+-------------------+-------------------+---------+---------------------
    2    1 1.3605600000000D+04 1.9170200000000D+01
   0.87287    1.1037    1.0912    1.0683    1.0508    1.0389    1.0322    1.0287
   0.99451   0.71877
    3    1 1.3605600000000D+04 1.0662465240000D+13
   0.87287    1.1037    1.0912    1.0683    1.0508    1.0389    1.0322    1.0287
   0.99451   0.71877
    9    0 1.3605600000000D+04 2.9170000000000D+02
   10    0 1.3605600000000D+04 1.5800000000000D+01
*---+----+-------------------+-------------------+---------+---------------------
*   1: printout of the result at time [hours]
*---+----+-------------------+-------------------+---------+---------------------
    1    0 1.4834400000000D+04
*---+----+-------------------+-------------------+---------+---------------------
    2    1 1.4834400000000D+04 1.9203900000000D+01
    0.8755    1.0751    1.0514    1.0309     1.021    1.0191    1.0265    1.0467
    1.0572   0.79661
    3    1 1.4834400000000D+04 1.0683129570000D+13
    0.8755    1.0751    1.0514    1.0309     1.021    1.0191    1.0265    1.0467
    1.0572   0.79661
    9    0 1.4834400000000D+04 2.9170000000000D+02
   10    0 1.4834400000000D+04 1.5800000000000D+01
*---+----+-------------------+-------------------+---------+---------------------
*   1: printout of the result at time [hours]
*---+----+-------------------+-------------------+---------+---------------------
    1    0 1.6328600000000D+04
*---+----+-------------------+-------------------+---------+---------------------
    2    1 1.6328600000000D+04 1.6385100000000D+01
   0.72639   0.87708   0.88666   0.91663   0.96356     1.021    1.0909     1.183
    1.2958     1.039
    3    1 1.6328600000000D+04 8.7185117100000D+12
   0.72639   0.87708   0.88666   0.91663   0.96356     1.021    1.0909     1.183
    1.2958     1.039
    9    0 1.6328600000000D+04 2.7520000000000D+02
   10    0 1.6328600000000D+04 1.5800000000000D+01
*---+----+-------------------+-------------------+---------+---------------------
*   1: printout of the result at time [hours]
*---+----+-------------------+-------------------+---------+---------------------
    1    0 1.6330600000000D+04
*---+----+-------------------+-------------------+---------+---------------------
    2    1 1.6330600000000D+04 2.2067700000000D+01
   0.68933   0.96508    1.0583    1.1123    1.1438    1.1516    1.1349    1.0898
    0.9885    0.6664
    3    1 1.6330600000000D+04 1.3097179950000D+13
   0.68933   0.96508    1.0583    1.1123    1.1438    1.1516    1.1349    1.0898
    0.9885    0.6664
    9    0 1.6330600000000D+04 2.9170000000000D+02
   10    0 1.6330600000000D+04 1.5800000000000D+01
*---+----+-------------------+-------------------+---------+---------------------
*   1: printout of the result at time [hours]
*---+----+-------------------+-------------------+---------+---------------------
    1    0 1.6473600000000D+04
*---+----+-------------------+-------------------+---------+---------------------
    2    1 1.6473600000000D+04 2.1459200000000D+01
   0.80823    1.0695    1.1134    1.1187    1.1109    1.0931    1.0657     1.025
   0.94249    0.6531
    3    1 1.6473600000000D+04 1.2686679040000D+13
   0.80823    1.0695    1.1134    1.1187    1.1109    1.0931    1.0657     1.025
   0.94249    0.6531
    9    0 1.6473600000000D+04 2.9170000000000D+02
   10    0 1.6473600000000D+04 1.5800000000000D+01
*---+----+-------------------+-------------------+---------+---------------------
*   1: printout of the result at time [hours]
*---+----+-------------------+-------------------+---------+---------------------
    1    0 1.7769600000000D+04
*---+----+-------------------+-------------------+---------+---------------------
    2    1 1.7769600000000D+04 2.1224700000000D+01
   0.84397    1.0695     1.089    1.0847    1.0777    1.0683    1.0556    1.0351
    0.9765    0.6997
    3    1 1.7769600000000D+04 1.2539552760000D+13
   0.84397    1.0695     1.089    1.0847    1.0777    1.0683    1.0556    1.0351
    0.9765    0.6997
    9    0 1.7769600000000D+04 2.9170000000000D+02
   10    0 1.7769600000000D+04 1.5800000000000D+01
*---+----+-------------------+-------------------+---------+---------------------
*   1: printout of the result at time [hours]
*---+----+-------------------+-------------------+---------+---------------------
    1    0 1.9375200000000D+04
*---+----+-------------------+-------------------+---------+---------------------
    2    1 1.9375200000000D+04 2.0861100000000D+01
   0.86189    1.0465     1.048    1.0395    1.0356    1.0356    1.0404    1.0509
    1.0449    0.7967
    3    1 1.9375200000000D+04 1.2289274010000D+13
   0.86189    1.0465     1.048    1.0395    1.0356    1.0356    1.0404    1.0509
    1.0449    0.7967
    9    0 1.9375200000000D+04 2.9170000000000D+02
   10    0 1.9375200000000D+04 1.5800000000000D+01
*---+----+-------------------+-------------------+---------+---------------------
*   1: printout of the result at time [hours]
*---+----+-------------------+-------------------+---------+---------------------
    1    0 2.1230400000000D+04
*---+----+-------------------+-------------------+---------+---------------------
    2    1 2.1230400000000D+04 1.6754700000000D+01
   0.69443   0.83469   0.86322   0.90584   0.96319    1.0306    1.1091    1.2042
    1.3132    1.0815
    3    1 2.1230400000000D+04 9.3625263600000D+12
   0.69443   0.83469   0.86322   0.90584   0.96319    1.0306    1.1091    1.2042
    1.3132    1.0815
    9    0 2.1230400000000D+04 2.7330000000000D+02
   10    0 2.1230400000000D+04 1.5800000000000D+01
*---+----+-------------------+-------------------+---------+---------------------
*   1: printout of the result at time [hours]
*---+----+-------------------+-------------------+---------+---------------------
    1    0 2.1234200000000D+04
*---+----+-------------------+-------------------+---------+---------------------
    2    1 2.1234200000000D+04 1.0362500000000D+01
   0.53954   0.67474   0.73409   0.81428   0.91638     1.037    1.1767    1.3391
    1.4972    1.2709
    3    1 2.1234200000000D+04 5.7895287500000D+12
   0.53954   0.67474   0.73409   0.81428   0.91638     1.037    1.1767    1.3391
    1.4972    1.2709
    9    0 2.1234200000000D+04 2.8340000000000D+02
   10    0 2.1234200000000D+04 1.5800000000000D+01
*---+----+-------------------+-------------------+---------+---------------------
*   1: printout of the result at time [hours]
*---+----+-------------------+-------------------+---------+---------------------
    1    0 2.1236200000000D+04
*---+----+-------------------+-------------------+---------+---------------------
    2    1 2.1236200000000D+04 1.4835400000000D+01
   0.74673    1.0073     1.097    1.1394    1.1628    1.1375    1.1036    1.0486
     0.948   0.60881
    3    1 2.1236200000000D+04 9.0866825000000D+12
   0.74673    1.0073     1.097    1.1394    1.1628    1.1375    1.1036    1.0486
     0.948   0.60881
    9    0 2.1236200000000D+04 2.9170000000000D+02
   10    0 2.1236200000000D+04 1.5800000000000D+01
*---+----+-------------------+-------------------+---------+---------------------
*   1: printout of the result at time [hours]
*---+----+-------------------+-------------------+---------+---------------------
    1    0 2.1379200000000D+04
*---+----+-------------------+-------------------+---------+---------------------
    2    1 2.1379200000000D+04 1.5156400000000D+01
   0.84934    1.0862    1.1293    1.1316    1.1157    1.0887    1.0537    1.0084
   0.92634   0.61077
    3    1 2.1379200000000D+04 9.2378258000000D+12
   0.84934    1.0862    1.1293    1.1316    1.1157    1.0887    1.0537    1.0084
   0.92634   0.61077
    9    0 2.1379200000000D+04 2.9170000000000D+02
   10    0 2.1379200000000D+04 1.5800000000000D+01
*---+----+-------------------+-------------------+---------+---------------------
*   1: printout of the result at time [hours]
*---+----+-------------------+-------------------+---------+---------------------
    1    0 2.2795200000000D+04
*---+----+-------------------+-------------------+---------+---------------------
    2    1 2.2795200000000D+04 1.5521300000000D+01
    0.8585     1.051    1.0713    1.0721    1.0687    1.0631    1.0562    1.0464
    1.0108     0.702
    3    1 2.2795200000000D+04 9.4121163200000D+12
    0.8585     1.051    1.0713    1.0721    1.0687    1.0631    1.0562    1.0464
    1.0108     0.702
    9    0 2.2795200000000D+04 2.9170000000000D+02
   10    0 2.2795200000000D+04 1.5800000000000D+01
*---+----+-------------------+-------------------+---------+---------------------
*   1: printout of the result at time [hours]
*---+----+-------------------+-------------------+---------+---------------------
    1    0 2.3620800000000D+04
*---+----+-------------------+-------------------+---------+---------------------
    2    1 2.3620800000000D+04 1.5669800000000D+01
   0.87697    1.0473    1.0544    1.0501    1.0463     1.044    1.0442    1.0481
    1.0393   0.74915
    3    1 2.3620800000000D+04 9.4661261800000D+12
   0.87697    1.0473    1.0544    1.0501    1.0463     1.044    1.0442    1.0481
    1.0393   0.74915
    9    0 2.3620800000000D+04 2.9170000000000D+02
   10    0 2.3620800000000D+04 1.5800000000000D+01
*---+----+-------------------+-------------------+---------+---------------------
*   1: printout of the result at time [hours]
*---+----+-------------------+-------------------+---------+---------------------
    1    0 2.4258200000000D+04
*---+----+-------------------+-------------------+---------+---------------------
    2    1 2.4258200000000D+04 1.4989100000000D+01
   0.78824   0.93828   0.96123   0.98632    1.0174    1.0516    1.0887    1.1306
    1.1708   0.86683
    3    1 2.4258200000000D+04 8.8525624600000D+12
   0.78824   0.93828   0.96123   0.98632    1.0174    1.0516    1.0887    1.1306
    1.1708   0.86683
    9    0 2.4258200000000D+04 2.8320000000000D+02
   10    0 2.4258200000000D+04 1.5800000000000D+01
*---+----+-------------------+-------------------+---------+---------------------
*   1: printout of the result at time [hours]
*---+----+-------------------+-------------------+---------+---------------------
    1    0 2.4260200000000D+04
*---+----+-------------------+-------------------+---------+---------------------
    2    1 2.4260200000000D+04 6.5626000000000D+00
   0.45424   0.69668   0.84951   0.98147    1.1014    1.2049    1.2815    1.3172
    1.2353   0.87785
    3    1 2.4260200000000D+04 4.2217205800000D+12
   0.45424   0.69668   0.84951   0.98147    1.1014    1.2049    1.2815    1.3172
    1.2353   0.87785
    9    0 2.4260200000000D+04 2.9170000000000D+02
   10    0 2.4260200000000D+04 1.5800000000000D+01
*---+----+-------------------+-------------------+---------+---------------------
*   1: printout of the result at time [hours]
*---+----+-------------------+-------------------+---------+---------------------
    1    0 2.4403200000000D+04
*---+----+-------------------+-------------------+---------+---------------------
    2    1 2.4403200000000D+04 6.7399000000000D+00
   0.63784   0.89719   0.99675    1.0548    1.0969      1.13    1.1527    1.1527
    1.0881   0.79304
    3    1 2.4403200000000D+04 4.2906203400000D+12
   0.63784   0.89719   0.99675    1.0548    1.0969      1.13    1.1527    1.1527
    1.0881   0.79304
    9    0 2.4403200000000D+04 2.9170000000000D+02
   10    0 2.4403200000000D+04 1.5800000000000D+01
*---+----+-------------------+-------------------+---------+---------------------
*   1: printout of the result at time [hours]
*---+----+-------------------+-------------------+---------+---------------------
    1    0 2.9659200000000D+04
*---+----+-------------------+-------------------+---------+---------------------
    2    1 2.9659200000000D+04 7.1042000000000D+00
   0.85654    1.0374    1.0484     1.044    1.0402    1.0387    1.0401    1.0426
    1.0257   0.82627
    3    1 2.9659200000000D+04 4.3648204800000D+12
   0.85654    1.0374    1.0484     1.044    1.0402    1.0387    1.0401    1.0426
    1.0257   0.82627
    9    0 2.9659200000000D+04 2.9170000000000D+02
   10    0 2.9659200000000D+04 1.5800000000000D+01
*---+----+-------------------+-------------------+---------+---------------------
*   1: printout of the result at time [hours]
*---+----+-------------------+-------------------+---------+---------------------
    1    0 3.1540800000000D+04
*---+----+-------------------+-------------------+---------+---------------------
    2    1 3.1540800000000D+04 7.4368000000000D+00
    0.8583   0.99788   0.99424   0.99277    1.0002     1.014    1.0354    1.0673
    1.1071   0.93293
    3    1 3.1540800000000D+04 4.5096755200000D+12
    0.8583   0.99788   0.99424   0.99277    1.0002     1.014    1.0354    1.0673
    1.1071   0.93293
    9    0 3.1540800000000D+04 2.9170000000000D+02
   10    0 3.1540800000000D+04 1.5800000000000D+01
*---+----+-------------------+-------------------+---------+---------------------
*   1: printout of the result at time [hours]
*---+----+-------------------+-------------------+---------+---------------------
    1    0 3.2276600000000D+04
*---+----+-------------------+-------------------+---------+---------------------
    2    1 3.2276600000000D+04 7.0412000000000D+00
   0.76833   0.88877   0.90056   0.92683   0.96716    1.0164     1.075    1.1481
    1.2272    1.0816
    3    1 3.2276600000000D+04 4.1662780400000D+12
   0.76833   0.88877   0.90056   0.92683   0.96716    1.0164     1.075    1.1481
    1.2272    1.0816
    9    0 3.2276600000000D+04 2.8110000000000D+02
   10    0 3.2276600000000D+04 1.5800000000000D+01
*---+----+-------------------+-------------------+---------+---------------------
*   1: printout of the result at time [hours]
*---+----+-------------------+-------------------+---------+---------------------
    1    0 3.2278600000000D+04
*---+----+-------------------+-------------------+---------+---------------------
    2    1 3.2278600000000D+04 5.9783000000000D+00
   0.46251   0.68983   0.84238   0.98038    1.1062    1.2127    1.2873    1.3194
    1.2438   0.85543
    3    1 3.2278600000000D+04 4.0222002400000D+12
   0.46251   0.68983   0.84238   0.98038    1.1062    1.2127    1.2873    1.3194
    1.2438   0.85543
    9    0 3.2278600000000D+04 2.9170000000000D+02
   10    0 3.2278600000000D+04 1.5800000000000D+01
*---+----+-------------------+-------------------+---------+---------------------
*   1: printout of the result at time [hours]
*---+----+-------------------+-------------------+---------+---------------------
    1    0 3.2421600000000D+04
*---+----+-------------------+-------------------+---------+---------------------
    2    1 3.2421600000000D+04 6.2344000000000D+00
   0.65283   0.89407   0.99416    1.0574    1.1036    1.1371    1.1603    1.1501
    1.0878    0.7627
    3    1 3.2421600000000D+04 4.1533572800000D+12
   0.65283   0.89407   0.99416    1.0574    1.1036    1.1371    1.1603    1.1501
    1.0878    0.7627
    9    0 3.2421600000000D+04 2.9170000000000D+02
   10    0 3.2421600000000D+04 1.5800000000000D+01
*---+----+-------------------+-------------------+---------+---------------------
*   1: printout of the result at time [hours]
*---+----+-------------------+-------------------+---------+---------------------
    1    0 3.5877600000000D+04
*---+----+-------------------+-------------------+---------+---------------------
    2    1 3.5877600000000D+04 6.6689000000000D+00
   0.84347    1.0302    1.0504    1.0498     1.048    1.0484    1.0514    1.0609
     1.036   0.78139
    3    1 3.5877600000000D+04 4.3187796400000D+12
   0.84347    1.0302    1.0504    1.0498     1.048    1.0484    1.0514    1.0609
     1.036   0.78139
    9    0 3.5877600000000D+04 2.9170000000000D+02
   10    0 3.5877600000000D+04 1.5800000000000D+01
*---+----+-------------------+-------------------+---------+---------------------
*   1: printout of the result at time [hours]
*---+----+-------------------+-------------------+---------+---------------------
    1    0 3.7677600000000D+04
*---+----+-------------------+-------------------+---------+---------------------
    2    1 3.7677600000000D+04 6.8021000000000D+00
   0.89075     1.047    1.0511    1.0439    1.0379    1.0344    1.0338    1.0363
    1.0276   0.79711
    3    1 3.7677600000000D+04 4.3567450500000D+12
   0.89075     1.047    1.0511    1.0439    1.0379    1.0344    1.0338    1.0363
    1.0276   0.79711
    9    0 3.7677600000000D+04 2.9170000000000D+02
   10    0 3.7677600000000D+04 1.5800000000000D+01
*---+----+-------------------+-------------------+---------+---------------------
*   1: printout of the result at time [hours]
*---+----+-------------------+-------------------+---------+---------------------
    1    0 3.9432000000000D+04
*---+----+-------------------+-------------------+---------+---------------------
    2    1 3.9432000000000D+04 7.2066000000000D+00
   0.88044    0.9977   0.99062   0.98993   0.99908    1.0149    1.0371    1.0701
    1.1118   0.90833
    3    1 3.9432000000000D+04 4.5588951600000D+12
   0.88044    0.9977   0.99062   0.98993   0.99908    1.0149    1.0371    1.0701
    1.1118   0.90833
    9    0 3.9432000000000D+04 2.9170000000000D+02
   10    0 3.9432000000000D+04 1.5800000000000D+01
*---+----+-------------------+-------------------+---------+---------------------
*   1: printout of the result at time [hours]
*---+----+-------------------+-------------------+---------+---------------------
    1    0 4.0375200000000D+04
*---+----+-------------------+-------------------+---------+---------------------
    2    1 4.0375200000000D+04 6.2932000000000D+00
   0.76019   0.85855   0.87158   0.90495   0.95452    1.0144     1.085     1.173
    1.2801    1.0977
    3    1 4.0375200000000D+04 3.8665420800000D+12
   0.76019   0.85855   0.87158   0.90495   0.95452    1.0144     1.085     1.173
    1.2801    1.0977
    9    0 4.0375200000000D+04 2.8120000000000D+02
   10    0 4.0375200000000D+04 1.5800000000000D+01
* data point #5216 end
*  00:  last line of data set (finishing the program)
*---+----+-------------------+-------------------+---------+---------------------
00000    0 4.0375200000000D+04
*---+----+-------------------+-------------------+---------+---------------------
