* data point #5630 begin
*
*---+----+-------------------+-------------------+---------+---------------------
*   1: printout of the result at time [hours]
*---+----+-------------------+-------------------+---------+---------------------
    1    0 0.0000000000000D+00
*---+----+-------------------+-------------------+---------+---------------------
    2    1 0.0000000000000D+00 1.9165000000000D+01
   0.63214   0.99744    1.1025    1.1525    1.1792    1.1825    1.1606    1.1063
   0.96661   0.52011
    3    1 0.0000000000000D+00 8.2735305000000D+12
   0.63214   0.99744    1.1025    1.1525    1.1792    1.1825    1.1606    1.1063
   0.96661   0.52011
    9    0 0.0000000000000D+00 2.9170000000000D+02
   10    0 0.0000000000000D+00 1.5800000000000D+01
*---+----+-------------------+-------------------+---------+---------------------
*   1: printout of the result at time [hours]
*---+----+-------------------+-------------------+---------+---------------------
    1    0 1.4400000000000D+02
*---+----+-------------------+-------------------+---------+---------------------
    2    1 1.4400000000000D+02 1.9601600000000D+01
   0.76228    1.1229    1.1761    1.1624    1.1425    1.1143    1.0776    1.0259
   0.90896    0.5071
    3    1 1.4400000000000D+02 8.4737716800000D+12
   0.76228    1.1229    1.1761    1.1624    1.1425    1.1143    1.0776    1.0259
   0.90896    0.5071
    9    0 1.4400000000000D+02 2.9170000000000D+02
   10    0 1.4400000000000D+02 1.5800000000000D+01
*---+----+-------------------+-------------------+---------+---------------------
*   1: printout of the result at time [hours]
*---+----+-------------------+-------------------+---------+---------------------
    1    0 1.4400000000000D+03
*---+----+-------------------+-------------------+---------+---------------------
    2    1 1.4400000000000D+03 1.9845000000000D+01
   0.81114    1.1323    1.1477    1.1277     1.107    1.0861    1.0634    1.0324
   0.94261   0.54971
    3    1 1.4400000000000D+03 8.5829625000000D+12
   0.81114    1.1323    1.1477    1.1277     1.107    1.0861    1.0634    1.0324
   0.94261   0.54971
    9    0 1.4400000000000D+03 2.9170000000000D+02
   10    0 1.4400000000000D+03 1.5800000000000D+01
*---+----+-------------------+-------------------+---------+---------------------
*   1: printout of the result at time [hours]
*---+----+-------------------+-------------------+---------+---------------------
    1    0 3.0456000000000D+03
*---+----+-------------------+-------------------+---------+---------------------
    2    1 3.0456000000000D+03 2.0100600000000D+01
   0.84236    1.1115    1.0989    1.0737     1.056    1.0444    1.0402    1.0451
    1.0278   0.66003
    3    1 3.0456000000000D+03 8.6834592000000D+12
   0.84236    1.1115    1.0989    1.0737     1.056    1.0444    1.0402    1.0451
    1.0278   0.66003
    9    0 3.0456000000000D+03 2.9170000000000D+02
   10    0 3.0456000000000D+03 1.5800000000000D+01
*---+----+-------------------+-------------------+---------+---------------------
*   1: printout of the result at time [hours]
*---+----+-------------------+-------------------+---------+---------------------
    1    0 4.9008000000000D+03
*---+----+-------------------+-------------------+---------+---------------------
    2    1 4.9008000000000D+03 1.5666800000000D+01
   0.68916   0.89112   0.91308   0.94531   0.99293    1.0502    1.1183    1.2043
    1.2918   0.90376
    3    1 4.9008000000000D+03 6.4672550400000D+12
   0.68916   0.89112   0.91308   0.94531   0.99293    1.0502    1.1183    1.2043
    1.2918   0.90376
    9    0 4.9008000000000D+03 2.7330000000000D+02
   10    0 4.9008000000000D+03 1.5800000000000D+01
*---+----+-------------------+-------------------+---------+---------------------
*   1: printout of the result at time [hours]
*---+----+-------------------+-------------------+---------+---------------------
    1    0 4.9046000000000D+03
*---+----+-------------------+-------------------+---------+---------------------
    2    1 4.9046000000000D+03 9.3656000000000D+00
   0.53793   0.72318   0.77977   0.85387   0.94975    1.0624    1.1928    1.3455
    1.4941    1.0608
    3    1 4.9046000000000D+03 3.8782949600000D+12
   0.53793   0.72318   0.77977   0.85387   0.94975    1.0624    1.1928    1.3455
    1.4941    1.0608
    9    0 4.9046000000000D+03 2.8340000000000D+02
   10    0 4.9046000000000D+03 1.5800000000000D+01
*---+----+-------------------+-------------------+---------+---------------------
*   1: printout of the result at time [hours]
*---+----+-------------------+-------------------+---------+---------------------
    1    0 4.9066000000000D+03
*---+----+-------------------+-------------------+---------+---------------------
    2    1 4.9066000000000D+03 2.0864600000000D+01
   0.75894    1.1139    1.1948    1.2112    1.1848    1.1372    1.0711   0.98607
   0.85235   0.48949
    3    1 4.9066000000000D+03 1.1861525100000D+13
   0.75894    1.1139    1.1948    1.2112    1.1848    1.1372    1.0711   0.98607
   0.85235   0.48949
    9    0 4.9066000000000D+03 2.9170000000000D+02
   10    0 4.9066000000000D+03 1.5800000000000D+01
*---+----+-------------------+-------------------+---------+---------------------
*   1: printout of the result at time [hours]
*---+----+-------------------+-------------------+---------+---------------------
    1    0 5.0496000000000D+03
*---+----+-------------------+-------------------+---------+---------------------
    2    1 5.0496000000000D+03 2.0860700000000D+01
   0.86196    1.1935    1.2279    1.1916     1.143     1.085    1.0212   0.94824
    0.8342   0.49346
    3    1 5.0496000000000D+03 1.1898943280000D+13
   0.86196    1.1935    1.2279    1.1916     1.143     1.085    1.0212   0.94824
    0.8342   0.49346
    9    0 5.0496000000000D+03 2.9170000000000D+02
   10    0 5.0496000000000D+03 1.5800000000000D+01
*---+----+-------------------+-------------------+---------+---------------------
*   1: printout of the result at time [hours]
*---+----+-------------------+-------------------+---------+---------------------
    1    0 6.4656000000000D+03
*---+----+-------------------+-------------------+---------+---------------------
    2    1 6.4656000000000D+03 2.0641100000000D+01
   0.86662    1.1393    1.1467    1.1238    1.0965    1.0674    1.0372    1.0029
   0.93338   0.58621
    3    1 6.4656000000000D+03 1.1705567810000D+13
   0.86662    1.1393    1.1467    1.1238    1.0965    1.0674    1.0372    1.0029
   0.93338   0.58621
    9    0 6.4656000000000D+03 2.9170000000000D+02
   10    0 6.4656000000000D+03 1.5800000000000D+01
*---+----+-------------------+-------------------+---------+---------------------
*   1: printout of the result at time [hours]
*---+----+-------------------+-------------------+---------+---------------------
    1    0 7.2912000000000D+03
*---+----+-------------------+-------------------+---------+---------------------
    2    1 7.2912000000000D+03 2.0650000000000D+01
   0.88334    1.1329    1.1242    1.0985    1.0736    1.0502    1.0292    1.0097
   0.96649   0.63186
    3    1 7.2912000000000D+03 1.1661055000000D+13
   0.88334    1.1329    1.1242    1.0985    1.0736    1.0502    1.0292    1.0097
   0.96649   0.63186
    9    0 7.2912000000000D+03 2.9170000000000D+02
   10    0 7.2912000000000D+03 1.5800000000000D+01
*---+----+-------------------+-------------------+---------+---------------------
*   1: printout of the result at time [hours]
*---+----+-------------------+-------------------+---------+---------------------
    1    0 7.9286000000000D+03
*---+----+-------------------+-------------------+---------+---------------------
    2    1 7.9286000000000D+03 1.9993400000000D+01
   0.79066    1.0091    1.0256    1.0356    1.0503    1.0667    1.0841    1.1022
    1.0941   0.74164
    3    1 7.9286000000000D+03 1.1004367360000D+13
   0.79066    1.0091    1.0256    1.0356    1.0503    1.0667    1.0841    1.1022
    1.0941   0.74164
    9    0 7.9286000000000D+03 2.8320000000000D+02
   10    0 7.9286000000000D+03 1.5800000000000D+01
*---+----+-------------------+-------------------+---------+---------------------
*   1: printout of the result at time [hours]
*---+----+-------------------+-------------------+---------+---------------------
    1    0 7.9306000000000D+03
*---+----+-------------------+-------------------+---------+---------------------
    2    1 7.9306000000000D+03 2.6670500000000D+01
   0.53471   0.80448    0.9488     1.065    1.1571    1.2205    1.2511     1.223
    1.1119   0.68349
    3    1 7.9306000000000D+03 1.3153890600000D+13
   0.53471   0.80448    0.9488     1.065    1.1571    1.2205    1.2511     1.223
    1.1119   0.68349
    9    0 7.9306000000000D+03 2.9170000000000D+02
   10    0 7.9306000000000D+03 1.5800000000000D+01
*---+----+-------------------+-------------------+---------+---------------------
*   1: printout of the result at time [hours]
*---+----+-------------------+-------------------+---------+---------------------
    1    0 8.0736000000000D+03
*---+----+-------------------+-------------------+---------+---------------------
    2    1 8.0736000000000D+03 2.6412500000000D+01
   0.70883   0.98741     1.071    1.1125    1.1331    1.1492    1.1269    1.0903
   0.99532   0.62531
    3    1 8.0736000000000D+03 1.3058340000000D+13
   0.70883   0.98741     1.071    1.1125    1.1331    1.1492    1.1269    1.0903
   0.99532   0.62531
    9    0 8.0736000000000D+03 2.9170000000000D+02
   10    0 8.0736000000000D+03 1.5800000000000D+01
*---+----+-------------------+-------------------+---------+---------------------
*   1: printout of the result at time [hours]
*---+----+-------------------+-------------------+---------+---------------------
    1    0 1.2969600000000D+04
*---+----+-------------------+-------------------+---------+---------------------
    2    1 1.2969600000000D+04 2.4263600000000D+01
   0.86731    1.1139     1.137    1.1125     1.089    1.0657    1.0423    1.0118
   0.93964   0.62081
    3    1 1.2969600000000D+04 1.2833018040000D+13
   0.86731    1.1139     1.137    1.1125     1.089    1.0657    1.0423    1.0118
   0.93964   0.62081
    9    0 1.2969600000000D+04 2.9170000000000D+02
   10    0 1.2969600000000D+04 1.5800000000000D+01
*---+----+-------------------+-------------------+---------+---------------------
*   1: printout of the result at time [hours]
*---+----+-------------------+-------------------+---------+---------------------
    1    0 1.5621600000000D+04
*---+----+-------------------+-------------------+---------+---------------------
    2    1 1.5621600000000D+04 2.3436800000000D+01
   0.87998    1.0612    1.0476    1.0327    1.0292    1.0343    1.0471    1.0653
    1.0579   0.74468
    3    1 1.5621600000000D+04 1.2613685760000D+13
   0.87998    1.0612    1.0476    1.0327    1.0292    1.0343    1.0471    1.0653
    1.0579   0.74468
    9    0 1.5621600000000D+04 2.9170000000000D+02
   10    0 1.5621600000000D+04 1.5800000000000D+01
*---+----+-------------------+-------------------+---------+---------------------
*   1: printout of the result at time [hours]
*---+----+-------------------+-------------------+---------+---------------------
    1    0 1.6407800000000D+04
*---+----+-------------------+-------------------+---------+---------------------
    2    1 1.6407800000000D+04 2.1874500000000D+01
   0.77318   0.92871   0.93762   0.95851   0.99463    1.0408    1.0963    1.1619
    1.2182   0.89021
    3    1 1.6407800000000D+04 1.1481925050000D+13
   0.77318   0.92871   0.93762   0.95851   0.99463    1.0408    1.0963    1.1619
    1.2182   0.89021
    9    0 1.6407800000000D+04 2.8120000000000D+02
   10    0 1.6407800000000D+04 1.5800000000000D+01
*---+----+-------------------+-------------------+---------+---------------------
*   1: printout of the result at time [hours]
*---+----+-------------------+-------------------+---------+---------------------
    1    0 1.6409800000000D+04
*---+----+-------------------+-------------------+---------+---------------------
    2    1 1.6409800000000D+04 1.8378000000000D+01
   0.43525   0.60502   0.71907   0.84939   0.98993    1.1312    1.2642    1.3785
    1.4577    1.1698
    3    1 1.6409800000000D+04 1.0493838000000D+13
   0.43525   0.60502   0.71907   0.84939   0.98993    1.1312    1.2642    1.3785
    1.4577    1.1698
    9    0 1.6409800000000D+04 2.9170000000000D+02
   10    0 1.6409800000000D+04 1.5800000000000D+01
*---+----+-------------------+-------------------+---------+---------------------
*   1: printout of the result at time [hours]
*---+----+-------------------+-------------------+---------+---------------------
    1    0 1.6552800000000D+04
*---+----+-------------------+-------------------+---------+---------------------
    2    1 1.6552800000000D+04 1.8658600000000D+01
   0.63965   0.82359   0.89074   0.95591    1.0215    1.0856    1.1468    1.2024
    1.2366   0.99713
    3    1 1.6552800000000D+04 1.0655926460000D+13
   0.63965   0.82359   0.89074   0.95591    1.0215    1.0856    1.1468    1.2024
    1.2366   0.99713
    9    0 1.6552800000000D+04 2.9170000000000D+02
   10    0 1.6552800000000D+04 1.5800000000000D+01
*---+----+-------------------+-------------------+---------+---------------------
*   1: printout of the result at time [hours]
*---+----+-------------------+-------------------+---------+---------------------
    1    0 2.1808800000000D+04
*---+----+-------------------+-------------------+---------+---------------------
    2    1 2.1808800000000D+04 1.8868100000000D+01
   0.90051    1.0652    1.0601    1.0491    1.0385    1.0294    1.0226    1.0181
    1.0015   0.81508
    3    1 2.1808800000000D+04 1.0960479290000D+13
   0.90051    1.0652    1.0601    1.0491    1.0385    1.0294    1.0226    1.0181
    1.0015   0.81508
    9    0 2.1808800000000D+04 2.9170000000000D+02
   10    0 2.1808800000000D+04 1.5800000000000D+01
*---+----+-------------------+-------------------+---------+---------------------
*   1: printout of the result at time [hours]
*---+----+-------------------+-------------------+---------+---------------------
    1    0 2.3690400000000D+04
*---+----+-------------------+-------------------+---------+---------------------
    2    1 2.3690400000000D+04 1.8679700000000D+01
     0.902     1.028    1.0139    1.0055    1.0052    1.0101     1.021    1.0412
     1.075   0.89809
    3    1 2.3690400000000D+04 1.0865981490000D+13
     0.902     1.028    1.0139    1.0055    1.0052    1.0101     1.021    1.0412
     1.075   0.89809
    9    0 2.3690400000000D+04 2.9170000000000D+02
   10    0 2.3690400000000D+04 1.5800000000000D+01
*---+----+-------------------+-------------------+---------+---------------------
*   1: printout of the result at time [hours]
*---+----+-------------------+-------------------+---------+---------------------
    1    0 2.4426200000000D+04
*---+----+-------------------+-------------------+---------+---------------------
    2    1 2.4426200000000D+04 1.7163600000000D+01
    0.7943   0.90243   0.90878    0.9329   0.96996    1.0146    1.0673    1.1334
    1.2086    1.0678
    3    1 2.4426200000000D+04 9.7008667200000D+12
    0.7943   0.90243   0.90878    0.9329   0.96996    1.0146    1.0673    1.1334
    1.2086    1.0678
    9    0 2.4426200000000D+04 2.8110000000000D+02
   10    0 2.4426200000000D+04 1.5800000000000D+01
*---+----+-------------------+-------------------+---------+---------------------
*   1: printout of the result at time [hours]
*---+----+-------------------+-------------------+---------+---------------------
    1    0 2.4428200000000D+04
*---+----+-------------------+-------------------+---------+---------------------
    2    1 2.4428200000000D+04 1.4823000000000D+01
   0.48695   0.68171   0.81144    0.9409    1.0651    1.1751    1.2612    1.3185
    1.2845   0.97457
    3    1 2.4428200000000D+04 9.3696183000000D+12
   0.48695   0.68171   0.81144    0.9409    1.0651    1.1751    1.2612    1.3185
    1.2845   0.97457
    9    0 2.4428200000000D+04 2.9170000000000D+02
   10    0 2.4428200000000D+04 1.5800000000000D+01
*---+----+-------------------+-------------------+---------+---------------------
*   1: printout of the result at time [hours]
*---+----+-------------------+-------------------+---------+---------------------
    1    0 2.4571200000000D+04
*---+----+-------------------+-------------------+---------+---------------------
    2    1 2.4571200000000D+04 1.4936000000000D+01
   0.68686   0.88906   0.96472     1.022     1.069    1.1072    1.1352    1.1549
    1.1157   0.85538
    3    1 2.4571200000000D+04 9.3992248000000D+12
   0.68686   0.88906   0.96472     1.022     1.069    1.1072    1.1352    1.1549
    1.1157   0.85538
    9    0 2.4571200000000D+04 2.9170000000000D+02
   10    0 2.4571200000000D+04 1.5800000000000D+01
*---+----+-------------------+-------------------+---------+---------------------
*   1: printout of the result at time [hours]
*---+----+-------------------+-------------------+---------+---------------------
    1    0 2.8027200000000D+04
*---+----+-------------------+-------------------+---------+---------------------
    2    1 2.8027200000000D+04 1.5511400000000D+01
   0.87748    1.0456    1.0534    1.0471    1.0408     1.037    1.0365    1.0372
    1.0161   0.80889
    3    1 2.8027200000000D+04 9.7070341200000D+12
   0.87748    1.0456    1.0534    1.0471    1.0408     1.037    1.0365    1.0372
    1.0161   0.80889
    9    0 2.8027200000000D+04 2.9170000000000D+02
   10    0 2.8027200000000D+04 1.5800000000000D+01
*---+----+-------------------+-------------------+---------+---------------------
*   1: printout of the result at time [hours]
*---+----+-------------------+-------------------+---------+---------------------
    1    0 3.0187200000000D+04
*---+----+-------------------+-------------------+---------+---------------------
    2    1 3.0187200000000D+04 1.5813000000000D+01
   0.91867    1.0808    1.0739    1.0581     1.043    1.0297    1.0186    1.0092
   0.98097   0.78701
    3    1 3.0187200000000D+04 9.8878689000000D+12
   0.91867    1.0808    1.0739    1.0581     1.043    1.0297    1.0186    1.0092
   0.98097   0.78701
    9    0 3.0187200000000D+04 2.9170000000000D+02
   10    0 3.0187200000000D+04 1.5800000000000D+01
*---+----+-------------------+-------------------+---------+---------------------
*   1: printout of the result at time [hours]
*---+----+-------------------+-------------------+---------+---------------------
    1    0 3.1490400000000D+04
*---+----+-------------------+-------------------+---------+---------------------
    2    1 3.1490400000000D+04 1.5932000000000D+01
   0.89869     1.026    1.0164    1.0112    1.0142     1.021    1.0309    1.0466
    1.0598   0.87516
    3    1 3.1490400000000D+04 9.9240428000000D+12
   0.89869     1.026    1.0164    1.0112    1.0142     1.021    1.0309    1.0466
    1.0598   0.87516
    9    0 3.1490400000000D+04 2.9170000000000D+02
   10    0 3.1490400000000D+04 1.5800000000000D+01
*---+----+-------------------+-------------------+---------+---------------------
*   1: printout of the result at time [hours]
*---+----+-------------------+-------------------+---------+---------------------
    1    0 3.1911800000000D+04
*---+----+-------------------+-------------------+---------+---------------------
    2    1 3.1911800000000D+04 1.4997700000000D+01
   0.80452   0.92107   0.93061   0.95368   0.98848    1.0286    1.0728    1.1242
    1.1838   0.99229
    3    1 3.1911800000000D+04 9.1905905600000D+12
   0.80452   0.92107   0.93061   0.95368   0.98848    1.0286    1.0728    1.1242
    1.1838   0.99229
    9    0 3.1911800000000D+04 2.8640000000000D+02
   10    0 3.1911800000000D+04 1.5800000000000D+01
*---+----+-------------------+-------------------+---------+---------------------
*   1: printout of the result at time [hours]
*---+----+-------------------+-------------------+---------+---------------------
    1    0 3.1913800000000D+04
*---+----+-------------------+-------------------+---------+---------------------
    2    1 3.1913800000000D+04 1.4071000000000D+00
   0.48682   0.70144   0.84571   0.97577    1.0923    1.1897    1.2572    1.2856
    1.2224   0.94307
    3    1 3.1913800000000D+04 9.1728849000000D+11
   0.48682   0.70144   0.84571   0.97577    1.0923    1.1897    1.2572    1.2856
    1.2224   0.94307
    9    0 3.1913800000000D+04 2.9170000000000D+02
   10    0 3.1913800000000D+04 1.5800000000000D+01
*---+----+-------------------+-------------------+---------+---------------------
*   1: printout of the result at time [hours]
*---+----+-------------------+-------------------+---------+---------------------
    1    0 3.2056800000000D+04
*---+----+-------------------+-------------------+---------+---------------------
    2    1 3.2056800000000D+04 1.5367000000000D+00
   0.67547   0.89738   0.98783    1.0444    1.0854    1.1154    1.1369    1.1271
    1.0789   0.85117
    3    1 3.2056800000000D+04 9.4722188000000D+11
   0.67547   0.89738   0.98783    1.0444    1.0854    1.1154    1.1369    1.1271
    1.0789   0.85117
    9    0 3.2056800000000D+04 2.9170000000000D+02
   10    0 3.2056800000000D+04 1.5800000000000D+01
*---+----+-------------------+-------------------+---------+---------------------
*   1: printout of the result at time [hours]
*---+----+-------------------+-------------------+---------+---------------------
    1    0 3.5512800000000D+04
*---+----+-------------------+-------------------+---------+---------------------
    2    1 3.5512800000000D+04 1.9669000000000D+00
   0.83278      1.03    1.0636    1.0539    1.0489    1.0448    1.0433    1.0397
    1.0133   0.82973
    3    1 3.5512800000000D+04 1.0888758400000D+12
   0.83278      1.03    1.0636    1.0539    1.0489    1.0448    1.0433    1.0397
    1.0133   0.82973
    9    0 3.5512800000000D+04 2.9170000000000D+02
   10    0 3.5512800000000D+04 1.5800000000000D+01
*---+----+-------------------+-------------------+---------+---------------------
*   1: printout of the result at time [hours]
*---+----+-------------------+-------------------+---------+---------------------
    1    0 3.7312800000000D+04
*---+----+-------------------+-------------------+---------+---------------------
    2    1 3.7312800000000D+04 2.2536000000000D+00
   0.86351    1.0588    1.0836     1.065    1.0503    1.0379    1.0272    1.0166
   0.98553   0.81159
    3    1 3.7312800000000D+04 1.1793088800000D+12
   0.86351    1.0588    1.0836     1.065    1.0503    1.0379    1.0272    1.0166
   0.98553   0.81159
    9    0 3.7312800000000D+04 2.9170000000000D+02
   10    0 3.7312800000000D+04 1.5800000000000D+01
*---+----+-------------------+-------------------+---------+---------------------
*   1: printout of the result at time [hours]
*---+----+-------------------+-------------------+---------+---------------------
    1    0 3.9067200000000D+04
*---+----+-------------------+-------------------+---------+---------------------
    2    1 3.9067200000000D+04 2.6209000000000D+00
   0.83521   0.99088   0.99546   0.99699    1.0084    1.0264    1.0489    1.0763
    1.0935   0.92793
    3    1 3.9067200000000D+04 1.2690397800000D+12
   0.83521   0.99088   0.99546   0.99699    1.0084    1.0264    1.0489    1.0763
    1.0935   0.92793
    9    0 3.9067200000000D+04 2.9170000000000D+02
   10    0 3.9067200000000D+04 1.5800000000000D+01
*---+----+-------------------+-------------------+---------+---------------------
*   1: printout of the result at time [hours]
*---+----+-------------------+-------------------+---------+---------------------
    1    0 4.0010400000000D+04
*---+----+-------------------+-------------------+---------+---------------------
    2    1 4.0010400000000D+04 2.2537000000000D+00
   0.71349    0.8435   0.86746   0.90562   0.95931    1.0241    1.0991    1.1874
    1.2695    1.1306
    3    1 4.0010400000000D+04 1.0684791700000D+12
   0.71349    0.8435   0.86746   0.90562   0.95931    1.0241    1.0991    1.1874
    1.2695    1.1306
    9    0 4.0010400000000D+04 2.8120000000000D+02
   10    0 4.0010400000000D+04 1.5800000000000D+01
* data point #5630 end
*  00:  last line of data set (finishing the program)
*---+----+-------------------+-------------------+---------+---------------------
00000    0 4.0010400000000D+04
*---+----+-------------------+-------------------+---------+---------------------
