* data point #641 begin
*
*---+----+-------------------+-------------------+---------+---------------------
*   1: printout of the result at time [hours]
*---+----+-------------------+-------------------+---------+---------------------
    1    0 0.0000000000000D+00
*---+----+-------------------+-------------------+---------+---------------------
    2    1 0.0000000000000D+00 1.8504700000000D+01
   0.56894   0.83611   0.99596    1.1133    1.1975     1.245    1.2427    1.1795
    1.0107   0.61017
    3    1 0.0000000000000D+00 8.8211904900000D+12
   0.56894   0.83611   0.99596    1.1133    1.1975     1.245    1.2427    1.1795
    1.0107   0.61017
    9    0 0.0000000000000D+00 2.9170000000000D+02
   10    0 0.0000000000000D+00 1.5800000000000D+01
*---+----+-------------------+-------------------+---------+---------------------
*   1: printout of the result at time [hours]
*---+----+-------------------+-------------------+---------+---------------------
    1    0 1.4400000000000D+02
*---+----+-------------------+-------------------+---------+---------------------
    2    1 1.4400000000000D+02 1.8975000000000D+01
   0.73017   0.99083    1.0898     1.136     1.157    1.1577    1.1355    1.0776
   0.93945   0.58598
    3    1 1.4400000000000D+02 9.0586650000000D+12
   0.73017   0.99083    1.0898     1.136     1.157    1.1577    1.1355    1.0776
   0.93945   0.58598
    9    0 1.4400000000000D+02 2.9170000000000D+02
   10    0 1.4400000000000D+02 1.5800000000000D+01
*---+----+-------------------+-------------------+---------+---------------------
*   1: printout of the result at time [hours]
*---+----+-------------------+-------------------+---------+---------------------
    1    0 3.6000000000000D+03
*---+----+-------------------+-------------------+---------+---------------------
    2    1 3.6000000000000D+03 1.9846400000000D+01
   0.85774    1.0931     1.109    1.0933    1.0776    1.0648    1.0542    1.0378
   0.97045   0.64193
    3    1 3.6000000000000D+03 9.4290246400000D+12
   0.85774    1.0931     1.109    1.0933    1.0776    1.0648    1.0542    1.0378
   0.97045   0.64193
    9    0 3.6000000000000D+03 2.9170000000000D+02
   10    0 3.6000000000000D+03 1.5800000000000D+01
*---+----+-------------------+-------------------+---------+---------------------
*   1: printout of the result at time [hours]
*---+----+-------------------+-------------------+---------+---------------------
    1    0 5.7600000000000D+03
*---+----+-------------------+-------------------+---------+---------------------
    2    1 5.7600000000000D+03 2.0482200000000D+01
   0.88203    1.1405     1.128    1.0956    1.0682    1.0465    1.0299    1.0144
   0.95878   0.63602
    3    1 5.7600000000000D+03 9.7290450000000D+12
   0.88203    1.1405     1.128    1.0956    1.0682    1.0465    1.0299    1.0144
   0.95878   0.63602
    9    0 5.7600000000000D+03 2.9170000000000D+02
   10    0 5.7600000000000D+03 1.5800000000000D+01
*---+----+-------------------+-------------------+---------+---------------------
*   1: printout of the result at time [hours]
*---+----+-------------------+-------------------+---------+---------------------
    1    0 6.9888000000000D+03
*---+----+-------------------+-------------------+---------+---------------------
    2    1 6.9888000000000D+03 2.0782800000000D+01
    0.8763    1.1171     1.088    1.0585    1.0398    1.0293    1.0277    1.0376
    1.0278   0.69793
    3    1 6.9888000000000D+03 9.8614386000000D+12
    0.8763    1.1171     1.088    1.0585    1.0398    1.0293    1.0277    1.0376
    1.0278   0.69793
    9    0 6.9888000000000D+03 2.9170000000000D+02
   10    0 6.9888000000000D+03 1.5800000000000D+01
*---+----+-------------------+-------------------+---------+---------------------
*   1: printout of the result at time [hours]
*---+----+-------------------+-------------------+---------+---------------------
    1    0 8.4830000000000D+03
*---+----+-------------------+-------------------+---------+---------------------
    2    1 8.4830000000000D+03 1.7724900000000D+01
   0.72508   0.90962   0.91679   0.94218   0.98404    1.0359    1.0996    1.1842
    1.2806   0.92187
    3    1 8.4830000000000D+03 8.0329246800000D+12
   0.72508   0.90962   0.91679   0.94218   0.98404    1.0359    1.0996    1.1842
    1.2806   0.92187
    9    0 8.4830000000000D+03 2.7520000000000D+02
   10    0 8.4830000000000D+03 1.5800000000000D+01
*---+----+-------------------+-------------------+---------+---------------------
*   1: printout of the result at time [hours]
*---+----+-------------------+-------------------+---------+---------------------
    1    0 8.4850000000000D+03
*---+----+-------------------+-------------------+---------+---------------------
    2    1 8.4850000000000D+03 2.5324900000000D+01
   0.68158   0.99171    1.0855    1.1334    1.1582    1.1591    1.1353     1.084
   0.97544   0.59578
    3    1 8.4850000000000D+03 1.2859984220000D+13
   0.68158   0.99171    1.0855    1.1334    1.1582    1.1591    1.1353     1.084
   0.97544   0.59578
    9    0 8.4850000000000D+03 2.9170000000000D+02
   10    0 8.4850000000000D+03 1.5800000000000D+01
*---+----+-------------------+-------------------+---------+---------------------
*   1: printout of the result at time [hours]
*---+----+-------------------+-------------------+---------+---------------------
    1    0 8.6280000000000D+03
*---+----+-------------------+-------------------+---------+---------------------
    2    1 8.6280000000000D+03 2.4720300000000D+01
   0.79914     1.098    1.1471    1.1385    1.1237    1.0989    1.0649    1.0185
   0.92891    0.5824
    3    1 8.6280000000000D+03 1.2518359920000D+13
   0.79914     1.098    1.1471    1.1385    1.1237    1.0989    1.0649    1.0185
   0.92891    0.5824
    9    0 8.6280000000000D+03 2.9170000000000D+02
   10    0 8.6280000000000D+03 1.5800000000000D+01
*---+----+-------------------+-------------------+---------+---------------------
*   1: printout of the result at time [hours]
*---+----+-------------------+-------------------+---------+---------------------
    1    0 9.9240000000000D+03
*---+----+-------------------+-------------------+---------+---------------------
    2    1 9.9240000000000D+03 2.4346600000000D+01
   0.83683    1.0979    1.1218    1.1039    1.0902    1.0745    1.0557    1.0295
   0.96375   0.62596
    3    1 9.9240000000000D+03 1.2411896680000D+13
   0.83683    1.0979    1.1218    1.1039    1.0902    1.0745    1.0557    1.0295
   0.96375   0.62596
    9    0 9.9240000000000D+03 2.9170000000000D+02
   10    0 9.9240000000000D+03 1.5800000000000D+01
*---+----+-------------------+-------------------+---------+---------------------
*   1: printout of the result at time [hours]
*---+----+-------------------+-------------------+---------+---------------------
    1    0 1.1529600000000D+04
*---+----+-------------------+-------------------+---------+---------------------
    2    1 1.1529600000000D+04 2.3761500000000D+01
   0.85735     1.078    1.0735    1.0585    1.0486    1.0429     1.042    1.0468
    1.0339   0.71843
    3    1 1.1529600000000D+04 1.2170640300000D+13
   0.85735     1.078    1.0735    1.0585    1.0486    1.0429     1.042    1.0468
    1.0339   0.71843
    9    0 1.1529600000000D+04 2.9170000000000D+02
   10    0 1.1529600000000D+04 1.5800000000000D+01
*---+----+-------------------+-------------------+---------+---------------------
*   1: printout of the result at time [hours]
*---+----+-------------------+-------------------+---------+---------------------
    1    0 1.3384800000000D+04
*---+----+-------------------+-------------------+---------+---------------------
    2    1 1.3384800000000D+04 1.8879500000000D+01
   0.69303   0.85887   0.88657    0.9254   0.97916    1.0426    1.1166    1.2065
    1.3064   0.98488
    3    1 1.3384800000000D+04 9.2396273000000D+12
   0.69303   0.85887   0.88657    0.9254   0.97916    1.0426    1.1166    1.2065
    1.3064   0.98488
    9    0 1.3384800000000D+04 2.7330000000000D+02
   10    0 1.3384800000000D+04 1.5800000000000D+01
*---+----+-------------------+-------------------+---------+---------------------
*   1: printout of the result at time [hours]
*---+----+-------------------+-------------------+---------+---------------------
    1    0 1.3388600000000D+04
*---+----+-------------------+-------------------+---------+---------------------
    2    1 1.3388600000000D+04 1.1659400000000D+01
   0.53922   0.69532   0.75527   0.83358   0.93375    1.0517     1.188    1.3457
    1.4964    1.1611
    3    1 1.3388600000000D+04 5.7049444200000D+12
   0.53922   0.69532   0.75527   0.83358   0.93375    1.0517     1.188    1.3457
    1.4964    1.1611
    9    0 1.3388600000000D+04 2.8340000000000D+02
   10    0 1.3388600000000D+04 1.5800000000000D+01
*---+----+-------------------+-------------------+---------+---------------------
*   1: printout of the result at time [hours]
*---+----+-------------------+-------------------+---------+---------------------
    1    0 1.3390600000000D+04
*---+----+-------------------+-------------------+---------+---------------------
    2    1 1.3390600000000D+04 2.5354000000000D+01
   0.78307    1.0419    1.1139    1.1464    1.1506    1.1266    1.0837     1.023
   0.92695   0.60369
    3    1 1.3390600000000D+04 1.3883850400000D+13
   0.78307    1.0419    1.1139    1.1464    1.1506    1.1266    1.0837     1.023
   0.92695   0.60369
    9    0 1.3390600000000D+04 2.9170000000000D+02
   10    0 1.3390600000000D+04 1.5800000000000D+01
*---+----+-------------------+-------------------+---------+---------------------
*   1: printout of the result at time [hours]
*---+----+-------------------+-------------------+---------+---------------------
    1    0 1.3533600000000D+04
*---+----+-------------------+-------------------+---------+---------------------
    2    1 1.3533600000000D+04 2.5164400000000D+01
   0.88705    1.1231    1.1537    1.1383    1.1132    1.0765    1.0321   0.97984
   0.89889   0.59731
    3    1 1.3533600000000D+04 1.3772476120000D+13
   0.88705    1.1231    1.1537    1.1383    1.1132    1.0765    1.0321   0.97984
   0.89889   0.59731
    9    0 1.3533600000000D+04 2.9170000000000D+02
   10    0 1.3533600000000D+04 1.5800000000000D+01
*---+----+-------------------+-------------------+---------+---------------------
*   1: printout of the result at time [hours]
*---+----+-------------------+-------------------+---------+---------------------
    1    0 1.4949600000000D+04
*---+----+-------------------+-------------------+---------+---------------------
    2    1 1.4949600000000D+04 2.4493600000000D+01
   0.89019    1.0769    1.0824    1.0762    1.0672    1.0554    1.0417    1.0262
   0.99034   0.69345
    3    1 1.4949600000000D+04 1.3471480000000D+13
   0.89019    1.0769    1.0824    1.0762    1.0672    1.0554    1.0417    1.0262
   0.99034   0.69345
    9    0 1.4949600000000D+04 2.9170000000000D+02
   10    0 1.4949600000000D+04 1.5800000000000D+01
*---+----+-------------------+-------------------+---------+---------------------
*   1: printout of the result at time [hours]
*---+----+-------------------+-------------------+---------+---------------------
    1    0 1.5775200000000D+04
*---+----+-------------------+-------------------+---------+---------------------
    2    1 1.5775200000000D+04 2.4123300000000D+01
   0.90622    1.0724    1.0635    1.0536    1.0454    1.0378    1.0321    1.0302
    1.0192   0.73949
    3    1 1.5775200000000D+04 1.3275051990000D+13
   0.90622    1.0724    1.0635    1.0536    1.0454    1.0378    1.0321    1.0302
    1.0192   0.73949
    9    0 1.5775200000000D+04 2.9170000000000D+02
   10    0 1.5775200000000D+04 1.5800000000000D+01
*---+----+-------------------+-------------------+---------+---------------------
*   1: printout of the result at time [hours]
*---+----+-------------------+-------------------+---------+---------------------
    1    0 1.6412600000000D+04
*---+----+-------------------+-------------------+---------+---------------------
    2    1 1.6412600000000D+04 2.3005600000000D+01
   0.80772   0.95064    0.9649   0.98719    1.0161    1.0474    1.0807    1.1188
    1.1592   0.86735
    3    1 1.6412600000000D+04 1.2400018400000D+13
   0.80772   0.95064    0.9649   0.98719    1.0161    1.0474    1.0807    1.1188
    1.1592   0.86735
    9    0 1.6412600000000D+04 2.8320000000000D+02
   10    0 1.6412600000000D+04 1.5800000000000D+01
*---+----+-------------------+-------------------+---------+---------------------
*   1: printout of the result at time [hours]
*---+----+-------------------+-------------------+---------+---------------------
    1    0 1.6414600000000D+04
*---+----+-------------------+-------------------+---------+---------------------
    2    1 1.6414600000000D+04 1.8158500000000D+01
    0.4431    0.6158   0.73216   0.86158   0.99898    1.1351    1.2608    1.3652
    1.4319    1.1553
    3    1 1.6414600000000D+04 1.0662671200000D+13
    0.4431    0.6158   0.73216   0.86158   0.99898    1.1351    1.2608    1.3652
    1.4319    1.1553
    9    0 1.6414600000000D+04 2.9170000000000D+02
   10    0 1.6414600000000D+04 1.5800000000000D+01
*---+----+-------------------+-------------------+---------+---------------------
*   1: printout of the result at time [hours]
*---+----+-------------------+-------------------+---------+---------------------
    1    0 1.6557600000000D+04
*---+----+-------------------+-------------------+---------+---------------------
    2    1 1.6557600000000D+04 1.8377600000000D+01
   0.64638   0.83275   0.90175   0.96509    1.0272    1.0869    1.1427    1.1915
    1.2188   0.98691
    3    1 1.6557600000000D+04 1.0785813440000D+13
   0.64638   0.83275   0.90175   0.96509    1.0272    1.0869    1.1427    1.1915
    1.2188   0.98691
    9    0 1.6557600000000D+04 2.9170000000000D+02
   10    0 1.6557600000000D+04 1.5800000000000D+01
*---+----+-------------------+-------------------+---------+---------------------
*   1: printout of the result at time [hours]
*---+----+-------------------+-------------------+---------+---------------------
    1    0 2.1813600000000D+04
*---+----+-------------------+-------------------+---------+---------------------
    2    1 2.1813600000000D+04 1.8818100000000D+01
   0.89786    1.0594    1.0597    1.0487    1.0383    1.0294    1.0231    1.0189
    1.0034   0.82123
    3    1 2.1813600000000D+04 1.1249460180000D+13
   0.89786    1.0594    1.0597    1.0487    1.0383    1.0294    1.0231    1.0189
    1.0034   0.82123
    9    0 2.1813600000000D+04 2.9170000000000D+02
   10    0 2.1813600000000D+04 1.5800000000000D+01
*---+----+-------------------+-------------------+---------+---------------------
*   1: printout of the result at time [hours]
*---+----+-------------------+-------------------+---------+---------------------
    1    0 2.3695200000000D+04
*---+----+-------------------+-------------------+---------+---------------------
    2    1 2.3695200000000D+04 1.8691600000000D+01
   0.89837    1.0245    1.0116    1.0035    1.0038    1.0096    1.0215     1.043
    1.0767   0.90752
    3    1 2.3695200000000D+04 1.1186922600000D+13
   0.89837    1.0245    1.0116    1.0035    1.0038    1.0096    1.0215     1.043
    1.0767   0.90752
    9    0 2.3695200000000D+04 2.9170000000000D+02
   10    0 2.3695200000000D+04 1.5800000000000D+01
*---+----+-------------------+-------------------+---------+---------------------
*   1: printout of the result at time [hours]
*---+----+-------------------+-------------------+---------+---------------------
    1    0 2.4431000000000D+04
*---+----+-------------------+-------------------+---------+---------------------
    2    1 2.4431000000000D+04 1.7227600000000D+01
   0.79164   0.89943   0.90634   0.93043   0.96781     1.013    1.0665    1.1341
    1.2126    1.0781
    3    1 2.4431000000000D+04 1.0014403880000D+13
   0.79164   0.89943   0.90634   0.93043   0.96781     1.013    1.0665    1.1341
    1.2126    1.0781
    9    0 2.4431000000000D+04 2.8110000000000D+02
   10    0 2.4431000000000D+04 1.5800000000000D+01
*---+----+-------------------+-------------------+---------+---------------------
*   1: printout of the result at time [hours]
*---+----+-------------------+-------------------+---------+---------------------
    1    0 2.4433000000000D+04
*---+----+-------------------+-------------------+---------+---------------------
    2    1 2.4433000000000D+04 1.0629100000000D+01
   0.53372     0.728   0.86423   0.98625     1.093    1.1787    1.2333    1.2427
    1.1914   0.94872
    3    1 2.4433000000000D+04 6.5209528500000D+12
   0.53372     0.728   0.86423   0.98625     1.093    1.1787    1.2333    1.2427
    1.1914   0.94872
    9    0 2.4433000000000D+04 2.9170000000000D+02
   10    0 2.4433000000000D+04 1.5800000000000D+01
*---+----+-------------------+-------------------+---------+---------------------
*   1: printout of the result at time [hours]
*---+----+-------------------+-------------------+---------+---------------------
    1    0 2.4576000000000D+04
*---+----+-------------------+-------------------+---------+---------------------
    2    1 2.4576000000000D+04 1.0589700000000D+01
   0.73043   0.92023   0.99852     1.047    1.0795    1.1007    1.1186    1.0967
    1.0525   0.85574
    3    1 2.4576000000000D+04 6.4290068700000D+12
   0.73043   0.92023   0.99852     1.047    1.0795    1.1007    1.1186    1.0967
    1.0525   0.85574
    9    0 2.4576000000000D+04 2.9170000000000D+02
   10    0 2.4576000000000D+04 1.5800000000000D+01
*---+----+-------------------+-------------------+---------+---------------------
*   1: printout of the result at time [hours]
*---+----+-------------------+-------------------+---------+---------------------
    1    0 2.8032000000000D+04
*---+----+-------------------+-------------------+---------+---------------------
    2    1 2.8032000000000D+04 1.1473800000000D+01
    0.8712    1.0514    1.0801    1.0655    1.0526     1.041     1.031    1.0174
   0.98267   0.80714
    3    1 2.8032000000000D+04 6.8900169000000D+12
    0.8712    1.0514    1.0801    1.0655    1.0526     1.041     1.031    1.0174
   0.98267   0.80714
    9    0 2.8032000000000D+04 2.9170000000000D+02
   10    0 2.8032000000000D+04 1.5800000000000D+01
*---+----+-------------------+-------------------+---------+---------------------
*   1: printout of the result at time [hours]
*---+----+-------------------+-------------------+---------+---------------------
    1    0 2.9832000000000D+04
*---+----+-------------------+-------------------+---------+---------------------
    2    1 2.9832000000000D+04 1.2038900000000D+01
    0.8897    1.0879    1.1121    1.0856    1.0614    1.0384    1.0171   0.99295
   0.94635   0.76859
    3    1 2.9832000000000D+04 7.2088933200000D+12
    0.8897    1.0879    1.1121    1.0856    1.0614    1.0384    1.0171   0.99295
   0.94635   0.76859
    9    0 2.9832000000000D+04 2.9170000000000D+02
   10    0 2.9832000000000D+04 1.5800000000000D+01
*---+----+-------------------+-------------------+---------+---------------------
*   1: printout of the result at time [hours]
*---+----+-------------------+-------------------+---------+---------------------
    1    0 3.1586400000000D+04
*---+----+-------------------+-------------------+---------+---------------------
    2    1 3.1586400000000D+04 1.2397500000000D+01
    0.8488    1.0086    1.0116    1.0107    1.0191     1.033    1.0505     1.069
    1.0649   0.88381
    3    1 3.1586400000000D+04 7.3839510000000D+12
    0.8488    1.0086    1.0116    1.0107    1.0191     1.033    1.0505     1.069
    1.0649   0.88381
    9    0 3.1586400000000D+04 2.9170000000000D+02
   10    0 3.1586400000000D+04 1.5800000000000D+01
*---+----+-------------------+-------------------+---------+---------------------
*   1: printout of the result at time [hours]
*---+----+-------------------+-------------------+---------+---------------------
    1    0 3.2529600000000D+04
*---+----+-------------------+-------------------+---------+---------------------
    2    1 3.2529600000000D+04 1.0914900000000D+01
   0.71792   0.85076   0.87532   0.91306   0.96675    1.0303    1.1033    1.1864
     1.268    1.0882
    3    1 3.2529600000000D+04 6.3295505100000D+12
   0.71792   0.85076   0.87532   0.91306   0.96675    1.0303    1.1033    1.1864
     1.268    1.0882
    9    0 3.2529600000000D+04 2.8120000000000D+02
   10    0 3.2529600000000D+04 1.5800000000000D+01
* data point #641 end
*  00:  last line of data set (finishing the program)
*---+----+-------------------+-------------------+---------+---------------------
00000    0 3.2529600000000D+04
*---+----+-------------------+-------------------+---------+---------------------
