* data point #649 begin
*
*---+----+-------------------+-------------------+---------+---------------------
*   1: printout of the result at time [hours]
*---+----+-------------------+-------------------+---------+---------------------
    1    0 0.0000000000000D+00
*---+----+-------------------+-------------------+---------+---------------------
    2    1 0.0000000000000D+00 2.5364300000000D+01
   0.51458   0.72389    0.8607   0.98359    1.0974    1.1953    1.2673    1.3028
    1.2283    0.8262
    3    1 0.0000000000000D+00 1.2207837590000D+13
   0.51458   0.72389    0.8607   0.98359    1.0974    1.1953    1.2673    1.3028
    1.2283    0.8262
    9    0 0.0000000000000D+00 2.9170000000000D+02
   10    0 0.0000000000000D+00 1.5800000000000D+01
*---+----+-------------------+-------------------+---------+---------------------
*   1: printout of the result at time [hours]
*---+----+-------------------+-------------------+---------+---------------------
    1    0 1.4400000000000D+02
*---+----+-------------------+-------------------+---------+---------------------
    2    1 1.4400000000000D+02 2.5012300000000D+01
   0.72612   0.94026    1.0177    1.0618     1.094    1.1177    1.1352    1.1257
    1.0592   0.72232
    3    1 1.4400000000000D+02 1.2103451970000D+13
   0.72612   0.94026    1.0177    1.0618     1.094    1.1177    1.1352    1.1257
    1.0592   0.72232
    9    0 1.4400000000000D+02 2.9170000000000D+02
   10    0 1.4400000000000D+02 1.5800000000000D+01
*---+----+-------------------+-------------------+---------+---------------------
*   1: printout of the result at time [hours]
*---+----+-------------------+-------------------+---------+---------------------
    1    0 5.4000000000000D+03
*---+----+-------------------+-------------------+---------+---------------------
    2    1 5.4000000000000D+03 2.4920500000000D+01
   0.88794    1.1521     1.156    1.1236    1.0891    1.0566    1.0261   0.99232
   0.91659   0.59959
    3    1 5.4000000000000D+03 1.2956167950000D+13
   0.88794    1.1521     1.156    1.1236    1.0891    1.0566    1.0261   0.99232
   0.91659   0.59959
    9    0 5.4000000000000D+03 2.9170000000000D+02
   10    0 5.4000000000000D+03 1.5800000000000D+01
*---+----+-------------------+-------------------+---------+---------------------
*   1: printout of the result at time [hours]
*---+----+-------------------+-------------------+---------+---------------------
    1    0 7.2816000000000D+03
*---+----+-------------------+-------------------+---------+---------------------
    2    1 7.2816000000000D+03 2.4564400000000D+01
   0.87578    1.1089    1.0896    1.0662    1.0509    1.0411    1.0363    1.0369
    1.0132   0.68107
    3    1 7.2816000000000D+03 1.2925787280000D+13
   0.87578    1.1089    1.0896    1.0662    1.0509    1.0411    1.0363    1.0369
    1.0132   0.68107
    9    0 7.2816000000000D+03 2.9170000000000D+02
   10    0 7.2816000000000D+03 1.5800000000000D+01
*---+----+-------------------+-------------------+---------+---------------------
*   1: printout of the result at time [hours]
*---+----+-------------------+-------------------+---------+---------------------
    1    0 8.0174000000000D+03
*---+----+-------------------+-------------------+---------+---------------------
    2    1 8.0174000000000D+03 2.3037200000000D+01
   0.77127    0.9713   0.97929   0.99339    1.0196    1.0523    1.0909    1.1378
    1.1677   0.81646
    3    1 8.0174000000000D+03 1.1781224080000D+13
   0.77127    0.9713   0.97929   0.99339    1.0196    1.0523    1.0909    1.1378
    1.1677   0.81646
    9    0 8.0174000000000D+03 2.8110000000000D+02
   10    0 8.0174000000000D+03 1.5800000000000D+01
*---+----+-------------------+-------------------+---------+---------------------
*   1: printout of the result at time [hours]
*---+----+-------------------+-------------------+---------+---------------------
    1    0 8.0194000000000D+03
*---+----+-------------------+-------------------+---------+---------------------
    2    1 8.0194000000000D+03 2.2345700000000D+01
   0.44863    0.7115   0.85949   0.99406    1.1174    1.2201    1.2909    1.3196
    1.2291   0.80915
    3    1 8.0194000000000D+03 1.2484542590000D+13
   0.44863    0.7115   0.85949   0.99406    1.1174    1.2201    1.2909    1.3196
    1.2291   0.80915
    9    0 8.0194000000000D+03 2.9170000000000D+02
   10    0 8.0194000000000D+03 1.5800000000000D+01
*---+----+-------------------+-------------------+---------+---------------------
*   1: printout of the result at time [hours]
*---+----+-------------------+-------------------+---------+---------------------
    1    0 8.1624000000000D+03
*---+----+-------------------+-------------------+---------+---------------------
    2    1 8.1624000000000D+03 2.2294700000000D+01
     0.638   0.93152    1.0234    1.0785    1.1174    1.1431    1.1579    1.1419
    1.0609   0.70748
    3    1 8.1624000000000D+03 1.2464966770000D+13
     0.638   0.93152    1.0234    1.0785    1.1174    1.1431    1.1579    1.1419
    1.0609   0.70748
    9    0 8.1624000000000D+03 2.9170000000000D+02
   10    0 8.1624000000000D+03 1.5800000000000D+01
*---+----+-------------------+-------------------+---------+---------------------
*   1: printout of the result at time [hours]
*---+----+-------------------+-------------------+---------+---------------------
    1    0 1.1618400000000D+04
*---+----+-------------------+-------------------+---------+---------------------
    2    1 1.1618400000000D+04 2.1006200000000D+01
   0.84518    1.0802    1.0851     1.072    1.0599    1.0504    1.0439    1.0381
    1.0007   0.72455
    3    1 1.1618400000000D+04 1.1786578820000D+13
   0.84518    1.0802    1.0851     1.072    1.0599    1.0504    1.0439    1.0381
    1.0007   0.72455
    9    0 1.1618400000000D+04 2.9170000000000D+02
   10    0 1.1618400000000D+04 1.5800000000000D+01
*---+----+-------------------+-------------------+---------+---------------------
*   1: printout of the result at time [hours]
*---+----+-------------------+-------------------+---------+---------------------
    1    0 1.3778400000000D+04
*---+----+-------------------+-------------------+---------+---------------------
    2    1 1.3778400000000D+04 2.0180200000000D+01
   0.89959    1.0946    1.0789    1.0608    1.0463    1.0342     1.025    1.0191
   0.99345   0.74801
    3    1 1.3778400000000D+04 1.1337236360000D+13
   0.89959    1.0946    1.0789    1.0608    1.0463    1.0342     1.025    1.0191
   0.99345   0.74801
    9    0 1.3778400000000D+04 2.9170000000000D+02
   10    0 1.3778400000000D+04 1.5800000000000D+01
*---+----+-------------------+-------------------+---------+---------------------
*   1: printout of the result at time [hours]
*---+----+-------------------+-------------------+---------+---------------------
    1    0 1.5081600000000D+04
*---+----+-------------------+-------------------+---------+---------------------
    2    1 1.5081600000000D+04 2.0021400000000D+01
   0.89429     1.051    1.0329    1.0215     1.019    1.0209    1.0271    1.0422
    1.0596   0.83141
    3    1 1.5081600000000D+04 1.1266041780000D+13
   0.89429     1.051    1.0329    1.0215     1.019    1.0209    1.0271    1.0422
    1.0596   0.83141
    9    0 1.5081600000000D+04 2.9170000000000D+02
   10    0 1.5081600000000D+04 1.5800000000000D+01
*---+----+-------------------+-------------------+---------+---------------------
*   1: printout of the result at time [hours]
*---+----+-------------------+-------------------+---------+---------------------
    1    0 1.5503000000000D+04
*---+----+-------------------+-------------------+---------+---------------------
    2    1 1.5503000000000D+04 1.8871000000000D+01
   0.80547    0.9487   0.95045   0.96725   0.99603    1.0301    1.0688    1.1172
    1.1738   0.94224
    3    1 1.5503000000000D+04 1.0437550100000D+13
   0.80547    0.9487   0.95045   0.96725   0.99603    1.0301    1.0688    1.1172
    1.1738   0.94224
    9    0 1.5503000000000D+04 2.8640000000000D+02
   10    0 1.5503000000000D+04 1.5800000000000D+01
*---+----+-------------------+-------------------+---------+---------------------
*   1: printout of the result at time [hours]
*---+----+-------------------+-------------------+---------+---------------------
    1    0 1.5505000000000D+04
*---+----+-------------------+-------------------+---------+---------------------
    2    1 1.5505000000000D+04 1.6750700000000D+01
   0.50362   0.72152   0.85614   0.98408    1.1015    1.1992    1.2665    1.2971
    1.2344   0.83585
    3    1 1.5505000000000D+04 1.0122448010000D+13
   0.50362   0.72152   0.85614   0.98408    1.1015    1.1992    1.2665    1.2971
    1.2344   0.83585
    9    0 1.5505000000000D+04 2.9170000000000D+02
   10    0 1.5505000000000D+04 1.5800000000000D+01
*---+----+-------------------+-------------------+---------+---------------------
*   1: printout of the result at time [hours]
*---+----+-------------------+-------------------+---------+---------------------
    1    0 1.5648000000000D+04
*---+----+-------------------+-------------------+---------+---------------------
    2    1 1.5648000000000D+04 1.6706300000000D+01
   0.69914   0.92642    1.0035    1.0563     1.096    1.1239    1.1423    1.1329
    1.0792    0.7402
    3    1 1.5648000000000D+04 1.0062204490000D+13
   0.69914   0.92642    1.0035    1.0563     1.096    1.1239    1.1423    1.1329
    1.0792    0.7402
    9    0 1.5648000000000D+04 2.9170000000000D+02
   10    0 1.5648000000000D+04 1.5800000000000D+01
*---+----+-------------------+-------------------+---------+---------------------
*   1: printout of the result at time [hours]
*---+----+-------------------+-------------------+---------+---------------------
    1    0 1.9104000000000D+04
*---+----+-------------------+-------------------+---------+---------------------
    2    1 1.9104000000000D+04 1.7144300000000D+01
   0.87329    1.0704    1.0871    1.0713    1.0601    1.0504    1.0424    1.0332
   0.99759   0.71411
    3    1 1.9104000000000D+04 1.0307153160000D+13
   0.87329    1.0704    1.0871    1.0713    1.0601    1.0504    1.0424    1.0332
   0.99759   0.71411
    9    0 1.9104000000000D+04 2.9170000000000D+02
   10    0 1.9104000000000D+04 1.5800000000000D+01
*---+----+-------------------+-------------------+---------+---------------------
*   1: printout of the result at time [hours]
*---+----+-------------------+-------------------+---------+---------------------
    1    0 2.0904000000000D+04
*---+----+-------------------+-------------------+---------+---------------------
    2    1 2.0904000000000D+04 1.7333600000000D+01
   0.90616    1.1004    1.1019    1.0829    1.0623    1.0433    1.0263    1.0092
    0.9687   0.69887
    3    1 2.0904000000000D+04 1.0438293920000D+13
   0.90616    1.1004    1.1019    1.0829    1.0623    1.0433    1.0263    1.0092
    0.9687   0.69887
    9    0 2.0904000000000D+04 2.9170000000000D+02
   10    0 2.0904000000000D+04 1.5800000000000D+01
*---+----+-------------------+-------------------+---------+---------------------
*   1: printout of the result at time [hours]
*---+----+-------------------+-------------------+---------+---------------------
    1    0 2.2658400000000D+04
*---+----+-------------------+-------------------+---------+---------------------
    2    1 2.2658400000000D+04 1.7424600000000D+01
   0.87882    1.0261    1.0169    1.0134    1.0201     1.032    1.0483    1.0695
     1.082   0.81287
    3    1 2.2658400000000D+04 1.0461729840000D+13
   0.87882    1.0261    1.0169    1.0134    1.0201     1.032    1.0483    1.0695
     1.082   0.81287
    9    0 2.2658400000000D+04 2.9170000000000D+02
   10    0 2.2658400000000D+04 1.5800000000000D+01
*---+----+-------------------+-------------------+---------+---------------------
*   1: printout of the result at time [hours]
*---+----+-------------------+-------------------+---------+---------------------
    1    0 2.3601600000000D+04
*---+----+-------------------+-------------------+---------+---------------------
    2    1 2.3601600000000D+04 1.5131000000000D+01
    0.7441   0.86597   0.88196   0.91845   0.97132    1.0339    1.1058     1.191
    1.2732    1.0143
    3    1 2.3601600000000D+04 8.8032158000000D+12
    0.7441   0.86597   0.88196   0.91845   0.97132    1.0339    1.1058     1.191
    1.2732    1.0143
    9    0 2.3601600000000D+04 2.8120000000000D+02
   10    0 2.3601600000000D+04 1.5800000000000D+01
* data point #649 end
*  00:  last line of data set (finishing the program)
*---+----+-------------------+-------------------+---------+---------------------
00000    0 2.3601600000000D+04
*---+----+-------------------+-------------------+---------+---------------------
