* data point #637 begin
*
*---+----+-------------------+-------------------+---------+---------------------
*   1: printout of the result at time [hours]
*---+----+-------------------+-------------------+---------+---------------------
    1    0 0.0000000000000D+00
*---+----+-------------------+-------------------+---------+---------------------
    2    1 0.0000000000000D+00 2.2665300000000D+01
    0.6322   0.99752    1.1026    1.1525    1.1792    1.1825    1.1605    1.1063
   0.96654   0.52013
    3    1 0.0000000000000D+00 9.9047361000000D+12
    0.6322   0.99752    1.1026    1.1525    1.1792    1.1825    1.1605    1.1063
   0.96654   0.52013
    9    0 0.0000000000000D+00 2.9170000000000D+02
   10    0 0.0000000000000D+00 1.5800000000000D+01
*---+----+-------------------+-------------------+---------+---------------------
*   1: printout of the result at time [hours]
*---+----+-------------------+-------------------+---------+---------------------
    1    0 1.4400000000000D+02
*---+----+-------------------+-------------------+---------+---------------------
    2    1 1.4400000000000D+02 2.2928800000000D+01
   0.76232    1.1229    1.1762    1.1623    1.1425    1.1143    1.0776    1.0259
   0.90894   0.50714
    3    1 1.4400000000000D+02 1.0054278800000D+13
   0.76232    1.1229    1.1762    1.1623    1.1425    1.1143    1.0776    1.0259
   0.90894   0.50714
    9    0 1.4400000000000D+02 2.9170000000000D+02
   10    0 1.4400000000000D+02 1.5800000000000D+01
*---+----+-------------------+-------------------+---------+---------------------
*   1: printout of the result at time [hours]
*---+----+-------------------+-------------------+---------+---------------------
    1    0 1.4400000000000D+03
*---+----+-------------------+-------------------+---------+---------------------
    2    1 1.4400000000000D+03 2.2892900000000D+01
   0.81112    1.1323    1.1478    1.1277    1.1069    1.0861    1.0634    1.0323
   0.94265   0.54973
    3    1 1.4400000000000D+03 1.0134686830000D+13
   0.81112    1.1323    1.1478    1.1277    1.1069    1.0861    1.0634    1.0323
   0.94265   0.54973
    9    0 1.4400000000000D+03 2.9170000000000D+02
   10    0 1.4400000000000D+03 1.5800000000000D+01
*---+----+-------------------+-------------------+---------+---------------------
*   1: printout of the result at time [hours]
*---+----+-------------------+-------------------+---------+---------------------
    1    0 3.0456000000000D+03
*---+----+-------------------+-------------------+---------+---------------------
    2    1 3.0456000000000D+03 2.2813500000000D+01
   0.84231    1.1114    1.0988    1.0737     1.056    1.0445    1.0402    1.0451
    1.0279   0.66009
    3    1 3.0456000000000D+03 1.0172539650000D+13
   0.84231    1.1114    1.0988    1.0737     1.056    1.0445    1.0402    1.0451
    1.0279   0.66009
    9    0 3.0456000000000D+03 2.9170000000000D+02
   10    0 3.0456000000000D+03 1.5800000000000D+01
*---+----+-------------------+-------------------+---------+---------------------
*   1: printout of the result at time [hours]
*---+----+-------------------+-------------------+---------+---------------------
    1    0 4.9008000000000D+03
*---+----+-------------------+-------------------+---------+---------------------
    2    1 4.9008000000000D+03 1.7743700000000D+01
   0.68915   0.89113   0.91306   0.94529   0.99292    1.0502    1.1183    1.2043
    1.2918   0.90381
    3    1 4.9008000000000D+03 7.6067241900000D+12
   0.68915   0.89113   0.91306   0.94529   0.99292    1.0502    1.1183    1.2043
    1.2918   0.90381
    9    0 4.9008000000000D+03 2.7330000000000D+02
   10    0 4.9008000000000D+03 1.5800000000000D+01
*---+----+-------------------+-------------------+---------+---------------------
*   1: printout of the result at time [hours]
*---+----+-------------------+-------------------+---------+---------------------
    1    0 4.9046000000000D+03
*---+----+-------------------+-------------------+---------+---------------------
    2    1 4.9046000000000D+03 1.0653400000000D+01
   0.53795   0.72315   0.77975   0.85391   0.94965    1.0624    1.1928    1.3455
    1.4941    1.0609
    3    1 4.9046000000000D+03 4.5735046200000D+12
   0.53795   0.72315   0.77975   0.85391   0.94965    1.0624    1.1928    1.3455
    1.4941    1.0609
    9    0 4.9046000000000D+03 2.8340000000000D+02
   10    0 4.9046000000000D+03 1.5800000000000D+01
*---+----+-------------------+-------------------+---------+---------------------
*   1: printout of the result at time [hours]
*---+----+-------------------+-------------------+---------+---------------------
    1    0 4.9066000000000D+03
*---+----+-------------------+-------------------+---------+---------------------
    2    1 4.9066000000000D+03 2.3957200000000D+01
   0.75885    1.1138    1.1948    1.2112    1.1848    1.1373    1.0712   0.98609
   0.85244   0.48954
    3    1 4.9066000000000D+03 1.2596695760000D+13
   0.75885    1.1138    1.1948    1.2112    1.1848    1.1373    1.0712   0.98609
   0.85244   0.48954
    9    0 4.9066000000000D+03 2.9170000000000D+02
   10    0 4.9066000000000D+03 1.5800000000000D+01
*---+----+-------------------+-------------------+---------+---------------------
*   1: printout of the result at time [hours]
*---+----+-------------------+-------------------+---------+---------------------
    1    0 5.0496000000000D+03
*---+----+-------------------+-------------------+---------+---------------------
    2    1 5.0496000000000D+03 2.3951900000000D+01
   0.86194    1.1935    1.2279    1.1916     1.143     1.085    1.0212   0.94828
   0.83421   0.49349
    3    1 5.0496000000000D+03 1.2634627250000D+13
   0.86194    1.1935    1.2279    1.1916     1.143     1.085    1.0212   0.94828
   0.83421   0.49349
    9    0 5.0496000000000D+03 2.9170000000000D+02
   10    0 5.0496000000000D+03 1.5800000000000D+01
*---+----+-------------------+-------------------+---------+---------------------
*   1: printout of the result at time [hours]
*---+----+-------------------+-------------------+---------+---------------------
    1    0 6.4656000000000D+03
*---+----+-------------------+-------------------+---------+---------------------
    2    1 6.4656000000000D+03 2.3486500000000D+01
   0.86663    1.1393    1.1467    1.1238    1.0965    1.0674    1.0372    1.0028
   0.93339   0.58621
    3    1 6.4656000000000D+03 1.2419661200000D+13
   0.86663    1.1393    1.1467    1.1238    1.0965    1.0674    1.0372    1.0028
   0.93339   0.58621
    9    0 6.4656000000000D+03 2.9170000000000D+02
   10    0 6.4656000000000D+03 1.5800000000000D+01
*---+----+-------------------+-------------------+---------+---------------------
*   1: printout of the result at time [hours]
*---+----+-------------------+-------------------+---------+---------------------
    1    0 7.2912000000000D+03
*---+----+-------------------+-------------------+---------+---------------------
    2    1 7.2912000000000D+03 2.3363200000000D+01
   0.88336    1.1329    1.1242    1.0986    1.0736    1.0502    1.0292    1.0098
   0.96643   0.63185
    3    1 7.2912000000000D+03 1.2345114880000D+13
   0.88336    1.1329    1.1242    1.0986    1.0736    1.0502    1.0292    1.0098
   0.96643   0.63185
    9    0 7.2912000000000D+03 2.9170000000000D+02
   10    0 7.2912000000000D+03 1.5800000000000D+01
*---+----+-------------------+-------------------+---------+---------------------
*   1: printout of the result at time [hours]
*---+----+-------------------+-------------------+---------+---------------------
    1    0 7.9286000000000D+03
*---+----+-------------------+-------------------+---------+---------------------
    2    1 7.9286000000000D+03 2.2509200000000D+01
   0.79065    1.0091    1.0257    1.0357    1.0503    1.0667     1.084    1.1022
    1.0941   0.74161
    3    1 7.9286000000000D+03 1.1628252720000D+13
   0.79065    1.0091    1.0257    1.0357    1.0503    1.0667     1.084    1.1022
    1.0941   0.74161
    9    0 7.9286000000000D+03 2.8320000000000D+02
   10    0 7.9286000000000D+03 1.5800000000000D+01
*---+----+-------------------+-------------------+---------+---------------------
*   1: printout of the result at time [hours]
*---+----+-------------------+-------------------+---------+---------------------
    1    0 7.9306000000000D+03
*---+----+-------------------+-------------------+---------+---------------------
    2    1 7.9306000000000D+03 2.4913700000000D+01
   0.53473    0.8045   0.94884     1.065    1.1572    1.2205    1.2511    1.2229
    1.1118   0.68344
    3    1 7.9306000000000D+03 1.2840520980000D+13
   0.53473    0.8045   0.94884     1.065    1.1572    1.2205    1.2511    1.2229
    1.1118   0.68344
    9    0 7.9306000000000D+03 2.9170000000000D+02
   10    0 7.9306000000000D+03 1.5800000000000D+01
*---+----+-------------------+-------------------+---------+---------------------
*   1: printout of the result at time [hours]
*---+----+-------------------+-------------------+---------+---------------------
    1    0 8.0736000000000D+03
*---+----+-------------------+-------------------+---------+---------------------
    2    1 8.0736000000000D+03 2.4739100000000D+01
   0.70884   0.98742    1.0711    1.1125    1.1331    1.1492    1.1269    1.0903
   0.99531   0.62529
    3    1 8.0736000000000D+03 1.2757953870000D+13
   0.70884   0.98742    1.0711    1.1125    1.1331    1.1492    1.1269    1.0903
   0.99531   0.62529
    9    0 8.0736000000000D+03 2.9170000000000D+02
   10    0 8.0736000000000D+03 1.5800000000000D+01
*---+----+-------------------+-------------------+---------+---------------------
*   1: printout of the result at time [hours]
*---+----+-------------------+-------------------+---------+---------------------
    1    0 1.2969600000000D+04
*---+----+-------------------+-------------------+---------+---------------------
    2    1 1.2969600000000D+04 2.3134600000000D+01
   0.86732    1.1139     1.137    1.1125     1.089    1.0657    1.0423    1.0118
   0.93963    0.6208
    3    1 1.2969600000000D+04 1.2508878220000D+13
   0.86732    1.1139     1.137    1.1125     1.089    1.0657    1.0423    1.0118
   0.93963    0.6208
    9    0 1.2969600000000D+04 2.9170000000000D+02
   10    0 1.2969600000000D+04 1.5800000000000D+01
*---+----+-------------------+-------------------+---------+---------------------
*   1: printout of the result at time [hours]
*---+----+-------------------+-------------------+---------+---------------------
    1    0 1.5621600000000D+04
*---+----+-------------------+-------------------+---------+---------------------
    2    1 1.5621600000000D+04 2.2499100000000D+01
   0.87999    1.0612    1.0476    1.0327    1.0292    1.0343    1.0471    1.0653
    1.0579    0.7447
    3    1 1.5621600000000D+04 1.2320507160000D+13
   0.87999    1.0612    1.0476    1.0327    1.0292    1.0343    1.0471    1.0653
    1.0579    0.7447
    9    0 1.5621600000000D+04 2.9170000000000D+02
   10    0 1.5621600000000D+04 1.5800000000000D+01
*---+----+-------------------+-------------------+---------+---------------------
*   1: printout of the result at time [hours]
*---+----+-------------------+-------------------+---------+---------------------
    1    0 1.6407800000000D+04
*---+----+-------------------+-------------------+---------+---------------------
    2    1 1.6407800000000D+04 2.1018000000000D+01
   0.77319   0.92868   0.93762   0.95851   0.99462    1.0408    1.0963    1.1619
    1.2181   0.89024
    3    1 1.6407800000000D+04 1.1211001200000D+13
   0.77319   0.92868   0.93762   0.95851   0.99462    1.0408    1.0963    1.1619
    1.2181   0.89024
    9    0 1.6407800000000D+04 2.8120000000000D+02
   10    0 1.6407800000000D+04 1.5800000000000D+01
*---+----+-------------------+-------------------+---------+---------------------
*   1: printout of the result at time [hours]
*---+----+-------------------+-------------------+---------+---------------------
    1    0 1.6409800000000D+04
*---+----+-------------------+-------------------+---------+---------------------
    2    1 1.6409800000000D+04 1.8121700000000D+01
   0.43517   0.60491   0.71897   0.84931   0.98986    1.1312    1.2642    1.3786
    1.4579      1.17
    3    1 1.6409800000000D+04 1.0523271190000D+13
   0.43517   0.60491   0.71897   0.84931   0.98986    1.1312    1.2642    1.3786
    1.4579      1.17
    9    0 1.6409800000000D+04 2.9170000000000D+02
   10    0 1.6409800000000D+04 1.5800000000000D+01
*---+----+-------------------+-------------------+---------+---------------------
*   1: printout of the result at time [hours]
*---+----+-------------------+-------------------+---------+---------------------
    1    0 1.6552800000000D+04
*---+----+-------------------+-------------------+---------+---------------------
    2    1 1.6552800000000D+04 1.8410900000000D+01
   0.63957   0.82348   0.89067   0.95585    1.0215    1.0856    1.1468    1.2024
    1.2368   0.99729
    3    1 1.6552800000000D+04 1.0694891810000D+13
   0.63957   0.82348   0.89067   0.95585    1.0215    1.0856    1.1468    1.2024
    1.2368   0.99729
    9    0 1.6552800000000D+04 2.9170000000000D+02
   10    0 1.6552800000000D+04 1.5800000000000D+01
*---+----+-------------------+-------------------+---------+---------------------
*   1: printout of the result at time [hours]
*---+----+-------------------+-------------------+---------+---------------------
    1    0 2.1808800000000D+04
*---+----+-------------------+-------------------+---------+---------------------
    2    1 2.1808800000000D+04 1.8816300000000D+01
    0.9005    1.0652    1.0601    1.0491    1.0385    1.0294    1.0226    1.0181
    1.0015   0.81509
    3    1 2.1808800000000D+04 1.1131723080000D+13
    0.9005    1.0652    1.0601    1.0491    1.0385    1.0294    1.0226    1.0181
    1.0015   0.81509
    9    0 2.1808800000000D+04 2.9170000000000D+02
   10    0 2.1808800000000D+04 1.5800000000000D+01
*---+----+-------------------+-------------------+---------+---------------------
*   1: printout of the result at time [hours]
*---+----+-------------------+-------------------+---------+---------------------
    1    0 2.3690400000000D+04
*---+----+-------------------+-------------------+---------+---------------------
    2    1 2.3690400000000D+04 1.8633200000000D+01
   0.90199     1.028    1.0139    1.0056    1.0052    1.0101     1.021    1.0412
    1.0751   0.89807
    3    1 2.3690400000000D+04 1.1058804200000D+13
   0.90199     1.028    1.0139    1.0056    1.0052    1.0101     1.021    1.0412
    1.0751   0.89807
    9    0 2.3690400000000D+04 2.9170000000000D+02
   10    0 2.3690400000000D+04 1.5800000000000D+01
*---+----+-------------------+-------------------+---------+---------------------
*   1: printout of the result at time [hours]
*---+----+-------------------+-------------------+---------+---------------------
    1    0 2.4426200000000D+04
*---+----+-------------------+-------------------+---------+---------------------
    2    1 2.4426200000000D+04 1.7109700000000D+01
   0.79429   0.90247   0.90878   0.93292   0.96998    1.0146    1.0672    1.1334
    1.2086    1.0678
    3    1 2.4426200000000D+04 9.8620310800000D+12
   0.79429   0.90247   0.90878   0.93292   0.96998    1.0146    1.0672    1.1334
    1.2086    1.0678
    9    0 2.4426200000000D+04 2.8110000000000D+02
   10    0 2.4426200000000D+04 1.5800000000000D+01
*---+----+-------------------+-------------------+---------+---------------------
*   1: printout of the result at time [hours]
*---+----+-------------------+-------------------+---------+---------------------
    1    0 2.4428200000000D+04
*---+----+-------------------+-------------------+---------+---------------------
    2    1 2.4428200000000D+04 1.4345200000000D+01
   0.48811   0.68309   0.81275   0.94185    1.0656    1.1751    1.2606    1.3172
    1.2828   0.97287
    3    1 2.4428200000000D+04 9.2182255200000D+12
   0.48811   0.68309   0.81275   0.94185    1.0656    1.1751    1.2606    1.3172
    1.2828   0.97287
    9    0 2.4428200000000D+04 2.9170000000000D+02
   10    0 2.4428200000000D+04 1.5800000000000D+01
*---+----+-------------------+-------------------+---------+---------------------
*   1: printout of the result at time [hours]
*---+----+-------------------+-------------------+---------+---------------------
    1    0 2.4571200000000D+04
*---+----+-------------------+-------------------+---------+---------------------
    2    1 2.4571200000000D+04 1.4465100000000D+01
   0.68772   0.89007   0.96543    1.0224    1.0692     1.107    1.1348    1.1542
    1.1148   0.85447
    3    1 2.4571200000000D+04 9.2591105100000D+12
   0.68772   0.89007   0.96543    1.0224    1.0692     1.107    1.1348    1.1542
    1.1148   0.85447
    9    0 2.4571200000000D+04 2.9170000000000D+02
   10    0 2.4571200000000D+04 1.5800000000000D+01
*---+----+-------------------+-------------------+---------+---------------------
*   1: printout of the result at time [hours]
*---+----+-------------------+-------------------+---------+---------------------
    1    0 2.8027200000000D+04
*---+----+-------------------+-------------------+---------+---------------------
    2    1 2.8027200000000D+04 1.4957200000000D+01
   0.87764    1.0457    1.0535    1.0471    1.0408     1.037    1.0364    1.0371
     1.016   0.80871
    3    1 2.8027200000000D+04 9.5352150000000D+12
   0.87764    1.0457    1.0535    1.0471    1.0408     1.037    1.0364    1.0371
     1.016   0.80871
    9    0 2.8027200000000D+04 2.9170000000000D+02
   10    0 2.8027200000000D+04 1.5800000000000D+01
*---+----+-------------------+-------------------+---------+---------------------
*   1: printout of the result at time [hours]
*---+----+-------------------+-------------------+---------+---------------------
    1    0 3.0187200000000D+04
*---+----+-------------------+-------------------+---------+---------------------
    2    1 3.0187200000000D+04 1.5189600000000D+01
   0.91852    1.0807    1.0738     1.058     1.043    1.0297    1.0187    1.0094
   0.98113   0.78705
    3    1 3.0187200000000D+04 9.6757752000000D+12
   0.91852    1.0807    1.0738     1.058     1.043    1.0297    1.0187    1.0094
   0.98113   0.78705
    9    0 3.0187200000000D+04 2.9170000000000D+02
   10    0 3.0187200000000D+04 1.5800000000000D+01
*---+----+-------------------+-------------------+---------+---------------------
*   1: printout of the result at time [hours]
*---+----+-------------------+-------------------+---------+---------------------
    1    0 3.1490400000000D+04
*---+----+-------------------+-------------------+---------+---------------------
    2    1 3.1490400000000D+04 1.5300300000000D+01
   0.89835    1.0255     1.016     1.011     1.014     1.021    1.0312     1.047
    1.0603   0.87567
    3    1 3.1490400000000D+04 9.7218106200000D+12
   0.89835    1.0255     1.016     1.011     1.014     1.021    1.0312     1.047
    1.0603   0.87567
    9    0 3.1490400000000D+04 2.9170000000000D+02
   10    0 3.1490400000000D+04 1.5800000000000D+01
*---+----+-------------------+-------------------+---------+---------------------
*   1: printout of the result at time [hours]
*---+----+-------------------+-------------------+---------+---------------------
    1    0 3.1911800000000D+04
*---+----+-------------------+-------------------+---------+---------------------
    2    1 3.1911800000000D+04 1.4392400000000D+01
   0.80424   0.92069   0.93021   0.95342    0.9883    1.0285    1.0729    1.1245
    1.1844   0.99282
    3    1 3.1911800000000D+04 8.9995677200000D+12
   0.80424   0.92069   0.93021   0.95342    0.9883    1.0285    1.0729    1.1245
    1.1844   0.99282
    9    0 3.1911800000000D+04 2.8640000000000D+02
   10    0 3.1911800000000D+04 1.5800000000000D+01
*---+----+-------------------+-------------------+---------+---------------------
*   1: printout of the result at time [hours]
*---+----+-------------------+-------------------+---------+---------------------
    1    0 3.1913800000000D+04
*---+----+-------------------+-------------------+---------+---------------------
    2    1 3.1913800000000D+04 8.5837000000000D+00
   0.48615   0.70156   0.84602    0.9758    1.0928    1.1903    1.2575    1.2859
     1.222   0.94202
    3    1 3.1913800000000D+04 5.7545124800000D+12
   0.48615   0.70156   0.84602    0.9758    1.0928    1.1903    1.2575    1.2859
     1.222   0.94202
    9    0 3.1913800000000D+04 2.9170000000000D+02
   10    0 3.1913800000000D+04 1.5800000000000D+01
*---+----+-------------------+-------------------+---------+---------------------
*   1: printout of the result at time [hours]
*---+----+-------------------+-------------------+---------+---------------------
    1    0 3.2056800000000D+04
*---+----+-------------------+-------------------+---------+---------------------
    2    1 3.2056800000000D+04 8.6521000000000D+00
   0.67487   0.89759   0.98785    1.0447    1.0859    1.1158    1.1372    1.1275
    1.0785    0.8502
    3    1 3.2056800000000D+04 5.7441291900000D+12
   0.67487   0.89759   0.98785    1.0447    1.0859    1.1158    1.1372    1.1275
    1.0785    0.8502
    9    0 3.2056800000000D+04 2.9170000000000D+02
   10    0 3.2056800000000D+04 1.5800000000000D+01
*---+----+-------------------+-------------------+---------+---------------------
*   1: printout of the result at time [hours]
*---+----+-------------------+-------------------+---------+---------------------
    1    0 3.5512800000000D+04
*---+----+-------------------+-------------------+---------+---------------------
    2    1 3.5512800000000D+04 9.2337000000000D+00
   0.83239    1.0298    1.0635    1.0543    1.0489    1.0452    1.0437    1.0401
    1.0132   0.82892
    3    1 3.5512800000000D+04 6.0693110100000D+12
   0.83239    1.0298    1.0635    1.0543    1.0489    1.0452    1.0437    1.0401
    1.0132   0.82892
    9    0 3.5512800000000D+04 2.9170000000000D+02
   10    0 3.5512800000000D+04 1.5800000000000D+01
*---+----+-------------------+-------------------+---------+---------------------
*   1: printout of the result at time [hours]
*---+----+-------------------+-------------------+---------+---------------------
    1    0 3.7312800000000D+04
*---+----+-------------------+-------------------+---------+---------------------
    2    1 3.7312800000000D+04 9.5646000000000D+00
   0.86308    1.0586    1.0839    1.0651    1.0506     1.038    1.0277    1.0168
    0.9853   0.81091
    3    1 3.7312800000000D+04 6.2581177800000D+12
   0.86308    1.0586    1.0839    1.0651    1.0506     1.038    1.0277    1.0168
    0.9853   0.81091
    9    0 3.7312800000000D+04 2.9170000000000D+02
   10    0 3.7312800000000D+04 1.5800000000000D+01
*---+----+-------------------+-------------------+---------+---------------------
*   1: printout of the result at time [hours]
*---+----+-------------------+-------------------+---------+---------------------
    1    0 3.9067200000000D+04
*---+----+-------------------+-------------------+---------+---------------------
    2    1 3.9067200000000D+04 9.9136000000000D+00
   0.83471   0.99106    0.9956   0.99742    1.0088    1.0265    1.0492    1.0764
    1.0931   0.92721
    3    1 3.9067200000000D+04 6.4369004800000D+12
   0.83471   0.99106    0.9956   0.99742    1.0088    1.0265    1.0492    1.0764
    1.0931   0.92721
    9    0 3.9067200000000D+04 2.9170000000000D+02
   10    0 3.9067200000000D+04 1.5800000000000D+01
*---+----+-------------------+-------------------+---------+---------------------
*   1: printout of the result at time [hours]
*---+----+-------------------+-------------------+---------+---------------------
    1    0 4.0010400000000D+04
*---+----+-------------------+-------------------+---------+---------------------
    2    1 4.0010400000000D+04 8.7416000000000D+00
   0.71303   0.84367    0.8678   0.90567   0.95966    1.0243    1.0993    1.1877
    1.2691    1.1298
    3    1 4.0010400000000D+04 5.5229428800000D+12
   0.71303   0.84367    0.8678   0.90567   0.95966    1.0243    1.0993    1.1877
    1.2691    1.1298
    9    0 4.0010400000000D+04 2.8120000000000D+02
   10    0 4.0010400000000D+04 1.5800000000000D+01
* data point #637 end
*  00:  last line of data set (finishing the program)
*---+----+-------------------+-------------------+---------+---------------------
00000    0 4.0010400000000D+04
*---+----+-------------------+-------------------+---------+---------------------
