* data point #6002 begin
*
*---+----+-------------------+-------------------+---------+---------------------
*   1: printout of the result at time [hours]
*---+----+-------------------+-------------------+---------+---------------------
    1    0 0.0000000000000D+00
*---+----+-------------------+-------------------+---------+---------------------
    2    1 0.0000000000000D+00 1.8339800000000D+01
   0.46511   0.77885   0.93594    1.0588    1.1608    1.2366    1.2809    1.2628
    1.1379   0.68234
    3    1 0.0000000000000D+00 9.3973135200000D+12
   0.46511   0.77885   0.93594    1.0588    1.1608    1.2366    1.2809    1.2628
    1.1379   0.68234
    9    0 0.0000000000000D+00 2.9170000000000D+02
   10    0 0.0000000000000D+00 1.5800000000000D+01
*---+----+-------------------+-------------------+---------+---------------------
*   1: printout of the result at time [hours]
*---+----+-------------------+-------------------+---------+---------------------
    1    0 1.4400000000000D+02
*---+----+-------------------+-------------------+---------+---------------------
    2    1 1.4400000000000D+02 1.8071100000000D+01
   0.65281   0.99817    1.0897    1.1261    1.1426    1.1462    1.1359     1.101
   0.99413   0.61341
    3    1 1.4400000000000D+02 9.2686671900000D+12
   0.65281   0.99817    1.0897    1.1261    1.1426    1.1462    1.1359     1.101
   0.99413   0.61341
    9    0 1.4400000000000D+02 2.9170000000000D+02
   10    0 1.4400000000000D+02 1.5800000000000D+01
*---+----+-------------------+-------------------+---------+---------------------
*   1: printout of the result at time [hours]
*---+----+-------------------+-------------------+---------+---------------------
    1    0 3.6000000000000D+03
*---+----+-------------------+-------------------+---------+---------------------
    2    1 3.6000000000000D+03 1.7949900000000D+01
   0.83566    1.1402    1.1472    1.1173    1.0866    1.0594    1.0357    1.0099
   0.94251   0.62557
    3    1 3.6000000000000D+03 9.1364991000000D+12
   0.83566    1.1402    1.1472    1.1173    1.0866    1.0594    1.0357    1.0099
   0.94251   0.62557
    9    0 3.6000000000000D+03 2.9170000000000D+02
   10    0 3.6000000000000D+03 1.5800000000000D+01
*---+----+-------------------+-------------------+---------+---------------------
*   1: printout of the result at time [hours]
*---+----+-------------------+-------------------+---------+---------------------
    1    0 5.7600000000000D+03
*---+----+-------------------+-------------------+---------+---------------------
    2    1 5.7600000000000D+03 1.7834000000000D+01
   0.87748    1.1636    1.1522    1.1156    1.0801    1.0478    1.0186   0.98918
   0.92548   0.62992
    3    1 5.7600000000000D+03 9.0489716000000D+12
   0.87748    1.1636    1.1522    1.1156    1.0801    1.0478    1.0186   0.98918
   0.92548   0.62992
    9    0 5.7600000000000D+03 2.9170000000000D+02
   10    0 5.7600000000000D+03 1.5800000000000D+01
*---+----+-------------------+-------------------+---------+---------------------
*   1: printout of the result at time [hours]
*---+----+-------------------+-------------------+---------+---------------------
    1    0 7.0632000000000D+03
*---+----+-------------------+-------------------+---------+---------------------
    2    1 7.0632000000000D+03 1.7914600000000D+01
   0.86371    1.1088    1.0905    1.0675    1.0527    1.0422    1.0349    1.0307
    1.0014   0.70764
    3    1 7.0632000000000D+03 9.0683705200000D+12
   0.86371    1.1088    1.0905    1.0675    1.0527    1.0422    1.0349    1.0307
    1.0014   0.70764
    9    0 7.0632000000000D+03 2.9170000000000D+02
   10    0 7.0632000000000D+03 1.5800000000000D+01
*---+----+-------------------+-------------------+---------+---------------------
*   1: printout of the result at time [hours]
*---+----+-------------------+-------------------+---------+---------------------
    1    0 7.4846000000000D+03
*---+----+-------------------+-------------------+---------+---------------------
    2    1 7.4846000000000D+03 1.7031500000000D+01
   0.77715    0.9975    1.0046    1.0135    1.0333    1.0573    1.0839    1.1135
    1.1139   0.80533
    3    1 7.4846000000000D+03 8.4816870000000D+12
   0.77715    0.9975    1.0046    1.0135    1.0333    1.0573    1.0839    1.1135
    1.1139   0.80533
    9    0 7.4846000000000D+03 2.8640000000000D+02
   10    0 7.4846000000000D+03 1.5800000000000D+01
*---+----+-------------------+-------------------+---------+---------------------
*   1: printout of the result at time [hours]
*---+----+-------------------+-------------------+---------+---------------------
    1    0 7.4866000000000D+03
*---+----+-------------------+-------------------+---------+---------------------
    2    1 7.4866000000000D+03 2.3271800000000D+01
   0.47246   0.72229   0.86096   0.99498    1.1201    1.2239    1.2939     1.321
    1.2336   0.75675
    3    1 7.4866000000000D+03 1.1484633300000D+13
   0.47246   0.72229   0.86096   0.99498    1.1201    1.2239    1.2939     1.321
    1.2336   0.75675
    9    0 7.4866000000000D+03 2.9170000000000D+02
   10    0 7.4866000000000D+03 1.5800000000000D+01
*---+----+-------------------+-------------------+---------+---------------------
*   1: printout of the result at time [hours]
*---+----+-------------------+-------------------+---------+---------------------
    1    0 7.6296000000000D+03
*---+----+-------------------+-------------------+---------+---------------------
    2    1 7.6296000000000D+03 2.3436000000000D+01
   0.66705    0.9412    1.0217    1.0765    1.1178    1.1452      1.16    1.1434
    1.0652    0.6621
    3    1 7.6296000000000D+03 1.1565666000000D+13
   0.66705    0.9412    1.0217    1.0765    1.1178    1.1452      1.16    1.1434
    1.0652    0.6621
    9    0 7.6296000000000D+03 2.9170000000000D+02
   10    0 7.6296000000000D+03 1.5800000000000D+01
*---+----+-------------------+-------------------+---------+---------------------
*   1: printout of the result at time [hours]
*---+----+-------------------+-------------------+---------+---------------------
    1    0 1.1085600000000D+04
*---+----+-------------------+-------------------+---------+---------------------
    2    1 1.1085600000000D+04 2.2624600000000D+01
   0.86393    1.0874     1.091    1.0795     1.068    1.0578     1.049    1.0388
    0.9956   0.66901
    3    1 1.1085600000000D+04 1.1276100640000D+13
   0.86393    1.0874     1.091    1.0795     1.068    1.0578     1.049    1.0388
    0.9956   0.66901
    9    0 1.1085600000000D+04 2.9170000000000D+02
   10    0 1.1085600000000D+04 1.5800000000000D+01
*---+----+-------------------+-------------------+---------+---------------------
*   1: printout of the result at time [hours]
*---+----+-------------------+-------------------+---------+---------------------
    1    0 1.2885600000000D+04
*---+----+-------------------+-------------------+---------+---------------------
    2    1 1.2885600000000D+04 2.2069500000000D+01
   0.90587    1.1061    1.0954    1.0774    1.0605    1.0451    1.0317     1.019
   0.98099   0.67804
    3    1 1.2885600000000D+04 1.1059026450000D+13
   0.90587    1.1061    1.0954    1.0774    1.0605    1.0451    1.0317     1.019
   0.98099   0.67804
    9    0 1.2885600000000D+04 2.9170000000000D+02
   10    0 1.2885600000000D+04 1.5800000000000D+01
*---+----+-------------------+-------------------+---------+---------------------
*   1: printout of the result at time [hours]
*---+----+-------------------+-------------------+---------+---------------------
    1    0 1.4640000000000D+04
*---+----+-------------------+-------------------+---------+---------------------
    2    1 1.4640000000000D+04 2.1742600000000D+01
   0.89152    1.0419    1.0263    1.0189    1.0215    1.0294    1.0424    1.0627
    1.0783   0.78712
    3    1 1.4640000000000D+04 1.0938702060000D+13
   0.89152    1.0419    1.0263    1.0189    1.0215    1.0294    1.0424    1.0627
    1.0783   0.78712
    9    0 1.4640000000000D+04 2.9170000000000D+02
   10    0 1.4640000000000D+04 1.5800000000000D+01
*---+----+-------------------+-------------------+---------+---------------------
*   1: printout of the result at time [hours]
*---+----+-------------------+-------------------+---------+---------------------
    1    0 1.5583200000000D+04
*---+----+-------------------+-------------------+---------+---------------------
    2    1 1.5583200000000D+04 1.8676300000000D+01
   0.75625   0.88128   0.89204   0.92481   0.97359    1.0318    1.0993    1.1811
    1.2789   0.98092
    3    1 1.5583200000000D+04 9.1215049200000D+12
   0.75625   0.88128   0.89204   0.92481   0.97359    1.0318    1.0993    1.1811
    1.2789   0.98092
    9    0 1.5583200000000D+04 2.8120000000000D+02
   10    0 1.5583200000000D+04 1.5800000000000D+01
* data point #6002 end
*  00:  last line of data set (finishing the program)
*---+----+-------------------+-------------------+---------+---------------------
00000    0 1.5583200000000D+04
*---+----+-------------------+-------------------+---------+---------------------
