* data point #6034 begin
*
*---+----+-------------------+-------------------+---------+---------------------
*   1: printout of the result at time [hours]
*---+----+-------------------+-------------------+---------+---------------------
    1    0 0.0000000000000D+00
*---+----+-------------------+-------------------+---------+---------------------
    2    1 0.0000000000000D+00 2.5852400000000D+01
   0.63263   0.99801     1.103    1.1527    1.1792    1.1823    1.1602    1.1059
   0.96618   0.51991
    3    1 0.0000000000000D+00 1.1222526840000D+13
   0.63263   0.99801     1.103    1.1527    1.1792    1.1823    1.1602    1.1059
   0.96618   0.51991
    9    0 0.0000000000000D+00 2.9170000000000D+02
   10    0 0.0000000000000D+00 1.5800000000000D+01
*---+----+-------------------+-------------------+---------+---------------------
*   1: printout of the result at time [hours]
*---+----+-------------------+-------------------+---------+---------------------
    1    0 1.4400000000000D+02
*---+----+-------------------+-------------------+---------+---------------------
    2    1 1.4400000000000D+02 2.5884500000000D+01
   0.76281    1.1234    1.1765    1.1625    1.1424     1.114    1.0772    1.0255
   0.90865   0.50698
    3    1 1.4400000000000D+02 1.1314114950000D+13
   0.76281    1.1234    1.1765    1.1625    1.1424     1.114    1.0772    1.0255
   0.90865   0.50698
    9    0 1.4400000000000D+02 2.9170000000000D+02
   10    0 1.4400000000000D+02 1.5800000000000D+01
*---+----+-------------------+-------------------+---------+---------------------
*   1: printout of the result at time [hours]
*---+----+-------------------+-------------------+---------+---------------------
    1    0 1.4400000000000D+03
*---+----+-------------------+-------------------+---------+---------------------
    2    1 1.4400000000000D+03 2.5614100000000D+01
   0.81158    1.1328     1.148    1.1278    1.1069    1.0858    1.0631     1.032
   0.94237   0.54958
    3    1 1.4400000000000D+03 1.1323993610000D+13
   0.81158    1.1328     1.148    1.1278    1.1069    1.0858    1.0631     1.032
   0.94237   0.54958
    9    0 1.4400000000000D+03 2.9170000000000D+02
   10    0 1.4400000000000D+03 1.5800000000000D+01
*---+----+-------------------+-------------------+---------+---------------------
*   1: printout of the result at time [hours]
*---+----+-------------------+-------------------+---------+---------------------
    1    0 3.0456000000000D+03
*---+----+-------------------+-------------------+---------+---------------------
    2    1 3.0456000000000D+03 2.5222600000000D+01
   0.84278    1.1118     1.099    1.0738    1.0559    1.0443      1.04    1.0449
    1.0276   0.65992
    3    1 3.0456000000000D+03 1.1297202540000D+13
   0.84278    1.1118     1.099    1.0738    1.0559    1.0443      1.04    1.0449
    1.0276   0.65992
    9    0 3.0456000000000D+03 2.9170000000000D+02
   10    0 3.0456000000000D+03 1.5800000000000D+01
*---+----+-------------------+-------------------+---------+---------------------
*   1: printout of the result at time [hours]
*---+----+-------------------+-------------------+---------+---------------------
    1    0 4.9008000000000D+03
*---+----+-------------------+-------------------+---------+---------------------
    2    1 4.9008000000000D+03 1.9617700000000D+01
   0.68943   0.89129    0.9131   0.94532   0.99293    1.0501    1.1182    1.2042
    1.2917   0.90367
    3    1 4.9008000000000D+03 8.4630757800000D+12
   0.68943   0.89129    0.9131   0.94532   0.99293    1.0501    1.1182    1.2042
    1.2917   0.90367
    9    0 4.9008000000000D+03 2.7330000000000D+02
   10    0 4.9008000000000D+03 1.5800000000000D+01
*---+----+-------------------+-------------------+---------+---------------------
*   1: printout of the result at time [hours]
*---+----+-------------------+-------------------+---------+---------------------
    1    0 4.9046000000000D+03
*---+----+-------------------+-------------------+---------+---------------------
    2    1 4.9046000000000D+03 1.1825900000000D+01
   0.53814   0.72333    0.7799   0.85389    0.9497    1.0623    1.1926    1.3454
     1.494    1.0607
    3    1 4.9046000000000D+03 5.0969629000000D+12
   0.53814   0.72333    0.7799   0.85389    0.9497    1.0623    1.1926    1.3454
     1.494    1.0607
    9    0 4.9046000000000D+03 2.8340000000000D+02
   10    0 4.9046000000000D+03 1.5800000000000D+01
*---+----+-------------------+-------------------+---------+---------------------
*   1: printout of the result at time [hours]
*---+----+-------------------+-------------------+---------+---------------------
    1    0 4.9066000000000D+03
*---+----+-------------------+-------------------+---------+---------------------
    2    1 4.9066000000000D+03 2.7068200000000D+01
   0.75927    1.1141    1.1948     1.211    1.1845    1.1369    1.0709    0.9861
   0.85266    0.4898
    3    1 4.9066000000000D+03 1.2605660740000D+13
   0.75927    1.1141    1.1948     1.211    1.1845    1.1369    1.0709    0.9861
   0.85266    0.4898
    9    0 4.9066000000000D+03 2.9170000000000D+02
   10    0 4.9066000000000D+03 1.5800000000000D+01
*---+----+-------------------+-------------------+---------+---------------------
*   1: printout of the result at time [hours]
*---+----+-------------------+-------------------+---------+---------------------
    1    0 5.0496000000000D+03
*---+----+-------------------+-------------------+---------+---------------------
    2    1 5.0496000000000D+03 2.7164900000000D+01
   0.86233    1.1937    1.2278    1.1914    1.1427    1.0847    1.0209   0.94825
   0.83442   0.49373
    3    1 5.0496000000000D+03 1.2694157770000D+13
   0.86233    1.1937    1.2278    1.1914    1.1427    1.0847    1.0209   0.94825
   0.83442   0.49373
    9    0 5.0496000000000D+03 2.9170000000000D+02
   10    0 5.0496000000000D+03 1.5800000000000D+01
*---+----+-------------------+-------------------+---------+---------------------
*   1: printout of the result at time [hours]
*---+----+-------------------+-------------------+---------+---------------------
    1    0 6.4656000000000D+03
*---+----+-------------------+-------------------+---------+---------------------
    2    1 6.4656000000000D+03 2.6361700000000D+01
   0.86705    1.1396    1.1468    1.1237    1.0962    1.0672     1.037    1.0027
   0.93344   0.58634
    3    1 6.4656000000000D+03 1.2479628780000D+13
   0.86705    1.1396    1.1468    1.1237    1.0962    1.0672     1.037    1.0027
   0.93344   0.58634
    9    0 6.4656000000000D+03 2.9170000000000D+02
   10    0 6.4656000000000D+03 1.5800000000000D+01
*---+----+-------------------+-------------------+---------+---------------------
*   1: printout of the result at time [hours]
*---+----+-------------------+-------------------+---------+---------------------
    1    0 7.2912000000000D+03
*---+----+-------------------+-------------------+---------+---------------------
    2    1 7.2912000000000D+03 2.6054100000000D+01
   0.88381    1.1332    1.1242    1.0985    1.0734      1.05    1.0289    1.0096
   0.96645   0.63192
    3    1 7.2912000000000D+03 1.2406962420000D+13
   0.88381    1.1332    1.1242    1.0985    1.0734      1.05    1.0289    1.0096
   0.96645   0.63192
    9    0 7.2912000000000D+03 2.9170000000000D+02
   10    0 7.2912000000000D+03 1.5800000000000D+01
*---+----+-------------------+-------------------+---------+---------------------
*   1: printout of the result at time [hours]
*---+----+-------------------+-------------------+---------+---------------------
    1    0 7.9286000000000D+03
*---+----+-------------------+-------------------+---------+---------------------
    2    1 7.9286000000000D+03 2.4889300000000D+01
    0.7911    1.0094    1.0257    1.0356    1.0501    1.0664    1.0838     1.102
     1.094   0.74168
    3    1 7.9286000000000D+03 1.1628280960000D+13
    0.7911    1.0094    1.0257    1.0356    1.0501    1.0664    1.0838     1.102
     1.094   0.74168
    9    0 7.9286000000000D+03 2.8320000000000D+02
   10    0 7.9286000000000D+03 1.5800000000000D+01
*---+----+-------------------+-------------------+---------+---------------------
*   1: printout of the result at time [hours]
*---+----+-------------------+-------------------+---------+---------------------
    1    0 7.9306000000000D+03
*---+----+-------------------+-------------------+---------+---------------------
    2    1 7.9306000000000D+03 2.4827100000000D+01
   0.53305   0.80162   0.94594    1.0627    1.1557    1.2202    1.2521    1.2255
    1.1158   0.68735
    3    1 7.9306000000000D+03 1.2691613520000D+13
   0.53305   0.80162   0.94594    1.0627    1.1557    1.2202    1.2521    1.2255
    1.1158   0.68735
    9    0 7.9306000000000D+03 2.9170000000000D+02
   10    0 7.9306000000000D+03 1.5800000000000D+01
*---+----+-------------------+-------------------+---------+---------------------
*   1: printout of the result at time [hours]
*---+----+-------------------+-------------------+---------+---------------------
    1    0 8.0736000000000D+03
*---+----+-------------------+-------------------+---------+---------------------
    2    1 8.0736000000000D+03 2.4666100000000D+01
   0.70696   0.98451    1.0684    1.1107    1.1322    1.1492    1.1281    1.0926
   0.99866   0.62864
    3    1 8.0736000000000D+03 1.2614243540000D+13
   0.70696   0.98451    1.0684    1.1107    1.1322    1.1492    1.1281    1.0926
   0.99866   0.62864
    9    0 8.0736000000000D+03 2.9170000000000D+02
   10    0 8.0736000000000D+03 1.5800000000000D+01
*---+----+-------------------+-------------------+---------+---------------------
*   1: printout of the result at time [hours]
*---+----+-------------------+-------------------+---------+---------------------
    1    0 1.2969600000000D+04
*---+----+-------------------+-------------------+---------+---------------------
    2    1 1.2969600000000D+04 2.3216700000000D+01
   0.86645    1.1126    1.1361     1.112    1.0888    1.0659    1.0427    1.0125
   0.94066    0.6221
    3    1 1.2969600000000D+04 1.2430221180000D+13
   0.86645    1.1126    1.1361     1.112    1.0888    1.0659    1.0427    1.0125
   0.94066    0.6221
    9    0 1.2969600000000D+04 2.9170000000000D+02
   10    0 1.2969600000000D+04 1.5800000000000D+01
*---+----+-------------------+-------------------+---------+---------------------
*   1: printout of the result at time [hours]
*---+----+-------------------+-------------------+---------+---------------------
    1    0 1.5621600000000D+04
*---+----+-------------------+-------------------+---------+---------------------
    2    1 1.5621600000000D+04 2.2595500000000D+01
   0.87947    1.0614     1.048     1.033    1.0295    1.0345    1.0471    1.0651
    1.0575   0.74453
    3    1 1.5621600000000D+04 1.2260318300000D+13
   0.87947    1.0614     1.048     1.033    1.0295    1.0345    1.0471    1.0651
    1.0575   0.74453
    9    0 1.5621600000000D+04 2.9170000000000D+02
   10    0 1.5621600000000D+04 1.5800000000000D+01
*---+----+-------------------+-------------------+---------+---------------------
*   1: printout of the result at time [hours]
*---+----+-------------------+-------------------+---------+---------------------
    1    0 1.6407800000000D+04
*---+----+-------------------+-------------------+---------+---------------------
    2    1 1.6407800000000D+04 2.1104900000000D+01
   0.77285   0.92898   0.93803   0.95888   0.99489    1.0409    1.0963    1.1617
    1.2177   0.88984
    3    1 1.6407800000000D+04 1.1149718670000D+13
   0.77285   0.92898   0.93803   0.95888   0.99489    1.0409    1.0963    1.1617
    1.2177   0.88984
    9    0 1.6407800000000D+04 2.8120000000000D+02
   10    0 1.6407800000000D+04 1.5800000000000D+01
*---+----+-------------------+-------------------+---------+---------------------
*   1: printout of the result at time [hours]
*---+----+-------------------+-------------------+---------+---------------------
    1    0 1.6409800000000D+04
*---+----+-------------------+-------------------+---------+---------------------
    2    1 1.6409800000000D+04 1.8408200000000D+01
   0.43568   0.60647   0.72071   0.85103   0.99141    1.1323    1.2647     1.378
    1.4546    1.1651
    3    1 1.6409800000000D+04 1.0623372220000D+13
   0.43568   0.60647   0.72071   0.85103   0.99141    1.1323    1.2647     1.378
    1.4546    1.1651
    9    0 1.6409800000000D+04 2.9170000000000D+02
   10    0 1.6409800000000D+04 1.5800000000000D+01
*---+----+-------------------+-------------------+---------+---------------------
*   1: printout of the result at time [hours]
*---+----+-------------------+-------------------+---------+---------------------
    1    0 1.6552800000000D+04
*---+----+-------------------+-------------------+---------+---------------------
    2    1 1.6552800000000D+04 1.8636400000000D+01
   0.64015   0.82537   0.89255   0.95743    1.0227    1.0863    1.1468    1.2015
    1.2343   0.99295
    3    1 1.6552800000000D+04 1.0766248280000D+13
   0.64015   0.82537   0.89255   0.95743    1.0227    1.0863    1.1468    1.2015
    1.2343   0.99295
    9    0 1.6552800000000D+04 2.9170000000000D+02
   10    0 1.6552800000000D+04 1.5800000000000D+01
*---+----+-------------------+-------------------+---------+---------------------
*   1: printout of the result at time [hours]
*---+----+-------------------+-------------------+---------+---------------------
    1    0 2.1808800000000D+04
*---+----+-------------------+-------------------+---------+---------------------
    2    1 2.1808800000000D+04 1.8642100000000D+01
   0.90108    1.0667    1.0614    1.0501     1.039    1.0296    1.0223    1.0173
   0.99999   0.81246
    3    1 2.1808800000000D+04 1.0991382160000D+13
   0.90108    1.0667    1.0614    1.0501     1.039    1.0296    1.0223    1.0173
   0.99999   0.81246
    9    0 2.1808800000000D+04 2.9170000000000D+02
   10    0 2.1808800000000D+04 1.5800000000000D+01
*---+----+-------------------+-------------------+---------+---------------------
*   1: printout of the result at time [hours]
*---+----+-------------------+-------------------+---------+---------------------
    1    0 2.3690400000000D+04
*---+----+-------------------+-------------------+---------+---------------------
    2    1 2.3690400000000D+04 1.8412200000000D+01
   0.90261    1.0293    1.0151    1.0065    1.0058    1.0104    1.0209    1.0406
    1.0733    0.8956
    3    1 2.3690400000000D+04 1.0885292640000D+13
   0.90261    1.0293    1.0151    1.0065    1.0058    1.0104    1.0209    1.0406
    1.0733    0.8956
    9    0 2.3690400000000D+04 2.9170000000000D+02
   10    0 2.3690400000000D+04 1.5800000000000D+01
*---+----+-------------------+-------------------+---------+---------------------
*   1: printout of the result at time [hours]
*---+----+-------------------+-------------------+---------+---------------------
    1    0 2.4426200000000D+04
*---+----+-------------------+-------------------+---------+---------------------
    2    1 2.4426200000000D+04 1.6946700000000D+01
   0.79473   0.90354   0.90979   0.93375   0.97057    1.0149    1.0673     1.133
    1.2074     1.065
    3    1 2.4426200000000D+04 9.7409631600000D+12
   0.79473   0.90354   0.90979   0.93375   0.97057    1.0149    1.0673     1.133
    1.2074     1.065
    9    0 2.4426200000000D+04 2.8110000000000D+02
   10    0 2.4426200000000D+04 1.5800000000000D+01
*---+----+-------------------+-------------------+---------+---------------------
*   1: printout of the result at time [hours]
*---+----+-------------------+-------------------+---------+---------------------
    1    0 2.4428200000000D+04
*---+----+-------------------+-------------------+---------+---------------------
    2    1 2.4428200000000D+04 1.5629900000000D+01
   0.45509   0.68759   0.83839   0.97659    1.1049    1.2154    1.2964    1.3369
    1.2552   0.83366
    3    1 2.4428200000000D+04 1.0018765900000D+13
   0.45509   0.68759   0.83839   0.97659    1.1049    1.2154    1.2964    1.3369
    1.2552   0.83366
    9    0 2.4428200000000D+04 2.9170000000000D+02
   10    0 2.4428200000000D+04 1.5800000000000D+01
*---+----+-------------------+-------------------+---------+---------------------
*   1: printout of the result at time [hours]
*---+----+-------------------+-------------------+---------+---------------------
    1    0 2.4571200000000D+04
*---+----+-------------------+-------------------+---------+---------------------
    2    1 2.4571200000000D+04 1.5676500000000D+01
   0.64708   0.89975   0.99799    1.0602    1.1068    1.1415    1.1629    1.1607
    1.0898   0.73333
    3    1 2.4571200000000D+04 1.0023554100000D+13
   0.64708   0.89975   0.99799    1.0602    1.1068    1.1415    1.1629    1.1607
    1.0898   0.73333
    9    0 2.4571200000000D+04 2.9170000000000D+02
   10    0 2.4571200000000D+04 1.5800000000000D+01
*---+----+-------------------+-------------------+---------+---------------------
*   1: printout of the result at time [hours]
*---+----+-------------------+-------------------+---------+---------------------
    1    0 2.8027200000000D+04
*---+----+-------------------+-------------------+---------+---------------------
    2    1 2.8027200000000D+04 1.5193200000000D+01
   0.85078    1.0459    1.0663    1.0548    1.0505    1.0492    1.0514    1.0542
    1.0268   0.75001
    3    1 2.8027200000000D+04 9.7236480000000D+12
   0.85078    1.0459    1.0663    1.0548    1.0505    1.0492    1.0514    1.0542
    1.0268   0.75001
    9    0 2.8027200000000D+04 2.9170000000000D+02
   10    0 2.8027200000000D+04 1.5800000000000D+01
*---+----+-------------------+-------------------+---------+---------------------
*   1: printout of the result at time [hours]
*---+----+-------------------+-------------------+---------+---------------------
    1    0 3.0187200000000D+04
*---+----+-------------------+-------------------+---------+---------------------
    2    1 3.0187200000000D+04 1.4816500000000D+01
   0.90494    1.0656    1.0571     1.046    1.0382    1.0334    1.0318    1.0338
    1.0176    0.7715
    3    1 3.0187200000000D+04 9.4677435000000D+12
   0.90494    1.0656    1.0571     1.046    1.0382    1.0334    1.0318    1.0338
    1.0176    0.7715
    9    0 3.0187200000000D+04 2.9170000000000D+02
   10    0 3.0187200000000D+04 1.5800000000000D+01
*---+----+-------------------+-------------------+---------+---------------------
*   1: printout of the result at time [hours]
*---+----+-------------------+-------------------+---------+---------------------
    1    0 3.1490400000000D+04
*---+----+-------------------+-------------------+---------+---------------------
    2    1 3.1490400000000D+04 1.4926700000000D+01
   0.89618    1.0237    1.0123    1.0063    1.0092     1.017      1.03    1.0527
     1.099    0.8535
    3    1 3.1490400000000D+04 9.5083079000000D+12
   0.89618    1.0237    1.0123    1.0063    1.0092     1.017      1.03    1.0527
     1.099    0.8535
    9    0 3.1490400000000D+04 2.9170000000000D+02
   10    0 3.1490400000000D+04 1.5800000000000D+01
*---+----+-------------------+-------------------+---------+---------------------
*   1: printout of the result at time [hours]
*---+----+-------------------+-------------------+---------+---------------------
    1    0 3.1911800000000D+04
*---+----+-------------------+-------------------+---------+---------------------
    2    1 3.1911800000000D+04 1.4034800000000D+01
   0.81134   0.92926   0.93589   0.95634   0.98904    1.0279    1.0726    1.1279
    1.1851   0.96453
    3    1 3.1911800000000D+04 8.8040300400000D+12
   0.81134   0.92926   0.93589   0.95634   0.98904    1.0279    1.0726    1.1279
    1.1851   0.96453
    9    0 3.1911800000000D+04 2.8640000000000D+02
   10    0 3.1911800000000D+04 1.5800000000000D+01
*---+----+-------------------+-------------------+---------+---------------------
*   1: printout of the result at time [hours]
*---+----+-------------------+-------------------+---------+---------------------
    1    0 3.1913800000000D+04
*---+----+-------------------+-------------------+---------+---------------------
    2    1 3.1913800000000D+04 1.4356000000000D+00
   0.45486   0.66383   0.81429   0.95222    1.0811    1.1925    1.2747    1.3172
    1.2538    0.9954
    3    1 3.1913800000000D+04 9.4692176000000D+11
   0.45486   0.66383   0.81429   0.95222    1.0811    1.1925    1.2747    1.3172
    1.2538    0.9954
    9    0 3.1913800000000D+04 2.9170000000000D+02
   10    0 3.1913800000000D+04 1.5800000000000D+01
*---+----+-------------------+-------------------+---------+---------------------
*   1: printout of the result at time [hours]
*---+----+-------------------+-------------------+---------+---------------------
    1    0 3.2056800000000D+04
*---+----+-------------------+-------------------+---------+---------------------
    2    1 3.2056800000000D+04 1.5656000000000D+00
   0.63937   0.86037   0.96257    1.0303    1.0827    1.1235     1.151    1.1536
    1.1031   0.89359
    3    1 3.2056800000000D+04 1.0068373600000D+12
   0.63937   0.86037   0.96257    1.0303    1.0827    1.1235     1.151    1.1536
    1.1031   0.89359
    9    0 3.2056800000000D+04 2.9170000000000D+02
   10    0 3.2056800000000D+04 1.5800000000000D+01
*---+----+-------------------+-------------------+---------+---------------------
*   1: printout of the result at time [hours]
*---+----+-------------------+-------------------+---------+---------------------
    1    0 3.5512800000000D+04
*---+----+-------------------+-------------------+---------+---------------------
    2    1 3.5512800000000D+04 1.8490000000000D+00
   0.81612   0.99027    1.0189    1.0265    1.0324    1.0406    1.0514    1.0622
    1.0535   0.90806
    3    1 3.5512800000000D+04 1.1278900000000D+12
   0.81612   0.99027    1.0189    1.0265    1.0324    1.0406    1.0514    1.0622
    1.0535   0.90806
    9    0 3.5512800000000D+04 2.9170000000000D+02
   10    0 3.5512800000000D+04 1.5800000000000D+01
*---+----+-------------------+-------------------+---------+---------------------
*   1: printout of the result at time [hours]
*---+----+-------------------+-------------------+---------+---------------------
    1    0 3.7312800000000D+04
*---+----+-------------------+-------------------+---------+---------------------
    2    1 3.7312800000000D+04 1.9956000000000D+00
   0.85939    1.0077    1.0207    1.0207    1.0222    1.0258    1.0323    1.0418
    1.0493   0.92002
    3    1 3.7312800000000D+04 1.1786013600000D+12
   0.85939    1.0077    1.0207    1.0207    1.0222    1.0258    1.0323    1.0418
    1.0493   0.92002
    9    0 3.7312800000000D+04 2.9170000000000D+02
   10    0 3.7312800000000D+04 1.5800000000000D+01
*---+----+-------------------+-------------------+---------+---------------------
*   1: printout of the result at time [hours]
*---+----+-------------------+-------------------+---------+---------------------
    1    0 3.9067200000000D+04
*---+----+-------------------+-------------------+---------+---------------------
    2    1 3.9067200000000D+04 2.2415000000000D+00
   0.84675   0.95873   0.95963   0.96587   0.98193    1.0051    1.0355    1.0765
    1.1278    1.0422
    3    1 3.9067200000000D+04 1.2787757500000D+12
   0.84675   0.95873   0.95963   0.96587   0.98193    1.0051    1.0355    1.0765
    1.1278    1.0422
    9    0 3.9067200000000D+04 2.9170000000000D+02
   10    0 3.9067200000000D+04 1.5800000000000D+01
*---+----+-------------------+-------------------+---------+---------------------
*   1: printout of the result at time [hours]
*---+----+-------------------+-------------------+---------+---------------------
    1    0 4.0010400000000D+04
*---+----+-------------------+-------------------+---------+---------------------
    2    1 4.0010400000000D+04 1.9361000000000D+00
    0.7324   0.82485   0.84242    0.8796   0.93332    0.9984    1.0759    1.1719
    1.2892     1.252
    3    1 4.0010400000000D+04 1.0784077000000D+12
    0.7324   0.82485   0.84242    0.8796   0.93332    0.9984    1.0759    1.1719
    1.2892     1.252
    9    0 4.0010400000000D+04 2.8120000000000D+02
   10    0 4.0010400000000D+04 1.5800000000000D+01
* data point #6034 end
*  00:  last line of data set (finishing the program)
*---+----+-------------------+-------------------+---------+---------------------
00000    0 4.0010400000000D+04
*---+----+-------------------+-------------------+---------+---------------------
