* data point #6146 begin
*
*---+----+-------------------+-------------------+---------+---------------------
*   1: printout of the result at time [hours]
*---+----+-------------------+-------------------+---------+---------------------
    1    0 0.0000000000000D+00
*---+----+-------------------+-------------------+---------+---------------------
    2    1 0.0000000000000D+00 2.5386600000000D+01
   0.63214   0.99742    1.1026    1.1525    1.1792    1.1825    1.1606    1.1063
   0.96657   0.52016
    3    1 0.0000000000000D+00 1.1614369500000D+13
   0.63214   0.99742    1.1026    1.1525    1.1792    1.1825    1.1606    1.1063
   0.96657   0.52016
    9    0 0.0000000000000D+00 2.9170000000000D+02
   10    0 0.0000000000000D+00 1.5800000000000D+01
*---+----+-------------------+-------------------+---------+---------------------
*   1: printout of the result at time [hours]
*---+----+-------------------+-------------------+---------+---------------------
    1    0 1.4400000000000D+02
*---+----+-------------------+-------------------+---------+---------------------
    2    1 1.4400000000000D+02 2.5370600000000D+01
    0.7623    1.1229    1.1761    1.1624    1.1425    1.1143    1.0776    1.0259
   0.90897   0.50712
    3    1 1.4400000000000D+02 1.1678087180000D+13
    0.7623    1.1229    1.1761    1.1624    1.1425    1.1143    1.0776    1.0259
   0.90897   0.50712
    9    0 1.4400000000000D+02 2.9170000000000D+02
   10    0 1.4400000000000D+02 1.5800000000000D+01
*---+----+-------------------+-------------------+---------+---------------------
*   1: printout of the result at time [hours]
*---+----+-------------------+-------------------+---------+---------------------
    1    0 1.4400000000000D+03
*---+----+-------------------+-------------------+---------+---------------------
    2    1 1.4400000000000D+03 2.5081200000000D+01
   0.81113    1.1323    1.1478    1.1277     1.107    1.0861    1.0634    1.0323
   0.94262   0.54969
    3    1 1.4400000000000D+03 1.1675298600000D+13
   0.81113    1.1323    1.1478    1.1277     1.107    1.0861    1.0634    1.0323
   0.94262   0.54969
    9    0 1.4400000000000D+03 2.9170000000000D+02
   10    0 1.4400000000000D+03 1.5800000000000D+01
*---+----+-------------------+-------------------+---------+---------------------
*   1: printout of the result at time [hours]
*---+----+-------------------+-------------------+---------+---------------------
    1    0 3.0456000000000D+03
*---+----+-------------------+-------------------+---------+---------------------
    2    1 3.0456000000000D+03 2.4676500000000D+01
   0.84234    1.1115    1.0989    1.0737     1.056    1.0444    1.0402    1.0451
    1.0279   0.66006
    3    1 3.0456000000000D+03 1.1620163850000D+13
   0.84234    1.1115    1.0989    1.0737     1.056    1.0444    1.0402    1.0451
    1.0279   0.66006
    9    0 3.0456000000000D+03 2.9170000000000D+02
   10    0 3.0456000000000D+03 1.5800000000000D+01
*---+----+-------------------+-------------------+---------+---------------------
*   1: printout of the result at time [hours]
*---+----+-------------------+-------------------+---------+---------------------
    1    0 4.9008000000000D+03
*---+----+-------------------+-------------------+---------+---------------------
    2    1 4.9008000000000D+03 1.9204400000000D+01
   0.68916   0.89115   0.91307    0.9453   0.99295    1.0502    1.1183    1.2043
    1.2918   0.90375
    3    1 4.9008000000000D+03 8.6938318800000D+12
   0.68916   0.89115   0.91307    0.9453   0.99295    1.0502    1.1183    1.2043
    1.2918   0.90375
    9    0 4.9008000000000D+03 2.7330000000000D+02
   10    0 4.9008000000000D+03 1.5800000000000D+01
*---+----+-------------------+-------------------+---------+---------------------
*   1: printout of the result at time [hours]
*---+----+-------------------+-------------------+---------+---------------------
    1    0 4.9046000000000D+03
*---+----+-------------------+-------------------+---------+---------------------
    2    1 4.9046000000000D+03 1.1583200000000D+01
   0.53793    0.7232   0.77984   0.85391   0.94974    1.0624    1.1928    1.3454
    1.4941    1.0608
    3    1 4.9046000000000D+03 5.2379230400000D+12
   0.53793    0.7232   0.77984   0.85391   0.94974    1.0624    1.1928    1.3454
    1.4941    1.0608
    9    0 4.9046000000000D+03 2.8340000000000D+02
   10    0 4.9046000000000D+03 1.5800000000000D+01
*---+----+-------------------+-------------------+---------+---------------------
*   1: printout of the result at time [hours]
*---+----+-------------------+-------------------+---------+---------------------
    1    0 4.9066000000000D+03
*---+----+-------------------+-------------------+---------+---------------------
    2    1 4.9066000000000D+03 2.6109500000000D+01
   0.75892    1.1139    1.1949    1.2112    1.1848    1.1372    1.0711   0.98604
   0.85237   0.48952
    3    1 4.9066000000000D+03 1.2707493650000D+13
   0.75892    1.1139    1.1949    1.2112    1.1848    1.1372    1.0711   0.98604
   0.85237   0.48952
    9    0 4.9066000000000D+03 2.9170000000000D+02
   10    0 4.9066000000000D+03 1.5800000000000D+01
*---+----+-------------------+-------------------+---------+---------------------
*   1: printout of the result at time [hours]
*---+----+-------------------+-------------------+---------+---------------------
    1    0 5.0496000000000D+03
*---+----+-------------------+-------------------+---------+---------------------
    2    1 5.0496000000000D+03 2.6248600000000D+01
   0.86195    1.1935    1.2279    1.1916     1.143     1.085    1.0212   0.94824
   0.83418   0.49347
    3    1 5.0496000000000D+03 1.2814566520000D+13
   0.86195    1.1935    1.2279    1.1916     1.143     1.085    1.0212   0.94824
   0.83418   0.49347
    9    0 5.0496000000000D+03 2.9170000000000D+02
   10    0 5.0496000000000D+03 1.5800000000000D+01
*---+----+-------------------+-------------------+---------+---------------------
*   1: printout of the result at time [hours]
*---+----+-------------------+-------------------+---------+---------------------
    1    0 6.4656000000000D+03
*---+----+-------------------+-------------------+---------+---------------------
    2    1 6.4656000000000D+03 2.5539700000000D+01
   0.86661    1.1393    1.1467    1.1238    1.0964    1.0674    1.0372    1.0028
   0.93337   0.58622
    3    1 6.4656000000000D+03 1.2601287980000D+13
   0.86661    1.1393    1.1467    1.1238    1.0964    1.0674    1.0372    1.0028
   0.93337   0.58622
    9    0 6.4656000000000D+03 2.9170000000000D+02
   10    0 6.4656000000000D+03 1.5800000000000D+01
*---+----+-------------------+-------------------+---------+---------------------
*   1: printout of the result at time [hours]
*---+----+-------------------+-------------------+---------+---------------------
    1    0 7.2912000000000D+03
*---+----+-------------------+-------------------+---------+---------------------
    2    1 7.2912000000000D+03 2.5270600000000D+01
   0.88336    1.1329    1.1242    1.0985    1.0736    1.0502    1.0292    1.0098
   0.96646   0.63188
    3    1 7.2912000000000D+03 1.2516528180000D+13
   0.88336    1.1329    1.1242    1.0985    1.0736    1.0502    1.0292    1.0098
   0.96646   0.63188
    9    0 7.2912000000000D+03 2.9170000000000D+02
   10    0 7.2912000000000D+03 1.5800000000000D+01
*---+----+-------------------+-------------------+---------+---------------------
*   1: printout of the result at time [hours]
*---+----+-------------------+-------------------+---------+---------------------
    1    0 7.9286000000000D+03
*---+----+-------------------+-------------------+---------+---------------------
    2    1 7.9286000000000D+03 2.4128300000000D+01
   0.79065    1.0091    1.0256    1.0357    1.0503    1.0667     1.084    1.1022
    1.0941   0.74162
    3    1 7.9286000000000D+03 1.1709463990000D+13
   0.79065    1.0091    1.0256    1.0357    1.0503    1.0667     1.084    1.1022
    1.0941   0.74162
    9    0 7.9286000000000D+03 2.8320000000000D+02
   10    0 7.9286000000000D+03 1.5800000000000D+01
*---+----+-------------------+-------------------+---------+---------------------
*   1: printout of the result at time [hours]
*---+----+-------------------+-------------------+---------+---------------------
    1    0 7.9306000000000D+03
*---+----+-------------------+-------------------+---------+---------------------
    2    1 7.9306000000000D+03 2.2284500000000D+01
   0.53472   0.80446   0.94882     1.065    1.1571    1.2205    1.2511     1.223
    1.1118   0.68348
    3    1 7.9306000000000D+03 1.1904379900000D+13
   0.53472   0.80446   0.94882     1.065    1.1571    1.2205    1.2511     1.223
    1.1118   0.68348
    9    0 7.9306000000000D+03 2.9170000000000D+02
   10    0 7.9306000000000D+03 1.5800000000000D+01
*---+----+-------------------+-------------------+---------+---------------------
*   1: printout of the result at time [hours]
*---+----+-------------------+-------------------+---------+---------------------
    1    0 8.0736000000000D+03
*---+----+-------------------+-------------------+---------+---------------------
    2    1 8.0736000000000D+03 2.2212700000000D+01
   0.70883   0.98741    1.0711    1.1125    1.1331    1.1492    1.1269    1.0903
   0.99533   0.62532
    3    1 8.0736000000000D+03 1.1848254180000D+13
   0.70883   0.98741    1.0711    1.1125    1.1331    1.1492    1.1269    1.0903
   0.99533   0.62532
    9    0 8.0736000000000D+03 2.9170000000000D+02
   10    0 8.0736000000000D+03 1.5800000000000D+01
*---+----+-------------------+-------------------+---------+---------------------
*   1: printout of the result at time [hours]
*---+----+-------------------+-------------------+---------+---------------------
    1    0 1.2969600000000D+04
*---+----+-------------------+-------------------+---------+---------------------
    2    1 1.2969600000000D+04 2.1354900000000D+01
    0.8673    1.1139     1.137    1.1125     1.089    1.0657    1.0423    1.0118
   0.93964   0.62079
    3    1 1.2969600000000D+04 1.1653368930000D+13
    0.8673    1.1139     1.137    1.1125     1.089    1.0657    1.0423    1.0118
   0.93964   0.62079
    9    0 1.2969600000000D+04 2.9170000000000D+02
   10    0 1.2969600000000D+04 1.5800000000000D+01
*---+----+-------------------+-------------------+---------+---------------------
*   1: printout of the result at time [hours]
*---+----+-------------------+-------------------+---------+---------------------
    1    0 1.5621600000000D+04
*---+----+-------------------+-------------------+---------+---------------------
    2    1 1.5621600000000D+04 2.0952100000000D+01
   0.88001    1.0612    1.0476    1.0327    1.0292    1.0343    1.0471    1.0653
    1.0579    0.7447
    3    1 1.5621600000000D+04 1.1506893320000D+13
   0.88001    1.0612    1.0476    1.0327    1.0292    1.0343    1.0471    1.0653
    1.0579    0.7447
    9    0 1.5621600000000D+04 2.9170000000000D+02
   10    0 1.5621600000000D+04 1.5800000000000D+01
*---+----+-------------------+-------------------+---------+---------------------
*   1: printout of the result at time [hours]
*---+----+-------------------+-------------------+---------+---------------------
    1    0 1.6407800000000D+04
*---+----+-------------------+-------------------+---------+---------------------
    2    1 1.6407800000000D+04 1.9566900000000D+01
   0.77319   0.92871    0.9376   0.95851   0.99464    1.0408    1.0963    1.1619
    1.2181   0.89023
    3    1 1.6407800000000D+04 1.0454594670000D+13
   0.77319   0.92871    0.9376   0.95851   0.99464    1.0408    1.0963    1.1619
    1.2181   0.89023
    9    0 1.6407800000000D+04 2.8120000000000D+02
   10    0 1.6407800000000D+04 1.5800000000000D+01
*---+----+-------------------+-------------------+---------+---------------------
*   1: printout of the result at time [hours]
*---+----+-------------------+-------------------+---------+---------------------
    1    0 1.6409800000000D+04
*---+----+-------------------+-------------------+---------+---------------------
    2    1 1.6409800000000D+04 1.8731600000000D+01
   0.43525   0.60502   0.71905   0.84942   0.98993    1.1312    1.2642    1.3785
    1.4577    1.1697
    3    1 1.6409800000000D+04 1.0967351800000D+13
   0.43525   0.60502   0.71905   0.84942   0.98993    1.1312    1.2642    1.3785
    1.4577    1.1697
    9    0 1.6409800000000D+04 2.9170000000000D+02
   10    0 1.6409800000000D+04 1.5800000000000D+01
*---+----+-------------------+-------------------+---------+---------------------
*   1: printout of the result at time [hours]
*---+----+-------------------+-------------------+---------+---------------------
    1    0 1.6552800000000D+04
*---+----+-------------------+-------------------+---------+---------------------
    2    1 1.6552800000000D+04 1.8936000000000D+01
   0.63963   0.82362   0.89074    0.9559    1.0215    1.0856    1.1468    1.2024
    1.2366   0.99715
    3    1 1.6552800000000D+04 1.1109751200000D+13
   0.63963   0.82362   0.89074    0.9559    1.0215    1.0856    1.1468    1.2024
    1.2366   0.99715
    9    0 1.6552800000000D+04 2.9170000000000D+02
   10    0 1.6552800000000D+04 1.5800000000000D+01
*---+----+-------------------+-------------------+---------+---------------------
*   1: printout of the result at time [hours]
*---+----+-------------------+-------------------+---------+---------------------
    1    0 2.1808800000000D+04
*---+----+-------------------+-------------------+---------+---------------------
    2    1 2.1808800000000D+04 1.9359500000000D+01
   0.90054    1.0652    1.0601    1.0491    1.0385    1.0294    1.0226    1.0181
    1.0015   0.81505
    3    1 2.1808800000000D+04 1.1677650400000D+13
   0.90054    1.0652    1.0601    1.0491    1.0385    1.0294    1.0226    1.0181
    1.0015   0.81505
    9    0 2.1808800000000D+04 2.9170000000000D+02
   10    0 2.1808800000000D+04 1.5800000000000D+01
*---+----+-------------------+-------------------+---------+---------------------
*   1: printout of the result at time [hours]
*---+----+-------------------+-------------------+---------+---------------------
    1    0 2.3690400000000D+04
*---+----+-------------------+-------------------+---------+---------------------
    2    1 2.3690400000000D+04 1.9138900000000D+01
   0.90198     1.028    1.0139    1.0055    1.0052    1.0101     1.021    1.0412
     1.075   0.89807
    3    1 2.3690400000000D+04 1.1592431730000D+13
   0.90198     1.028    1.0139    1.0055    1.0052    1.0101     1.021    1.0412
     1.075   0.89807
    9    0 2.3690400000000D+04 2.9170000000000D+02
   10    0 2.3690400000000D+04 1.5800000000000D+01
*---+----+-------------------+-------------------+---------+---------------------
*   1: printout of the result at time [hours]
*---+----+-------------------+-------------------+---------+---------------------
    1    0 2.4426200000000D+04
*---+----+-------------------+-------------------+---------+---------------------
    2    1 2.4426200000000D+04 1.7609400000000D+01
   0.79429   0.90247   0.90878   0.93291   0.96994    1.0146    1.0672    1.1334
    1.2086    1.0678
    3    1 2.4426200000000D+04 1.0366653780000D+13
   0.79429   0.90247   0.90878   0.93291   0.96994    1.0146    1.0672    1.1334
    1.2086    1.0678
    9    0 2.4426200000000D+04 2.8110000000000D+02
   10    0 2.4426200000000D+04 1.5800000000000D+01
*---+----+-------------------+-------------------+---------+---------------------
*   1: printout of the result at time [hours]
*---+----+-------------------+-------------------+---------+---------------------
    1    0 2.4428200000000D+04
*---+----+-------------------+-------------------+---------+---------------------
    2    1 2.4428200000000D+04 1.6034300000000D+01
   0.48696   0.68166   0.81145   0.94092    1.0651    1.1752    1.2612    1.3185
    1.2845   0.97454
    3    1 2.4428200000000D+04 1.0367778380000D+13
   0.48696   0.68166   0.81145   0.94092    1.0651    1.1752    1.2612    1.3185
    1.2845   0.97454
    9    0 2.4428200000000D+04 2.9170000000000D+02
   10    0 2.4428200000000D+04 1.5800000000000D+01
*---+----+-------------------+-------------------+---------+---------------------
*   1: printout of the result at time [hours]
*---+----+-------------------+-------------------+---------+---------------------
    1    0 2.4571200000000D+04
*---+----+-------------------+-------------------+---------+---------------------
    2    1 2.4571200000000D+04 1.5903600000000D+01
   0.68689   0.88911   0.96469     1.022    1.0691    1.1072    1.1352    1.1548
    1.1157    0.8554
    3    1 2.4571200000000D+04 1.0257822000000D+13
   0.68689   0.88911   0.96469     1.022    1.0691    1.1072    1.1352    1.1548
    1.1157    0.8554
    9    0 2.4571200000000D+04 2.9170000000000D+02
   10    0 2.4571200000000D+04 1.5800000000000D+01
*---+----+-------------------+-------------------+---------+---------------------
*   1: printout of the result at time [hours]
*---+----+-------------------+-------------------+---------+---------------------
    1    0 2.8027200000000D+04
*---+----+-------------------+-------------------+---------+---------------------
    2    1 2.8027200000000D+04 1.6291800000000D+01
    0.8775    1.0456    1.0534    1.0471    1.0408     1.037    1.0365    1.0372
    1.0161   0.80887
    3    1 2.8027200000000D+04 1.0573378200000D+13
    0.8775    1.0456    1.0534    1.0471    1.0408     1.037    1.0365    1.0372
    1.0161   0.80887
    9    0 2.8027200000000D+04 2.9170000000000D+02
   10    0 2.8027200000000D+04 1.5800000000000D+01
*---+----+-------------------+-------------------+---------+---------------------
*   1: printout of the result at time [hours]
*---+----+-------------------+-------------------+---------+---------------------
    1    0 3.0187200000000D+04
*---+----+-------------------+-------------------+---------+---------------------
    2    1 3.0187200000000D+04 1.6599300000000D+01
   0.91865    1.0808    1.0739    1.0581     1.043    1.0296    1.0187    1.0092
   0.98101   0.78702
    3    1 3.0187200000000D+04 1.0814443950000D+13
   0.91865    1.0808    1.0739    1.0581     1.043    1.0296    1.0187    1.0092
   0.98101   0.78702
    9    0 3.0187200000000D+04 2.9170000000000D+02
   10    0 3.0187200000000D+04 1.5800000000000D+01
*---+----+-------------------+-------------------+---------+---------------------
*   1: printout of the result at time [hours]
*---+----+-------------------+-------------------+---------+---------------------
    1    0 3.1490400000000D+04
*---+----+-------------------+-------------------+---------+---------------------
    2    1 3.1490400000000D+04 1.6637100000000D+01
   0.89871     1.026    1.0165    1.0112    1.0142     1.021    1.0309    1.0466
    1.0597   0.87515
    3    1 3.1490400000000D+04 1.0830752100000D+13
   0.89871     1.026    1.0165    1.0112    1.0142     1.021    1.0309    1.0466
    1.0597   0.87515
    9    0 3.1490400000000D+04 2.9170000000000D+02
   10    0 3.1490400000000D+04 1.5800000000000D+01
*---+----+-------------------+-------------------+---------+---------------------
*   1: printout of the result at time [hours]
*---+----+-------------------+-------------------+---------+---------------------
    1    0 3.1911800000000D+04
*---+----+-------------------+-------------------+---------+---------------------
    2    1 3.1911800000000D+04 1.5729500000000D+01
   0.80454   0.92107   0.93061   0.95369   0.98846    1.0286    1.0728    1.1241
    1.1838   0.99234
    3    1 3.1911800000000D+04 1.0068452950000D+13
   0.80454   0.92107   0.93061   0.95369   0.98846    1.0286    1.0728    1.1241
    1.1838   0.99234
    9    0 3.1911800000000D+04 2.8640000000000D+02
   10    0 3.1911800000000D+04 1.5800000000000D+01
*---+----+-------------------+-------------------+---------+---------------------
*   1: printout of the result at time [hours]
*---+----+-------------------+-------------------+---------+---------------------
    1    0 3.1913800000000D+04
*---+----+-------------------+-------------------+---------+---------------------
    2    1 3.1913800000000D+04 2.2952000000000D+00
   0.48667   0.70146   0.84568   0.97551    1.0923    1.1899     1.257    1.2857
    1.2226   0.94327
    3    1 3.1913800000000D+04 1.5522437600000D+12
   0.48667   0.70146   0.84568   0.97551    1.0923    1.1899     1.257    1.2857
    1.2226   0.94327
    9    0 3.1913800000000D+04 2.9170000000000D+02
   10    0 3.1913800000000D+04 1.5800000000000D+01
*---+----+-------------------+-------------------+---------+---------------------
*   1: printout of the result at time [hours]
*---+----+-------------------+-------------------+---------+---------------------
    1    0 3.2056800000000D+04
*---+----+-------------------+-------------------+---------+---------------------
    2    1 3.2056800000000D+04 2.3908000000000D+00
   0.67551   0.89761   0.98754    1.0444    1.0854    1.1155    1.1369    1.1272
    1.0787   0.85118
    3    1 3.2056800000000D+04 1.5925118800000D+12
   0.67551   0.89761   0.98754    1.0444    1.0854    1.1155    1.1369    1.1272
    1.0787   0.85118
    9    0 3.2056800000000D+04 2.9170000000000D+02
   10    0 3.2056800000000D+04 1.5800000000000D+01
*---+----+-------------------+-------------------+---------+---------------------
*   1: printout of the result at time [hours]
*---+----+-------------------+-------------------+---------+---------------------
    1    0 3.5512800000000D+04
*---+----+-------------------+-------------------+---------+---------------------
    2    1 3.5512800000000D+04 2.7430000000000D+00
   0.83266    1.0299    1.0634     1.054    1.0485    1.0448    1.0434    1.0401
    1.0135   0.82975
    3    1 3.5512800000000D+04 1.7541485000000D+12
   0.83266    1.0299    1.0634     1.054    1.0485    1.0448    1.0434    1.0401
    1.0135   0.82975
    9    0 3.5512800000000D+04 2.9170000000000D+02
   10    0 3.5512800000000D+04 1.5800000000000D+01
*---+----+-------------------+-------------------+---------+---------------------
*   1: printout of the result at time [hours]
*---+----+-------------------+-------------------+---------+---------------------
    1    0 3.7312800000000D+04
*---+----+-------------------+-------------------+---------+---------------------
    2    1 3.7312800000000D+04 2.9385000000000D+00
   0.86337    1.0587    1.0839    1.0648    1.0505    1.0376    1.0274    1.0165
   0.98554   0.81164
    3    1 3.7312800000000D+04 1.8442026000000D+12
   0.86337    1.0587    1.0839    1.0648    1.0505    1.0376    1.0274    1.0165
   0.98554   0.81164
    9    0 3.7312800000000D+04 2.9170000000000D+02
   10    0 3.7312800000000D+04 1.5800000000000D+01
*---+----+-------------------+-------------------+---------+---------------------
*   1: printout of the result at time [hours]
*---+----+-------------------+-------------------+---------+---------------------
    1    0 3.9067200000000D+04
*---+----+-------------------+-------------------+---------+---------------------
    2    1 3.9067200000000D+04 3.1757000000000D+00
   0.83509   0.99096   0.99537   0.99726    1.0086    1.0262    1.0489    1.0763
    1.0933   0.92798
    3    1 3.9067200000000D+04 1.9444811100000D+12
   0.83509   0.99096   0.99537   0.99726    1.0086    1.0262    1.0489    1.0763
    1.0933   0.92798
    9    0 3.9067200000000D+04 2.9170000000000D+02
   10    0 3.9067200000000D+04 1.5800000000000D+01
*---+----+-------------------+-------------------+---------+---------------------
*   1: printout of the result at time [hours]
*---+----+-------------------+-------------------+---------+---------------------
    1    0 4.0010400000000D+04
*---+----+-------------------+-------------------+---------+---------------------
    2    1 4.0010400000000D+04 2.7621000000000D+00
   0.71323   0.84356   0.86746   0.90547   0.95941    1.0242    1.0992    1.1875
    1.2693    1.1307
    3    1 4.0010400000000D+04 1.6426208700000D+12
   0.71323   0.84356   0.86746   0.90547   0.95941    1.0242    1.0992    1.1875
    1.2693    1.1307
    9    0 4.0010400000000D+04 2.8120000000000D+02
   10    0 4.0010400000000D+04 1.5800000000000D+01
* data point #6146 end
*  00:  last line of data set (finishing the program)
*---+----+-------------------+-------------------+---------+---------------------
00000    0 4.0010400000000D+04
*---+----+-------------------+-------------------+---------+---------------------
