* data point #6104 begin
*
*---+----+-------------------+-------------------+---------+---------------------
*   1: printout of the result at time [hours]
*---+----+-------------------+-------------------+---------+---------------------
    1    0 0.0000000000000D+00
*---+----+-------------------+-------------------+---------+---------------------
    2    1 0.0000000000000D+00 2.3031700000000D+01
   0.51455   0.72387   0.86068   0.98356    1.0974    1.1953    1.2673    1.3028
    1.2284   0.82621
    3    1 0.0000000000000D+00 1.1126614270000D+13
   0.51455   0.72387   0.86068   0.98356    1.0974    1.1953    1.2673    1.3028
    1.2284   0.82621
    9    0 0.0000000000000D+00 2.9170000000000D+02
   10    0 0.0000000000000D+00 1.5800000000000D+01
*---+----+-------------------+-------------------+---------+---------------------
*   1: printout of the result at time [hours]
*---+----+-------------------+-------------------+---------+---------------------
    1    0 1.4400000000000D+02
*---+----+-------------------+-------------------+---------+---------------------
    2    1 1.4400000000000D+02 2.2943800000000D+01
   0.72612   0.94025    1.0177    1.0618     1.094    1.1177    1.1352    1.1257
    1.0592   0.72233
    3    1 1.4400000000000D+02 1.1084149780000D+13
   0.72612   0.94025    1.0177    1.0618     1.094    1.1177    1.1352    1.1257
    1.0592   0.72233
    9    0 1.4400000000000D+02 2.9170000000000D+02
   10    0 1.4400000000000D+02 1.5800000000000D+01
*---+----+-------------------+-------------------+---------+---------------------
*   1: printout of the result at time [hours]
*---+----+-------------------+-------------------+---------+---------------------
    1    0 5.4000000000000D+03
*---+----+-------------------+-------------------+---------+---------------------
    2    1 5.4000000000000D+03 2.4388000000000D+01
   0.88794    1.1521     1.156    1.1236    1.0891    1.0566    1.0261   0.99233
   0.91656    0.5996
    3    1 5.4000000000000D+03 1.1776965200000D+13
   0.88794    1.1521     1.156    1.1236    1.0891    1.0566    1.0261   0.99233
   0.91656    0.5996
    9    0 5.4000000000000D+03 2.9170000000000D+02
   10    0 5.4000000000000D+03 1.5800000000000D+01
*---+----+-------------------+-------------------+---------+---------------------
*   1: printout of the result at time [hours]
*---+----+-------------------+-------------------+---------+---------------------
    1    0 7.2816000000000D+03
*---+----+-------------------+-------------------+---------+---------------------
    2    1 7.2816000000000D+03 2.4334300000000D+01
   0.87576    1.1089    1.0896    1.0662    1.0509    1.0411    1.0364    1.0369
    1.0132   0.68106
    3    1 7.2816000000000D+03 1.1768067480000D+13
   0.87576    1.1089    1.0896    1.0662    1.0509    1.0411    1.0364    1.0369
    1.0132   0.68106
    9    0 7.2816000000000D+03 2.9170000000000D+02
   10    0 7.2816000000000D+03 1.5800000000000D+01
*---+----+-------------------+-------------------+---------+---------------------
*   1: printout of the result at time [hours]
*---+----+-------------------+-------------------+---------+---------------------
    1    0 8.0174000000000D+03
*---+----+-------------------+-------------------+---------+---------------------
    2    1 8.0174000000000D+03 2.2723600000000D+01
   0.77127   0.97132   0.97929   0.99337    1.0196    1.0523    1.0909    1.1378
    1.1677   0.81646
    3    1 8.0174000000000D+03 1.0693726160000D+13
   0.77127   0.97132   0.97929   0.99337    1.0196    1.0523    1.0909    1.1378
    1.1677   0.81646
    9    0 8.0174000000000D+03 2.8110000000000D+02
   10    0 8.0174000000000D+03 1.5800000000000D+01
*---+----+-------------------+-------------------+---------+---------------------
*   1: printout of the result at time [hours]
*---+----+-------------------+-------------------+---------+---------------------
    1    0 8.0194000000000D+03
*---+----+-------------------+-------------------+---------+---------------------
    2    1 8.0194000000000D+03 2.1720800000000D+01
   0.44796   0.71056   0.85853   0.99329    1.1169    1.2201    1.2913    1.3205
    1.2305   0.81033
    3    1 8.0194000000000D+03 1.1034166400000D+13
   0.44796   0.71056   0.85853   0.99329    1.1169    1.2201    1.2913    1.3205
    1.2305   0.81033
    9    0 8.0194000000000D+03 2.9170000000000D+02
   10    0 8.0194000000000D+03 1.5800000000000D+01
*---+----+-------------------+-------------------+---------+---------------------
*   1: printout of the result at time [hours]
*---+----+-------------------+-------------------+---------+---------------------
    1    0 8.1624000000000D+03
*---+----+-------------------+-------------------+---------+---------------------
    2    1 8.1624000000000D+03 2.1675200000000D+01
    0.6375   0.93083    1.0228     1.078    1.1172    1.1431    1.1581    1.1425
    1.0618   0.70823
    3    1 8.1624000000000D+03 1.1015336640000D+13
    0.6375   0.93083    1.0228     1.078    1.1172    1.1431    1.1581    1.1425
    1.0618   0.70823
    9    0 8.1624000000000D+03 2.9170000000000D+02
   10    0 8.1624000000000D+03 1.5800000000000D+01
*---+----+-------------------+-------------------+---------+---------------------
*   1: printout of the result at time [hours]
*---+----+-------------------+-------------------+---------+---------------------
    1    0 1.1618400000000D+04
*---+----+-------------------+-------------------+---------+---------------------
    2    1 1.1618400000000D+04 2.0480100000000D+01
   0.84521    1.0803    1.0852     1.072    1.0599    1.0504    1.0439     1.038
    1.0006   0.72451
    3    1 1.1618400000000D+04 1.0557491550000D+13
   0.84521    1.0803    1.0852     1.072    1.0599    1.0504    1.0439     1.038
    1.0006   0.72451
    9    0 1.1618400000000D+04 2.9170000000000D+02
   10    0 1.1618400000000D+04 1.5800000000000D+01
*---+----+-------------------+-------------------+---------+---------------------
*   1: printout of the result at time [hours]
*---+----+-------------------+-------------------+---------+---------------------
    1    0 1.3778400000000D+04
*---+----+-------------------+-------------------+---------+---------------------
    2    1 1.3778400000000D+04 1.9718800000000D+01
    0.8998    1.0949    1.0791    1.0609    1.0464    1.0342    1.0249    1.0189
   0.99321   0.74776
    3    1 1.3778400000000D+04 1.0249832240000D+13
    0.8998    1.0949    1.0791    1.0609    1.0464    1.0342    1.0249    1.0189
   0.99321   0.74776
    9    0 1.3778400000000D+04 2.9170000000000D+02
   10    0 1.3778400000000D+04 1.5800000000000D+01
*---+----+-------------------+-------------------+---------+---------------------
*   1: printout of the result at time [hours]
*---+----+-------------------+-------------------+---------+---------------------
    1    0 1.5081600000000D+04
*---+----+-------------------+-------------------+---------+---------------------
    2    1 1.5081600000000D+04 1.9608200000000D+01
   0.89447    1.0513    1.0332    1.0217    1.0191    1.0208     1.027     1.042
    1.0593   0.83108
    3    1 1.5081600000000D+04 1.0247245320000D+13
   0.89447    1.0513    1.0332    1.0217    1.0191    1.0208     1.027     1.042
    1.0593   0.83108
    9    0 1.5081600000000D+04 2.9170000000000D+02
   10    0 1.5081600000000D+04 1.5800000000000D+01
*---+----+-------------------+-------------------+---------+---------------------
*   1: printout of the result at time [hours]
*---+----+-------------------+-------------------+---------+---------------------
    1    0 1.5503000000000D+04
*---+----+-------------------+-------------------+---------+---------------------
    2    1 1.5503000000000D+04 1.8476600000000D+01
   0.80567   0.94893   0.95066   0.96744   0.99612    1.0301    1.0688     1.117
    1.1734   0.94189
    3    1 1.5503000000000D+04 9.5099060200000D+12
   0.80567   0.94893   0.95066   0.96744   0.99612    1.0301    1.0688     1.117
    1.1734   0.94189
    9    0 1.5503000000000D+04 2.8640000000000D+02
   10    0 1.5503000000000D+04 1.5800000000000D+01
*---+----+-------------------+-------------------+---------+---------------------
*   1: printout of the result at time [hours]
*---+----+-------------------+-------------------+---------+---------------------
    1    0 1.5505000000000D+04
*---+----+-------------------+-------------------+---------+---------------------
    2    1 1.5505000000000D+04 2.1632300000000D+01
   0.50328   0.72119    0.8559    0.9839    1.1015    1.1993    1.2667    1.2974
    1.2347   0.83611
    3    1 1.5505000000000D+04 1.2412613740000D+13
   0.50328   0.72119    0.8559    0.9839    1.1015    1.1993    1.2667    1.2974
    1.2347   0.83611
    9    0 1.5505000000000D+04 2.9170000000000D+02
   10    0 1.5505000000000D+04 1.5800000000000D+01
*---+----+-------------------+-------------------+---------+---------------------
*   1: printout of the result at time [hours]
*---+----+-------------------+-------------------+---------+---------------------
    1    0 1.5648000000000D+04
*---+----+-------------------+-------------------+---------+---------------------
    2    1 1.5648000000000D+04 2.1181700000000D+01
   0.69895   0.92622    1.0034    1.0563     1.096     1.124    1.1424    1.1331
    1.0794   0.74031
    3    1 1.5648000000000D+04 1.2168886650000D+13
   0.69895   0.92622    1.0034    1.0563     1.096     1.124    1.1424    1.1331
    1.0794   0.74031
    9    0 1.5648000000000D+04 2.9170000000000D+02
   10    0 1.5648000000000D+04 1.5800000000000D+01
*---+----+-------------------+-------------------+---------+---------------------
*   1: printout of the result at time [hours]
*---+----+-------------------+-------------------+---------+---------------------
    1    0 1.9104000000000D+04
*---+----+-------------------+-------------------+---------+---------------------
    2    1 1.9104000000000D+04 2.0759100000000D+01
    0.8733    1.0705    1.0871    1.0714    1.0602    1.0504    1.0424    1.0332
   0.99754     0.714
    3    1 1.9104000000000D+04 1.2507357750000D+13
    0.8733    1.0705    1.0871    1.0714    1.0602    1.0504    1.0424    1.0332
   0.99754     0.714
    9    0 1.9104000000000D+04 2.9170000000000D+02
   10    0 1.9104000000000D+04 1.5800000000000D+01
*---+----+-------------------+-------------------+---------+---------------------
*   1: printout of the result at time [hours]
*---+----+-------------------+-------------------+---------+---------------------
    1    0 2.0904000000000D+04
*---+----+-------------------+-------------------+---------+---------------------
    2    1 2.0904000000000D+04 2.0859700000000D+01
   0.90625    1.1005     1.102    1.0829    1.0624    1.0433    1.0262    1.0091
   0.96852   0.69872
    3    1 2.0904000000000D+04 1.2784910130000D+13
   0.90625    1.1005     1.102    1.0829    1.0624    1.0433    1.0262    1.0091
   0.96852   0.69872
    9    0 2.0904000000000D+04 2.9170000000000D+02
   10    0 2.0904000000000D+04 1.5800000000000D+01
*---+----+-------------------+-------------------+---------+---------------------
*   1: printout of the result at time [hours]
*---+----+-------------------+-------------------+---------+---------------------
    1    0 2.2658400000000D+04
*---+----+-------------------+-------------------+---------+---------------------
    2    1 2.2658400000000D+04 2.0634600000000D+01
   0.87896    1.0264    1.0171    1.0136    1.0201    1.0321    1.0482    1.0693
    1.0817   0.81252
    3    1 2.2658400000000D+04 1.2735675120000D+13
   0.87896    1.0264    1.0171    1.0136    1.0201    1.0321    1.0482    1.0693
    1.0817   0.81252
    9    0 2.2658400000000D+04 2.9170000000000D+02
   10    0 2.2658400000000D+04 1.5800000000000D+01
*---+----+-------------------+-------------------+---------+---------------------
*   1: printout of the result at time [hours]
*---+----+-------------------+-------------------+---------+---------------------
    1    0 2.3601600000000D+04
*---+----+-------------------+-------------------+---------+---------------------
    2    1 2.3601600000000D+04 1.8079100000000D+01
   0.74423   0.86608   0.88212   0.91857    0.9714     1.034    1.1058    1.1909
     1.273    1.0139
    3    1 2.3601600000000D+04 1.0836612540000D+13
   0.74423   0.86608   0.88212   0.91857    0.9714     1.034    1.1058    1.1909
     1.273    1.0139
    9    0 2.3601600000000D+04 2.8120000000000D+02
   10    0 2.3601600000000D+04 1.5800000000000D+01
* data point #6104 end
*  00:  last line of data set (finishing the program)
*---+----+-------------------+-------------------+---------+---------------------
00000    0 2.3601600000000D+04
*---+----+-------------------+-------------------+---------+---------------------
