* data point #608 begin
*
*---+----+-------------------+-------------------+---------+---------------------
*   1: printout of the result at time [hours]
*---+----+-------------------+-------------------+---------+---------------------
    1    0 0.0000000000000D+00
*---+----+-------------------+-------------------+---------+---------------------
    2    1 0.0000000000000D+00 2.4126500000000D+01
   0.51591   0.72555   0.86229   0.98498    1.0984    1.1956    1.2666    1.3011
     1.226   0.82362
    3    1 0.0000000000000D+00 1.1821985000000D+13
   0.51591   0.72555   0.86229   0.98498    1.0984    1.1956    1.2666    1.3011
     1.226   0.82362
    9    0 0.0000000000000D+00 2.9170000000000D+02
   10    0 0.0000000000000D+00 1.5800000000000D+01
*---+----+-------------------+-------------------+---------+---------------------
*   1: printout of the result at time [hours]
*---+----+-------------------+-------------------+---------+---------------------
    1    0 1.4400000000000D+02
*---+----+-------------------+-------------------+---------+---------------------
    2    1 1.4400000000000D+02 2.3911600000000D+01
   0.72768   0.94201    1.0191    1.0628    1.0945    1.1177    1.1343    1.1242
    1.0573   0.72028
    3    1 1.4400000000000D+02 1.1750160240000D+13
   0.72768   0.94201    1.0191    1.0628    1.0945    1.1177    1.1343    1.1242
    1.0573   0.72028
    9    0 1.4400000000000D+02 2.9170000000000D+02
   10    0 1.4400000000000D+02 1.5800000000000D+01
*---+----+-------------------+-------------------+---------+---------------------
*   1: printout of the result at time [hours]
*---+----+-------------------+-------------------+---------+---------------------
    1    0 5.4000000000000D+03
*---+----+-------------------+-------------------+---------+---------------------
    2    1 5.4000000000000D+03 2.6217300000000D+01
   0.88838    1.1534    1.1566    1.1239    1.0892    1.0565    1.0257   0.99171
   0.91592   0.59861
    3    1 5.4000000000000D+03 1.2602656110000D+13
   0.88838    1.1534    1.1566    1.1239    1.0892    1.0565    1.0257   0.99171
   0.91592   0.59861
    9    0 5.4000000000000D+03 2.9170000000000D+02
   10    0 5.4000000000000D+03 1.5800000000000D+01
*---+----+-------------------+-------------------+---------+---------------------
*   1: printout of the result at time [hours]
*---+----+-------------------+-------------------+---------+---------------------
    1    0 7.2816000000000D+03
*---+----+-------------------+-------------------+---------+---------------------
    2    1 7.2816000000000D+03 2.5975700000000D+01
   0.87643    1.1085    1.0889    1.0656    1.0505    1.0408    1.0362    1.0371
     1.014   0.68191
    3    1 7.2816000000000D+03 1.2561848520000D+13
   0.87643    1.1085    1.0889    1.0656    1.0505    1.0408    1.0362    1.0371
     1.014   0.68191
    9    0 7.2816000000000D+03 2.9170000000000D+02
   10    0 7.2816000000000D+03 1.5800000000000D+01
*---+----+-------------------+-------------------+---------+---------------------
*   1: printout of the result at time [hours]
*---+----+-------------------+-------------------+---------+---------------------
    1    0 8.0174000000000D+03
*---+----+-------------------+-------------------+---------+---------------------
    2    1 8.0174000000000D+03 2.4255900000000D+01
   0.77169   0.97069   0.97848   0.99275    1.0191     1.052    1.0908    1.1379
    1.1687   0.81782
    3    1 8.0174000000000D+03 1.1419677720000D+13
   0.77169   0.97069   0.97848   0.99275    1.0191     1.052    1.0908    1.1379
    1.1687   0.81782
    9    0 8.0174000000000D+03 2.8110000000000D+02
   10    0 8.0174000000000D+03 1.5800000000000D+01
*---+----+-------------------+-------------------+---------+---------------------
*   1: printout of the result at time [hours]
*---+----+-------------------+-------------------+---------+---------------------
    1    0 8.0194000000000D+03
*---+----+-------------------+-------------------+---------+---------------------
    2    1 8.0194000000000D+03 2.2841400000000D+01
   0.44612   0.70674   0.85441   0.98987     1.115    1.2203    1.2941    1.3257
    1.2353   0.81243
    3    1 8.0194000000000D+03 1.1779309980000D+13
   0.44612   0.70674   0.85441   0.98987     1.115    1.2203    1.2941    1.3257
    1.2353   0.81243
    9    0 8.0194000000000D+03 2.9170000000000D+02
   10    0 8.0194000000000D+03 1.5800000000000D+01
*---+----+-------------------+-------------------+---------+---------------------
*   1: printout of the result at time [hours]
*---+----+-------------------+-------------------+---------+---------------------
    1    0 8.1624000000000D+03
*---+----+-------------------+-------------------+---------+---------------------
    2    1 8.1624000000000D+03 2.2799300000000D+01
   0.63577   0.92713    1.0191    1.0753     1.116    1.1437    1.1606    1.1466
    1.0657   0.71002
    3    1 8.1624000000000D+03 1.1768998660000D+13
   0.63577   0.92713    1.0191    1.0753     1.116    1.1437    1.1606    1.1466
    1.0657   0.71002
    9    0 8.1624000000000D+03 2.9170000000000D+02
   10    0 8.1624000000000D+03 1.5800000000000D+01
*---+----+-------------------+-------------------+---------+---------------------
*   1: printout of the result at time [hours]
*---+----+-------------------+-------------------+---------+---------------------
    1    0 1.1618400000000D+04
*---+----+-------------------+-------------------+---------+---------------------
    2    1 1.1618400000000D+04 2.1525900000000D+01
   0.84438    1.0786    1.0837     1.071    1.0596    1.0507    1.0449    1.0397
    1.0023   0.72517
    3    1 1.1618400000000D+04 1.1232214620000D+13
   0.84438    1.0786    1.0837     1.071    1.0596    1.0507    1.0449    1.0397
    1.0023   0.72517
    9    0 1.1618400000000D+04 2.9170000000000D+02
   10    0 1.1618400000000D+04 1.5800000000000D+01
*---+----+-------------------+-------------------+---------+---------------------
*   1: printout of the result at time [hours]
*---+----+-------------------+-------------------+---------+---------------------
    1    0 1.3778400000000D+04
*---+----+-------------------+-------------------+---------+---------------------
    2    1 1.3778400000000D+04 2.0708300000000D+01
    0.8993    1.0939    1.0783    1.0604    1.0462    1.0343    1.0254    1.0199
   0.99419   0.74811
    3    1 1.3778400000000D+04 1.0873928330000D+13
    0.8993    1.0939    1.0783    1.0604    1.0462    1.0343    1.0254    1.0199
   0.99419   0.74811
    9    0 1.3778400000000D+04 2.9170000000000D+02
   10    0 1.3778400000000D+04 1.5800000000000D+01
*---+----+-------------------+-------------------+---------+---------------------
*   1: printout of the result at time [hours]
*---+----+-------------------+-------------------+---------+---------------------
    1    0 1.5081600000000D+04
*---+----+-------------------+-------------------+---------+---------------------
    2    1 1.5081600000000D+04 2.0533300000000D+01
   0.89416    1.0506    1.0327    1.0213    1.0188    1.0208    1.0273    1.0428
    1.0601   0.83143
    3    1 1.5081600000000D+04 1.0821049100000D+13
   0.89416    1.0506    1.0327    1.0213    1.0188    1.0208    1.0273    1.0428
    1.0601   0.83143
    9    0 1.5081600000000D+04 2.9170000000000D+02
   10    0 1.5081600000000D+04 1.5800000000000D+01
*---+----+-------------------+-------------------+---------+---------------------
*   1: printout of the result at time [hours]
*---+----+-------------------+-------------------+---------+---------------------
    1    0 1.5503000000000D+04
*---+----+-------------------+-------------------+---------+---------------------
    2    1 1.5503000000000D+04 1.9345300000000D+01
   0.80536   0.94834   0.95015     0.967   0.99585      1.03     1.069    1.1177
    1.1743    0.9423
    3    1 1.5503000000000D+04 1.0034407110000D+13
   0.80536   0.94834   0.95015     0.967   0.99585      1.03     1.069    1.1177
    1.1743    0.9423
    9    0 1.5503000000000D+04 2.8640000000000D+02
   10    0 1.5503000000000D+04 1.5800000000000D+01
*---+----+-------------------+-------------------+---------+---------------------
*   1: printout of the result at time [hours]
*---+----+-------------------+-------------------+---------+---------------------
    1    0 1.5505000000000D+04
*---+----+-------------------+-------------------+---------+---------------------
    2    1 1.5505000000000D+04 1.9760300000000D+01
   0.50753   0.72848   0.86406   0.99153    1.1074    1.2025    1.2661    1.2914
    1.2214   0.81962
    3    1 1.5505000000000D+04 1.1219898340000D+13
   0.50753   0.72848   0.86406   0.99153    1.1074    1.2025    1.2661    1.2914
    1.2214   0.81962
    9    0 1.5505000000000D+04 2.9170000000000D+02
   10    0 1.5505000000000D+04 1.5800000000000D+01
*---+----+-------------------+-------------------+---------+---------------------
*   1: printout of the result at time [hours]
*---+----+-------------------+-------------------+---------+---------------------
    1    0 1.5648000000000D+04
*---+----+-------------------+-------------------+---------+---------------------
    2    1 1.5648000000000D+04 1.9500200000000D+01
   0.70292   0.93307    1.0106    1.0624    1.1002    1.1258    1.1413    1.1281
    1.0687   0.72697
    3    1 1.5648000000000D+04 1.1039063220000D+13
   0.70292   0.93307    1.0106    1.0624    1.1002    1.1258    1.1413    1.1281
    1.0687   0.72697
    9    0 1.5648000000000D+04 2.9170000000000D+02
   10    0 1.5648000000000D+04 1.5800000000000D+01
*---+----+-------------------+-------------------+---------+---------------------
*   1: printout of the result at time [hours]
*---+----+-------------------+-------------------+---------+---------------------
    1    0 1.9104000000000D+04
*---+----+-------------------+-------------------+---------+---------------------
    2    1 1.9104000000000D+04 1.9707400000000D+01
   0.87485    1.0736    1.0903     1.074     1.062    1.0513    1.0423    1.0316
   0.99303   0.70699
    3    1 1.9104000000000D+04 1.1315989080000D+13
   0.87485    1.0736    1.0903     1.074     1.062    1.0513    1.0423    1.0316
   0.99303   0.70699
    9    0 1.9104000000000D+04 2.9170000000000D+02
   10    0 1.9104000000000D+04 1.5800000000000D+01
*---+----+-------------------+-------------------+---------+---------------------
*   1: printout of the result at time [hours]
*---+----+-------------------+-------------------+---------+---------------------
    1    0 2.0904000000000D+04
*---+----+-------------------+-------------------+---------+---------------------
    2    1 2.0904000000000D+04 1.9881100000000D+01
   0.90699    1.1022    1.1037    1.0844    1.0636    1.0442    1.0266    1.0085
   0.96594   0.69393
    3    1 2.0904000000000D+04 1.1515133120000D+13
   0.90699    1.1022    1.1037    1.0844    1.0636    1.0442    1.0266    1.0085
   0.96594   0.69393
    9    0 2.0904000000000D+04 2.9170000000000D+02
   10    0 2.0904000000000D+04 1.5800000000000D+01
*---+----+-------------------+-------------------+---------+---------------------
*   1: printout of the result at time [hours]
*---+----+-------------------+-------------------+---------+---------------------
    1    0 2.2658400000000D+04
*---+----+-------------------+-------------------+---------+---------------------
    2    1 2.2658400000000D+04 1.9768100000000D+01
   0.87909    1.0267    1.0176    1.0142    1.0208    1.0329     1.049    1.0698
    1.0808   0.80908
    3    1 2.2658400000000D+04 1.1489219720000D+13
   0.87909    1.0267    1.0176    1.0142    1.0208    1.0329     1.049    1.0698
    1.0808   0.80908
    9    0 2.2658400000000D+04 2.9170000000000D+02
   10    0 2.2658400000000D+04 1.5800000000000D+01
*---+----+-------------------+-------------------+---------+---------------------
*   1: printout of the result at time [hours]
*---+----+-------------------+-------------------+---------+---------------------
    1    0 2.3601600000000D+04
*---+----+-------------------+-------------------+---------+---------------------
    2    1 2.3601600000000D+04 1.7221300000000D+01
   0.74425   0.86631   0.88245   0.91909   0.97205    1.0347    1.1067    1.1917
    1.2724    1.0104
    3    1 2.3601600000000D+04 9.7283123700000D+12
   0.74425   0.86631   0.88245   0.91909   0.97205    1.0347    1.1067    1.1917
    1.2724    1.0104
    9    0 2.3601600000000D+04 2.8120000000000D+02
   10    0 2.3601600000000D+04 1.5800000000000D+01
* data point #608 end
*  00:  last line of data set (finishing the program)
*---+----+-------------------+-------------------+---------+---------------------
00000    0 2.3601600000000D+04
*---+----+-------------------+-------------------+---------+---------------------
