* data point #6032 begin
*
*---+----+-------------------+-------------------+---------+---------------------
*   1: printout of the result at time [hours]
*---+----+-------------------+-------------------+---------+---------------------
    1    0 0.0000000000000D+00
*---+----+-------------------+-------------------+---------+---------------------
    2    1 0.0000000000000D+00 2.4195700000000D+01
   0.63263   0.99799     1.103    1.1527    1.1792    1.1823    1.1602    1.1059
   0.96616   0.51993
    3    1 0.0000000000000D+00 9.9226565700000D+12
   0.63263   0.99799     1.103    1.1527    1.1792    1.1823    1.1602    1.1059
   0.96616   0.51993
    9    0 0.0000000000000D+00 2.9170000000000D+02
   10    0 0.0000000000000D+00 1.5800000000000D+01
*---+----+-------------------+-------------------+---------+---------------------
*   1: printout of the result at time [hours]
*---+----+-------------------+-------------------+---------+---------------------
    1    0 1.4400000000000D+02
*---+----+-------------------+-------------------+---------+---------------------
    2    1 1.4400000000000D+02 2.4429700000000D+01
    0.7628    1.1234    1.1765    1.1625    1.1424     1.114    1.0773    1.0256
   0.90865   0.50696
    3    1 1.4400000000000D+02 1.0084580160000D+13
    0.7628    1.1234    1.1765    1.1625    1.1424     1.114    1.0773    1.0256
   0.90865   0.50696
    9    0 1.4400000000000D+02 2.9170000000000D+02
   10    0 1.4400000000000D+02 1.5800000000000D+01
*---+----+-------------------+-------------------+---------+---------------------
*   1: printout of the result at time [hours]
*---+----+-------------------+-------------------+---------+---------------------
    1    0 1.4400000000000D+03
*---+----+-------------------+-------------------+---------+---------------------
    2    1 1.4400000000000D+03 2.4138400000000D+01
   0.81161    1.1328     1.148    1.1278    1.1069    1.0859    1.0631     1.032
   0.94236   0.54958
    3    1 1.4400000000000D+03 1.0133300320000D+13
   0.81161    1.1328     1.148    1.1278    1.1069    1.0859    1.0631     1.032
   0.94236   0.54958
    9    0 1.4400000000000D+03 2.9170000000000D+02
   10    0 1.4400000000000D+03 1.5800000000000D+01
*---+----+-------------------+-------------------+---------+---------------------
*   1: printout of the result at time [hours]
*---+----+-------------------+-------------------+---------+---------------------
    1    0 3.0456000000000D+03
*---+----+-------------------+-------------------+---------+---------------------
    2    1 3.0456000000000D+03 2.3842000000000D+01
   0.84276    1.1118     1.099    1.0738     1.056    1.0443      1.04    1.0449
    1.0276   0.65993
    3    1 3.0456000000000D+03 1.0151923600000D+13
   0.84276    1.1118     1.099    1.0738     1.056    1.0443      1.04    1.0449
    1.0276   0.65993
    9    0 3.0456000000000D+03 2.9170000000000D+02
   10    0 3.0456000000000D+03 1.5800000000000D+01
*---+----+-------------------+-------------------+---------+---------------------
*   1: printout of the result at time [hours]
*---+----+-------------------+-------------------+---------+---------------------
    1    0 4.9008000000000D+03
*---+----+-------------------+-------------------+---------+---------------------
    2    1 4.9008000000000D+03 1.8374500000000D+01
   0.68943   0.89129   0.91311   0.94533    0.9929    1.0501    1.1182    1.2042
    1.2917    0.9037
    3    1 4.9008000000000D+03 7.5353824500000D+12
   0.68943   0.89129   0.91311   0.94533    0.9929    1.0501    1.1182    1.2042
    1.2917    0.9037
    9    0 4.9008000000000D+03 2.7330000000000D+02
   10    0 4.9008000000000D+03 1.5800000000000D+01
*---+----+-------------------+-------------------+---------+---------------------
*   1: printout of the result at time [hours]
*---+----+-------------------+-------------------+---------+---------------------
    1    0 4.9046000000000D+03
*---+----+-------------------+-------------------+---------+---------------------
    2    1 4.9046000000000D+03 1.1046800000000D+01
   0.53816   0.72329   0.77986   0.85391   0.94969    1.0623    1.1927    1.3454
     1.494    1.0608
    3    1 4.9046000000000D+03 4.5225599200000D+12
   0.53816   0.72329   0.77986   0.85391   0.94969    1.0623    1.1927    1.3454
     1.494    1.0608
    9    0 4.9046000000000D+03 2.8340000000000D+02
   10    0 4.9046000000000D+03 1.5800000000000D+01
*---+----+-------------------+-------------------+---------+---------------------
*   1: printout of the result at time [hours]
*---+----+-------------------+-------------------+---------+---------------------
    1    0 4.9066000000000D+03
*---+----+-------------------+-------------------+---------+---------------------
    2    1 4.9066000000000D+03 2.6677600000000D+01
   0.75929    1.1141    1.1947     1.211    1.1845    1.1369    1.0709   0.98607
   0.85266   0.48981
    3    1 4.9066000000000D+03 1.2164985600000D+13
   0.75929    1.1141    1.1947     1.211    1.1845    1.1369    1.0709   0.98607
   0.85266   0.48981
    9    0 4.9066000000000D+03 2.9170000000000D+02
   10    0 4.9066000000000D+03 1.5800000000000D+01
*---+----+-------------------+-------------------+---------+---------------------
*   1: printout of the result at time [hours]
*---+----+-------------------+-------------------+---------+---------------------
    1    0 5.0496000000000D+03
*---+----+-------------------+-------------------+---------+---------------------
    2    1 5.0496000000000D+03 2.6966300000000D+01
   0.86234    1.1937    1.2279    1.1913    1.1427    1.0847    1.0209   0.94826
   0.83441   0.49373
    3    1 5.0496000000000D+03 1.2331688990000D+13
   0.86234    1.1937    1.2279    1.1913    1.1427    1.0847    1.0209   0.94826
   0.83441   0.49373
    9    0 5.0496000000000D+03 2.9170000000000D+02
   10    0 5.0496000000000D+03 1.5800000000000D+01
*---+----+-------------------+-------------------+---------+---------------------
*   1: printout of the result at time [hours]
*---+----+-------------------+-------------------+---------+---------------------
    1    0 6.4656000000000D+03
*---+----+-------------------+-------------------+---------+---------------------
    2    1 6.4656000000000D+03 2.6292600000000D+01
   0.86705    1.1396    1.1468    1.1237    1.0962    1.0672    1.0369    1.0027
   0.93346   0.58632
    3    1 6.4656000000000D+03 1.2178732320000D+13
   0.86705    1.1396    1.1468    1.1237    1.0962    1.0672    1.0369    1.0027
   0.93346   0.58632
    9    0 6.4656000000000D+03 2.9170000000000D+02
   10    0 6.4656000000000D+03 1.5800000000000D+01
*---+----+-------------------+-------------------+---------+---------------------
*   1: printout of the result at time [hours]
*---+----+-------------------+-------------------+---------+---------------------
    1    0 7.2912000000000D+03
*---+----+-------------------+-------------------+---------+---------------------
    2    1 7.2912000000000D+03 2.6026700000000D+01
   0.88382    1.1332    1.1242    1.0985    1.0734      1.05    1.0289    1.0096
   0.96647   0.63193
    3    1 7.2912000000000D+03 1.2115428850000D+13
   0.88382    1.1332    1.1242    1.0985    1.0734      1.05    1.0289    1.0096
   0.96647   0.63193
    9    0 7.2912000000000D+03 2.9170000000000D+02
   10    0 7.2912000000000D+03 1.5800000000000D+01
*---+----+-------------------+-------------------+---------+---------------------
*   1: printout of the result at time [hours]
*---+----+-------------------+-------------------+---------+---------------------
    1    0 7.9286000000000D+03
*---+----+-------------------+-------------------+---------+---------------------
    2    1 7.9286000000000D+03 2.4791200000000D+01
   0.79113    1.0094    1.0257    1.0356    1.0501    1.0664    1.0838     1.102
    1.0941   0.74167
    3    1 7.9286000000000D+03 1.1317182800000D+13
   0.79113    1.0094    1.0257    1.0356    1.0501    1.0664    1.0838     1.102
    1.0941   0.74167
    9    0 7.9286000000000D+03 2.8320000000000D+02
   10    0 7.9286000000000D+03 1.5800000000000D+01
*---+----+-------------------+-------------------+---------+---------------------
*   1: printout of the result at time [hours]
*---+----+-------------------+-------------------+---------+---------------------
    1    0 7.9306000000000D+03
*---+----+-------------------+-------------------+---------+---------------------
    2    1 7.9306000000000D+03 2.3644000000000D+01
   0.53303   0.80164   0.94595    1.0626    1.1557    1.2203    1.2522    1.2255
    1.1158   0.68732
    3    1 7.9306000000000D+03 1.1874016800000D+13
   0.53303   0.80164   0.94595    1.0626    1.1557    1.2203    1.2522    1.2255
    1.1158   0.68732
    9    0 7.9306000000000D+03 2.9170000000000D+02
   10    0 7.9306000000000D+03 1.5800000000000D+01
*---+----+-------------------+-------------------+---------+---------------------
*   1: printout of the result at time [hours]
*---+----+-------------------+-------------------+---------+---------------------
    1    0 8.0736000000000D+03
*---+----+-------------------+-------------------+---------+---------------------
    2    1 8.0736000000000D+03 2.3545200000000D+01
   0.70698   0.98449    1.0684    1.1107    1.1322    1.1492    1.1281    1.0926
   0.99863   0.62866
    3    1 8.0736000000000D+03 1.1817335880000D+13
   0.70698   0.98449    1.0684    1.1107    1.1322    1.1492    1.1281    1.0926
   0.99863   0.62866
    9    0 8.0736000000000D+03 2.9170000000000D+02
   10    0 8.0736000000000D+03 1.5800000000000D+01
*---+----+-------------------+-------------------+---------+---------------------
*   1: printout of the result at time [hours]
*---+----+-------------------+-------------------+---------+---------------------
    1    0 1.2969600000000D+04
*---+----+-------------------+-------------------+---------+---------------------
    2    1 1.2969600000000D+04 2.2516200000000D+01
   0.86644    1.1127    1.1361     1.112    1.0888    1.0659    1.0428    1.0126
   0.94066   0.62209
    3    1 1.2969600000000D+04 1.1683656180000D+13
   0.86644    1.1127    1.1361     1.112    1.0888    1.0659    1.0428    1.0126
   0.94066   0.62209
    9    0 1.2969600000000D+04 2.9170000000000D+02
   10    0 1.2969600000000D+04 1.5800000000000D+01
*---+----+-------------------+-------------------+---------+---------------------
*   1: printout of the result at time [hours]
*---+----+-------------------+-------------------+---------+---------------------
    1    0 1.5621600000000D+04
*---+----+-------------------+-------------------+---------+---------------------
    2    1 1.5621600000000D+04 2.2008100000000D+01
   0.87945    1.0614     1.048    1.0331    1.0294    1.0344    1.0471    1.0651
    1.0575   0.74454
    3    1 1.5621600000000D+04 1.1556453310000D+13
   0.87945    1.0614     1.048    1.0331    1.0294    1.0344    1.0471    1.0651
    1.0575   0.74454
    9    0 1.5621600000000D+04 2.9170000000000D+02
   10    0 1.5621600000000D+04 1.5800000000000D+01
*---+----+-------------------+-------------------+---------+---------------------
*   1: printout of the result at time [hours]
*---+----+-------------------+-------------------+---------+---------------------
    1    0 1.6407800000000D+04
*---+----+-------------------+-------------------+---------+---------------------
    2    1 1.6407800000000D+04 2.0546700000000D+01
   0.77282   0.92896   0.93806   0.95889   0.99486    1.0409    1.0963    1.1617
    1.2177   0.88988
    3    1 1.6407800000000D+04 1.0505527710000D+13
   0.77282   0.92896   0.93806   0.95889   0.99486    1.0409    1.0963    1.1617
    1.2177   0.88988
    9    0 1.6407800000000D+04 2.8120000000000D+02
   10    0 1.6407800000000D+04 1.5800000000000D+01
*---+----+-------------------+-------------------+---------+---------------------
*   1: printout of the result at time [hours]
*---+----+-------------------+-------------------+---------+---------------------
    1    0 1.6409800000000D+04
*---+----+-------------------+-------------------+---------+---------------------
    2    1 1.6409800000000D+04 1.9523000000000D+01
   0.43564   0.60646   0.72069   0.85105   0.99139    1.1324    1.2647     1.378
    1.4546    1.1651
    3    1 1.6409800000000D+04 1.0915309300000D+13
   0.43564   0.60646   0.72069   0.85105   0.99139    1.1324    1.2647     1.378
    1.4546    1.1651
    9    0 1.6409800000000D+04 2.9170000000000D+02
   10    0 1.6409800000000D+04 1.5800000000000D+01
*---+----+-------------------+-------------------+---------+---------------------
*   1: printout of the result at time [hours]
*---+----+-------------------+-------------------+---------+---------------------
    1    0 1.6552800000000D+04
*---+----+-------------------+-------------------+---------+---------------------
    2    1 1.6552800000000D+04 1.9734100000000D+01
   0.64016   0.82537   0.89252   0.95743    1.0227    1.0862    1.1468    1.2015
    1.2343   0.99295
    3    1 1.6552800000000D+04 1.1039255540000D+13
   0.64016   0.82537   0.89252   0.95743    1.0227    1.0862    1.1468    1.2015
    1.2343   0.99295
    9    0 1.6552800000000D+04 2.9170000000000D+02
   10    0 1.6552800000000D+04 1.5800000000000D+01
*---+----+-------------------+-------------------+---------+---------------------
*   1: printout of the result at time [hours]
*---+----+-------------------+-------------------+---------+---------------------
    1    0 2.1808800000000D+04
*---+----+-------------------+-------------------+---------+---------------------
    2    1 2.1808800000000D+04 2.0055100000000D+01
   0.90107    1.0668    1.0614    1.0501    1.0391    1.0295    1.0223    1.0173
       1.0   0.81246
    3    1 2.1808800000000D+04 1.1545721070000D+13
   0.90107    1.0668    1.0614    1.0501    1.0391    1.0295    1.0223    1.0173
       1.0   0.81246
    9    0 2.1808800000000D+04 2.9170000000000D+02
   10    0 2.1808800000000D+04 1.5800000000000D+01
*---+----+-------------------+-------------------+---------+---------------------
*   1: printout of the result at time [hours]
*---+----+-------------------+-------------------+---------+---------------------
    1    0 2.3690400000000D+04
*---+----+-------------------+-------------------+---------+---------------------
    2    1 2.3690400000000D+04 1.9785100000000D+01
    0.9026    1.0293    1.0151    1.0065    1.0058    1.0104    1.0209    1.0406
    1.0733   0.89557
    3    1 2.3690400000000D+04 1.1451615880000D+13
    0.9026    1.0293    1.0151    1.0065    1.0058    1.0104    1.0209    1.0406
    1.0733   0.89557
    9    0 2.3690400000000D+04 2.9170000000000D+02
   10    0 2.3690400000000D+04 1.5800000000000D+01
*---+----+-------------------+-------------------+---------+---------------------
*   1: printout of the result at time [hours]
*---+----+-------------------+-------------------+---------+---------------------
    1    0 2.4426200000000D+04
*---+----+-------------------+-------------------+---------+---------------------
    2    1 2.4426200000000D+04 1.8199800000000D+01
   0.79473   0.90353   0.90979   0.93375   0.97062     1.015    1.0673     1.133
    1.2073    1.0651
    3    1 2.4426200000000D+04 1.0244667420000D+13
   0.79473   0.90353   0.90979   0.93375   0.97062     1.015    1.0673     1.133
    1.2073    1.0651
    9    0 2.4426200000000D+04 2.8110000000000D+02
   10    0 2.4426200000000D+04 1.5800000000000D+01
*---+----+-------------------+-------------------+---------+---------------------
*   1: printout of the result at time [hours]
*---+----+-------------------+-------------------+---------+---------------------
    1    0 2.4428200000000D+04
*---+----+-------------------+-------------------+---------+---------------------
    2    1 2.4428200000000D+04 1.5528300000000D+01
   0.45504   0.68765    0.8384    0.9766    1.1049    1.2153    1.2963    1.3369
    1.2551    0.8337
    3    1 2.4428200000000D+04 9.7269271200000D+12
   0.45504   0.68765    0.8384    0.9766    1.1049    1.2153    1.2963    1.3369
    1.2551    0.8337
    9    0 2.4428200000000D+04 2.9170000000000D+02
   10    0 2.4428200000000D+04 1.5800000000000D+01
*---+----+-------------------+-------------------+---------+---------------------
*   1: printout of the result at time [hours]
*---+----+-------------------+-------------------+---------+---------------------
    1    0 2.4571200000000D+04
*---+----+-------------------+-------------------+---------+---------------------
    2    1 2.4571200000000D+04 1.5595400000000D+01
   0.64705   0.89975   0.99799    1.0602    1.1068    1.1416    1.1629    1.1607
    1.0897   0.73329
    3    1 2.4571200000000D+04 9.7315296000000D+12
   0.64705   0.89975   0.99799    1.0602    1.1068    1.1416    1.1629    1.1607
    1.0897   0.73329
    9    0 2.4571200000000D+04 2.9170000000000D+02
   10    0 2.4571200000000D+04 1.5800000000000D+01
*---+----+-------------------+-------------------+---------+---------------------
*   1: printout of the result at time [hours]
*---+----+-------------------+-------------------+---------+---------------------
    1    0 2.8027200000000D+04
*---+----+-------------------+-------------------+---------+---------------------
    2    1 2.8027200000000D+04 1.5181400000000D+01
   0.85078     1.046    1.0664    1.0548    1.0505    1.0492    1.0514    1.0542
    1.0268      0.75
    3    1 2.8027200000000D+04 9.4413126600000D+12
   0.85078     1.046    1.0664    1.0548    1.0505    1.0492    1.0514    1.0542
    1.0268      0.75
    9    0 2.8027200000000D+04 2.9170000000000D+02
   10    0 2.8027200000000D+04 1.5800000000000D+01
*---+----+-------------------+-------------------+---------+---------------------
*   1: printout of the result at time [hours]
*---+----+-------------------+-------------------+---------+---------------------
    1    0 3.0187200000000D+04
*---+----+-------------------+-------------------+---------+---------------------
    2    1 3.0187200000000D+04 1.4834300000000D+01
   0.90493    1.0656    1.0571     1.046    1.0383    1.0333    1.0318    1.0338
    1.0176   0.77152
    3    1 3.0187200000000D+04 9.2061665800000D+12
   0.90493    1.0656    1.0571     1.046    1.0383    1.0333    1.0318    1.0338
    1.0176   0.77152
    9    0 3.0187200000000D+04 2.9170000000000D+02
   10    0 3.0187200000000D+04 1.5800000000000D+01
*---+----+-------------------+-------------------+---------+---------------------
*   1: printout of the result at time [hours]
*---+----+-------------------+-------------------+---------+---------------------
    1    0 3.1490400000000D+04
*---+----+-------------------+-------------------+---------+---------------------
    2    1 3.1490400000000D+04 1.4959600000000D+01
   0.89615    1.0237    1.0123    1.0063    1.0092    1.0171      1.03    1.0526
    1.0991    0.8535
    3    1 3.1490400000000D+04 9.2570004800000D+12
   0.89615    1.0237    1.0123    1.0063    1.0092    1.0171      1.03    1.0526
    1.0991    0.8535
    9    0 3.1490400000000D+04 2.9170000000000D+02
   10    0 3.1490400000000D+04 1.5800000000000D+01
*---+----+-------------------+-------------------+---------+---------------------
*   1: printout of the result at time [hours]
*---+----+-------------------+-------------------+---------+---------------------
    1    0 3.1911800000000D+04
*---+----+-------------------+-------------------+---------+---------------------
    2    1 3.1911800000000D+04 1.4063100000000D+01
   0.81134   0.92931   0.93585   0.95633   0.98904    1.0279    1.0726    1.1279
    1.1852   0.96451
    3    1 3.1911800000000D+04 8.5630215900000D+12
   0.81134   0.92931   0.93585   0.95633   0.98904    1.0279    1.0726    1.1279
    1.1852   0.96451
    9    0 3.1911800000000D+04 2.8640000000000D+02
   10    0 3.1911800000000D+04 1.5800000000000D+01
*---+----+-------------------+-------------------+---------+---------------------
*   1: printout of the result at time [hours]
*---+----+-------------------+-------------------+---------+---------------------
    1    0 3.1913800000000D+04
*---+----+-------------------+-------------------+---------+---------------------
    2    1 3.1913800000000D+04 1.5384000000000D+00
   0.45437   0.66368   0.81448   0.95229     1.081    1.1928    1.2747    1.3176
    1.2539   0.99519
    3    1 3.1913800000000D+04 9.9734472000000D+11
   0.45437   0.66368   0.81448   0.95229     1.081    1.1928    1.2747    1.3176
    1.2539   0.99519
    9    0 3.1913800000000D+04 2.9170000000000D+02
   10    0 3.1913800000000D+04 1.5800000000000D+01
*---+----+-------------------+-------------------+---------+---------------------
*   1: printout of the result at time [hours]
*---+----+-------------------+-------------------+---------+---------------------
    1    0 3.2056800000000D+04
*---+----+-------------------+-------------------+---------+---------------------
    2    1 3.2056800000000D+04 1.6746000000000D+00
   0.63956   0.85991   0.96262    1.0301    1.0826    1.1239    1.1507    1.1537
    1.1035   0.89335
    3    1 3.2056800000000D+04 1.0566726000000D+12
   0.63956   0.85991   0.96262    1.0301    1.0826    1.1239    1.1507    1.1537
    1.1035   0.89335
    9    0 3.2056800000000D+04 2.9170000000000D+02
   10    0 3.2056800000000D+04 1.5800000000000D+01
*---+----+-------------------+-------------------+---------+---------------------
*   1: printout of the result at time [hours]
*---+----+-------------------+-------------------+---------+---------------------
    1    0 3.5512800000000D+04
*---+----+-------------------+-------------------+---------+---------------------
    2    1 3.5512800000000D+04 1.9543000000000D+00
   0.81615   0.99064    1.0188    1.0265    1.0326    1.0403    1.0515    1.0623
    1.0536   0.90774
    3    1 3.5512800000000D+04 1.1880189700000D+12
   0.81615   0.99064    1.0188    1.0265    1.0326    1.0403    1.0515    1.0623
    1.0536   0.90774
    9    0 3.5512800000000D+04 2.9170000000000D+02
   10    0 3.5512800000000D+04 1.5800000000000D+01
*---+----+-------------------+-------------------+---------+---------------------
*   1: printout of the result at time [hours]
*---+----+-------------------+-------------------+---------+---------------------
    1    0 3.7312800000000D+04
*---+----+-------------------+-------------------+---------+---------------------
    2    1 3.7312800000000D+04 2.0856000000000D+00
   0.85923    1.0079    1.0203    1.0208    1.0222    1.0256    1.0323    1.0419
    1.0496   0.92012
    3    1 3.7312800000000D+04 1.2492744000000D+12
   0.85923    1.0079    1.0203    1.0208    1.0222    1.0256    1.0323    1.0419
    1.0496   0.92012
    9    0 3.7312800000000D+04 2.9170000000000D+02
   10    0 3.7312800000000D+04 1.5800000000000D+01
*---+----+-------------------+-------------------+---------+---------------------
*   1: printout of the result at time [hours]
*---+----+-------------------+-------------------+---------+---------------------
    1    0 3.9067200000000D+04
*---+----+-------------------+-------------------+---------+---------------------
    2    1 3.9067200000000D+04 2.3182000000000D+00
   0.84678    0.9585    0.9598   0.96584   0.98223    1.0051    1.0353    1.0767
    1.1276    1.0422
    3    1 3.9067200000000D+04 1.3589288400000D+12
   0.84678    0.9585    0.9598   0.96584   0.98223    1.0051    1.0353    1.0767
    1.1276    1.0422
    9    0 3.9067200000000D+04 2.9170000000000D+02
   10    0 3.9067200000000D+04 1.5800000000000D+01
*---+----+-------------------+-------------------+---------+---------------------
*   1: printout of the result at time [hours]
*---+----+-------------------+-------------------+---------+---------------------
    1    0 4.0010400000000D+04
*---+----+-------------------+-------------------+---------+---------------------
    2    1 4.0010400000000D+04 2.0092000000000D+00
   0.73263   0.82471   0.84213   0.87945   0.93321   0.99891    1.0761    1.1721
    1.2891    1.2517
    3    1 4.0010400000000D+04 1.1392164000000D+12
   0.73263   0.82471   0.84213   0.87945   0.93321   0.99891    1.0761    1.1721
    1.2891    1.2517
    9    0 4.0010400000000D+04 2.8120000000000D+02
   10    0 4.0010400000000D+04 1.5800000000000D+01
* data point #6032 end
*  00:  last line of data set (finishing the program)
*---+----+-------------------+-------------------+---------+---------------------
00000    0 4.0010400000000D+04
*---+----+-------------------+-------------------+---------+---------------------
