* data point #6143 begin
*
*---+----+-------------------+-------------------+---------+---------------------
*   1: printout of the result at time [hours]
*---+----+-------------------+-------------------+---------+---------------------
    1    0 0.0000000000000D+00
*---+----+-------------------+-------------------+---------+---------------------
    2    1 0.0000000000000D+00 2.3061200000000D+01
   0.56892   0.83612     0.996    1.1133    1.1976     1.245    1.2427    1.1795
    1.0107   0.61012
    3    1 0.0000000000000D+00 1.0917172080000D+13
   0.56892   0.83612     0.996    1.1133    1.1976     1.245    1.2427    1.1795
    1.0107   0.61012
    9    0 0.0000000000000D+00 2.9170000000000D+02
   10    0 0.0000000000000D+00 1.5800000000000D+01
*---+----+-------------------+-------------------+---------+---------------------
*   1: printout of the result at time [hours]
*---+----+-------------------+-------------------+---------+---------------------
    1    0 1.4400000000000D+02
*---+----+-------------------+-------------------+---------+---------------------
    2    1 1.4400000000000D+02 2.3436200000000D+01
    0.7302   0.99086    1.0898     1.136     1.157    1.1577    1.1355    1.0776
   0.93944   0.58589
    3    1 1.4400000000000D+02 1.1136882240000D+13
    0.7302   0.99086    1.0898     1.136     1.157    1.1577    1.1355    1.0776
   0.93944   0.58589
    9    0 1.4400000000000D+02 2.9170000000000D+02
   10    0 1.4400000000000D+02 1.5800000000000D+01
*---+----+-------------------+-------------------+---------+---------------------
*   1: printout of the result at time [hours]
*---+----+-------------------+-------------------+---------+---------------------
    1    0 3.6000000000000D+03
*---+----+-------------------+-------------------+---------+---------------------
    2    1 3.6000000000000D+03 2.3518200000000D+01
   0.85776    1.0932     1.109    1.0933    1.0775    1.0648    1.0542    1.0378
   0.97044   0.64184
    3    1 3.6000000000000D+03 1.1415734280000D+13
   0.85776    1.0932     1.109    1.0933    1.0775    1.0648    1.0542    1.0378
   0.97044   0.64184
    9    0 3.6000000000000D+03 2.9170000000000D+02
   10    0 3.6000000000000D+03 1.5800000000000D+01
*---+----+-------------------+-------------------+---------+---------------------
*   1: printout of the result at time [hours]
*---+----+-------------------+-------------------+---------+---------------------
    1    0 5.7600000000000D+03
*---+----+-------------------+-------------------+---------+---------------------
    2    1 5.7600000000000D+03 2.3803900000000D+01
   0.88204    1.1404     1.128    1.0956    1.0683    1.0465    1.0299    1.0145
   0.95879   0.63599
    3    1 5.7600000000000D+03 1.1663911000000D+13
   0.88204    1.1404     1.128    1.0956    1.0683    1.0465    1.0299    1.0145
   0.95879   0.63599
    9    0 5.7600000000000D+03 2.9170000000000D+02
   10    0 5.7600000000000D+03 1.5800000000000D+01
*---+----+-------------------+-------------------+---------+---------------------
*   1: printout of the result at time [hours]
*---+----+-------------------+-------------------+---------+---------------------
    1    0 6.9888000000000D+03
*---+----+-------------------+-------------------+---------+---------------------
    2    1 6.9888000000000D+03 2.3902600000000D+01
   0.87631    1.1171     1.088    1.0585    1.0398    1.0293    1.0277    1.0376
    1.0278   0.69796
    3    1 6.9888000000000D+03 1.1731396080000D+13
   0.87631    1.1171     1.088    1.0585    1.0398    1.0293    1.0277    1.0376
    1.0278   0.69796
    9    0 6.9888000000000D+03 2.9170000000000D+02
   10    0 6.9888000000000D+03 1.5800000000000D+01
*---+----+-------------------+-------------------+---------+---------------------
*   1: printout of the result at time [hours]
*---+----+-------------------+-------------------+---------+---------------------
    1    0 8.4830000000000D+03
*---+----+-------------------+-------------------+---------+---------------------
    2    1 8.4830000000000D+03 2.0204300000000D+01
   0.72509   0.90961   0.91679   0.94218   0.98405    1.0359    1.0996    1.1842
    1.2807   0.92188
    3    1 8.4830000000000D+03 9.5424908900000D+12
   0.72509   0.90961   0.91679   0.94218   0.98405    1.0359    1.0996    1.1842
    1.2807   0.92188
    9    0 8.4830000000000D+03 2.7520000000000D+02
   10    0 8.4830000000000D+03 1.5800000000000D+01
*---+----+-------------------+-------------------+---------+---------------------
*   1: printout of the result at time [hours]
*---+----+-------------------+-------------------+---------+---------------------
    1    0 8.4850000000000D+03
*---+----+-------------------+-------------------+---------+---------------------
    2    1 8.4850000000000D+03 2.5581200000000D+01
   0.68159    0.9917    1.0855    1.1333    1.1582    1.1591    1.1353     1.084
   0.97544   0.59583
    3    1 8.4850000000000D+03 1.3425013760000D+13
   0.68159    0.9917    1.0855    1.1333    1.1582    1.1591    1.1353     1.084
   0.97544   0.59583
    9    0 8.4850000000000D+03 2.9170000000000D+02
   10    0 8.4850000000000D+03 1.5800000000000D+01
*---+----+-------------------+-------------------+---------+---------------------
*   1: printout of the result at time [hours]
*---+----+-------------------+-------------------+---------+---------------------
    1    0 8.6280000000000D+03
*---+----+-------------------+-------------------+---------+---------------------
    2    1 8.6280000000000D+03 2.4881600000000D+01
    0.7991     1.098     1.147    1.1385    1.1236    1.0989    1.0649    1.0185
   0.92896   0.58244
    3    1 8.6280000000000D+03 1.3032982080000D+13
    0.7991     1.098     1.147    1.1385    1.1236    1.0989    1.0649    1.0185
   0.92896   0.58244
    9    0 8.6280000000000D+03 2.9170000000000D+02
   10    0 8.6280000000000D+03 1.5800000000000D+01
*---+----+-------------------+-------------------+---------+---------------------
*   1: printout of the result at time [hours]
*---+----+-------------------+-------------------+---------+---------------------
    1    0 9.9240000000000D+03
*---+----+-------------------+-------------------+---------+---------------------
    2    1 9.9240000000000D+03 2.4442500000000D+01
   0.83678    1.0978    1.1217    1.1038    1.0902    1.0745    1.0557    1.0296
   0.96385     0.626
    3    1 9.9240000000000D+03 1.2873864750000D+13
   0.83678    1.0978    1.1217    1.1038    1.0902    1.0745    1.0557    1.0296
   0.96385     0.626
    9    0 9.9240000000000D+03 2.9170000000000D+02
   10    0 9.9240000000000D+03 1.5800000000000D+01
*---+----+-------------------+-------------------+---------+---------------------
*   1: printout of the result at time [hours]
*---+----+-------------------+-------------------+---------+---------------------
    1    0 1.1529600000000D+04
*---+----+-------------------+-------------------+---------+---------------------
    2    1 1.1529600000000D+04 2.3867600000000D+01
   0.85731     1.078    1.0734    1.0584    1.0486    1.0429     1.042    1.0469
     1.034   0.71851
    3    1 1.1529600000000D+04 1.2592545760000D+13
   0.85731     1.078    1.0734    1.0584    1.0486    1.0429     1.042    1.0469
     1.034   0.71851
    9    0 1.1529600000000D+04 2.9170000000000D+02
   10    0 1.1529600000000D+04 1.5800000000000D+01
*---+----+-------------------+-------------------+---------+---------------------
*   1: printout of the result at time [hours]
*---+----+-------------------+-------------------+---------+---------------------
    1    0 1.3384800000000D+04
*---+----+-------------------+-------------------+---------+---------------------
    2    1 1.3384800000000D+04 1.9046400000000D+01
   0.69294    0.8588   0.88652   0.92537   0.97914    1.0426    1.1166    1.2066
    1.3065   0.98496
    3    1 1.3384800000000D+04 9.5822438400000D+12
   0.69294    0.8588   0.88652   0.92537   0.97914    1.0426    1.1166    1.2066
    1.3065   0.98496
    9    0 1.3384800000000D+04 2.7330000000000D+02
   10    0 1.3384800000000D+04 1.5800000000000D+01
*---+----+-------------------+-------------------+---------+---------------------
*   1: printout of the result at time [hours]
*---+----+-------------------+-------------------+---------+---------------------
    1    0 1.3388600000000D+04
*---+----+-------------------+-------------------+---------+---------------------
    2    1 1.3388600000000D+04 1.1774300000000D+01
   0.53914   0.69524    0.7552   0.83351   0.93373    1.0517     1.188    1.3457
    1.4965    1.1613
    3    1 1.3388600000000D+04 5.9154083200000D+12
   0.53914   0.69524    0.7552   0.83351   0.93373    1.0517     1.188    1.3457
    1.4965    1.1613
    9    0 1.3388600000000D+04 2.8340000000000D+02
   10    0 1.3388600000000D+04 1.5800000000000D+01
*---+----+-------------------+-------------------+---------+---------------------
*   1: printout of the result at time [hours]
*---+----+-------------------+-------------------+---------+---------------------
    1    0 1.3390600000000D+04
*---+----+-------------------+-------------------+---------+---------------------
    2    1 1.3390600000000D+04 2.1578800000000D+01
   0.78304    1.0419    1.1139    1.1464    1.1506    1.1266    1.0837     1.023
   0.92697   0.60374
    3    1 1.3390600000000D+04 1.2008602200000D+13
   0.78304    1.0419    1.1139    1.1464    1.1506    1.1266    1.0837     1.023
   0.92697   0.60374
    9    0 1.3390600000000D+04 2.9170000000000D+02
   10    0 1.3390600000000D+04 1.5800000000000D+01
*---+----+-------------------+-------------------+---------+---------------------
*   1: printout of the result at time [hours]
*---+----+-------------------+-------------------+---------+---------------------
    1    0 1.3533600000000D+04
*---+----+-------------------+-------------------+---------+---------------------
    2    1 1.3533600000000D+04 2.1779800000000D+01
   0.88701    1.1231    1.1537    1.1383    1.1131    1.0765    1.0321   0.97985
   0.89891   0.59739
    3    1 1.3533600000000D+04 1.2107390820000D+13
   0.88701    1.1231    1.1537    1.1383    1.1131    1.0765    1.0321   0.97985
   0.89891   0.59739
    9    0 1.3533600000000D+04 2.9170000000000D+02
   10    0 1.3533600000000D+04 1.5800000000000D+01
*---+----+-------------------+-------------------+---------+---------------------
*   1: printout of the result at time [hours]
*---+----+-------------------+-------------------+---------+---------------------
    1    0 1.4949600000000D+04
*---+----+-------------------+-------------------+---------+---------------------
    2    1 1.4949600000000D+04 2.1476500000000D+01
   0.89014    1.0768    1.0824    1.0762    1.0672    1.0554    1.0417    1.0262
   0.99034    0.6935
    3    1 1.4949600000000D+04 1.1940934000000D+13
   0.89014    1.0768    1.0824    1.0762    1.0672    1.0554    1.0417    1.0262
   0.99034    0.6935
    9    0 1.4949600000000D+04 2.9170000000000D+02
   10    0 1.4949600000000D+04 1.5800000000000D+01
*---+----+-------------------+-------------------+---------+---------------------
*   1: printout of the result at time [hours]
*---+----+-------------------+-------------------+---------+---------------------
    1    0 1.5775200000000D+04
*---+----+-------------------+-------------------+---------+---------------------
    2    1 1.5775200000000D+04 2.1337900000000D+01
   0.90618    1.0724    1.0636    1.0536    1.0454    1.0378    1.0322    1.0302
    1.0192   0.73953
    3    1 1.5775200000000D+04 1.1844668290000D+13
   0.90618    1.0724    1.0636    1.0536    1.0454    1.0378    1.0322    1.0302
    1.0192   0.73953
    9    0 1.5775200000000D+04 2.9170000000000D+02
   10    0 1.5775200000000D+04 1.5800000000000D+01
*---+----+-------------------+-------------------+---------+---------------------
*   1: printout of the result at time [hours]
*---+----+-------------------+-------------------+---------+---------------------
    1    0 1.6412600000000D+04
*---+----+-------------------+-------------------+---------+---------------------
    2    1 1.6412600000000D+04 2.0297500000000D+01
   0.80773   0.95066    0.9649   0.98717    1.0161    1.0473    1.0807    1.1188
    1.1592    0.8674
    3    1 1.6412600000000D+04 1.1009364000000D+13
   0.80773   0.95066    0.9649   0.98717    1.0161    1.0473    1.0807    1.1188
    1.1592    0.8674
    9    0 1.6412600000000D+04 2.8320000000000D+02
   10    0 1.6412600000000D+04 1.5800000000000D+01
*---+----+-------------------+-------------------+---------+---------------------
*   1: printout of the result at time [hours]
*---+----+-------------------+-------------------+---------+---------------------
    1    0 1.6414600000000D+04
*---+----+-------------------+-------------------+---------+---------------------
    2    1 1.6414600000000D+04 1.7219300000000D+01
   0.44305   0.61576   0.73209   0.86153   0.99894    1.1351    1.2609    1.3652
     1.432    1.1554
    3    1 1.6414600000000D+04 1.0259258940000D+13
   0.44305   0.61576   0.73209   0.86153   0.99894    1.1351    1.2609    1.3652
     1.432    1.1554
    9    0 1.6414600000000D+04 2.9170000000000D+02
   10    0 1.6414600000000D+04 1.5800000000000D+01
*---+----+-------------------+-------------------+---------+---------------------
*   1: printout of the result at time [hours]
*---+----+-------------------+-------------------+---------+---------------------
    1    0 1.6557600000000D+04
*---+----+-------------------+-------------------+---------+---------------------
    2    1 1.6557600000000D+04 1.7460700000000D+01
   0.64637   0.83267   0.90168   0.96502    1.0272    1.0869    1.1427    1.1915
    1.2189   0.98702
    3    1 1.6557600000000D+04 1.0392608640000D+13
   0.64637   0.83267   0.90168   0.96502    1.0272    1.0869    1.1427    1.1915
    1.2189   0.98702
    9    0 1.6557600000000D+04 2.9170000000000D+02
   10    0 1.6557600000000D+04 1.5800000000000D+01
*---+----+-------------------+-------------------+---------+---------------------
*   1: printout of the result at time [hours]
*---+----+-------------------+-------------------+---------+---------------------
    1    0 2.1813600000000D+04
*---+----+-------------------+-------------------+---------+---------------------
    2    1 2.1813600000000D+04 1.7803300000000D+01
   0.89781    1.0594    1.0596    1.0487    1.0382    1.0294    1.0231    1.0189
    1.0035   0.82131
    3    1 2.1813600000000D+04 1.0696222640000D+13
   0.89781    1.0594    1.0596    1.0487    1.0382    1.0294    1.0231    1.0189
    1.0035   0.82131
    9    0 2.1813600000000D+04 2.9170000000000D+02
   10    0 2.1813600000000D+04 1.5800000000000D+01
*---+----+-------------------+-------------------+---------+---------------------
*   1: printout of the result at time [hours]
*---+----+-------------------+-------------------+---------+---------------------
    1    0 2.3695200000000D+04
*---+----+-------------------+-------------------+---------+---------------------
    2    1 2.3695200000000D+04 1.7721600000000D+01
   0.89834    1.0245    1.0116    1.0035    1.0038    1.0096    1.0215     1.043
    1.0767   0.90754
    3    1 2.3695200000000D+04 1.0652453760000D+13
   0.89834    1.0245    1.0116    1.0035    1.0038    1.0096    1.0215     1.043
    1.0767   0.90754
    9    0 2.3695200000000D+04 2.9170000000000D+02
   10    0 2.3695200000000D+04 1.5800000000000D+01
*---+----+-------------------+-------------------+---------+---------------------
*   1: printout of the result at time [hours]
*---+----+-------------------+-------------------+---------+---------------------
    1    0 2.4431000000000D+04
*---+----+-------------------+-------------------+---------+---------------------
    2    1 2.4431000000000D+04 1.6329500000000D+01
   0.79163   0.89942   0.90634   0.93046   0.96782     1.013    1.0665     1.134
    1.2127    1.0781
    3    1 2.4431000000000D+04 9.5396939000000D+12
   0.79163   0.89942   0.90634   0.93046   0.96782     1.013    1.0665     1.134
    1.2127    1.0781
    9    0 2.4431000000000D+04 2.8110000000000D+02
   10    0 2.4431000000000D+04 1.5800000000000D+01
*---+----+-------------------+-------------------+---------+---------------------
*   1: printout of the result at time [hours]
*---+----+-------------------+-------------------+---------+---------------------
    1    0 2.4433000000000D+04
*---+----+-------------------+-------------------+---------+---------------------
    2    1 2.4433000000000D+04 5.9589000000000D+00
   0.53433   0.72883   0.86509   0.98693    1.0935    1.1787    1.2329    1.2418
    1.1902   0.94766
    3    1 2.4433000000000D+04 3.7594700100000D+12
   0.53433   0.72883   0.86509   0.98693    1.0935    1.1787    1.2329    1.2418
    1.1902   0.94766
    9    0 2.4433000000000D+04 2.9170000000000D+02
   10    0 2.4433000000000D+04 1.5800000000000D+01
*---+----+-------------------+-------------------+---------+---------------------
*   1: printout of the result at time [hours]
*---+----+-------------------+-------------------+---------+---------------------
    1    0 2.4576000000000D+04
*---+----+-------------------+-------------------+---------+---------------------
    2    1 2.4576000000000D+04 6.0515000000000D+00
   0.73089   0.92076   0.99909    1.0473    1.0797    1.1007    1.1184    1.0963
    1.0518   0.85499
    3    1 2.4576000000000D+04 3.7755308500000D+12
   0.73089   0.92076   0.99909    1.0473    1.0797    1.1007    1.1184    1.0963
    1.0518   0.85499
    9    0 2.4576000000000D+04 2.9170000000000D+02
   10    0 2.4576000000000D+04 1.5800000000000D+01
*---+----+-------------------+-------------------+---------+---------------------
*   1: printout of the result at time [hours]
*---+----+-------------------+-------------------+---------+---------------------
    1    0 2.8032000000000D+04
*---+----+-------------------+-------------------+---------+---------------------
    2    1 2.8032000000000D+04 6.9181000000000D+00
   0.87119    1.0514    1.0802    1.0655    1.0526     1.041    1.0309    1.0173
   0.98264   0.80716
    3    1 2.8032000000000D+04 4.2276509100000D+12
   0.87119    1.0514    1.0802    1.0655    1.0526     1.041    1.0309    1.0173
   0.98264   0.80716
    9    0 2.8032000000000D+04 2.9170000000000D+02
   10    0 2.8032000000000D+04 1.5800000000000D+01
*---+----+-------------------+-------------------+---------+---------------------
*   1: printout of the result at time [hours]
*---+----+-------------------+-------------------+---------+---------------------
    1    0 2.9832000000000D+04
*---+----+-------------------+-------------------+---------+---------------------
    2    1 2.9832000000000D+04 7.4528000000000D+00
    0.8896    1.0878    1.1119    1.0855    1.0613    1.0384    1.0172   0.99305
   0.94649    0.7687
    3    1 2.9832000000000D+04 4.5171420800000D+12
    0.8896    1.0878    1.1119    1.0855    1.0613    1.0384    1.0172   0.99305
   0.94649    0.7687
    9    0 2.9832000000000D+04 2.9170000000000D+02
   10    0 2.9832000000000D+04 1.5800000000000D+01
*---+----+-------------------+-------------------+---------+---------------------
*   1: printout of the result at time [hours]
*---+----+-------------------+-------------------+---------+---------------------
    1    0 3.1586400000000D+04
*---+----+-------------------+-------------------+---------+---------------------
    2    1 3.1586400000000D+04 7.8826000000000D+00
   0.84858    1.0083    1.0112    1.0105     1.019    1.0329    1.0507    1.0693
    1.0654   0.88423
    3    1 3.1586400000000D+04 4.7342895600000D+12
   0.84858    1.0083    1.0112    1.0105     1.019    1.0329    1.0507    1.0693
    1.0654   0.88423
    9    0 3.1586400000000D+04 2.9170000000000D+02
   10    0 3.1586400000000D+04 1.5800000000000D+01
*---+----+-------------------+-------------------+---------+---------------------
*   1: printout of the result at time [hours]
*---+----+-------------------+-------------------+---------+---------------------
    1    0 3.2529600000000D+04
*---+----+-------------------+-------------------+---------+---------------------
    2    1 3.2529600000000D+04 6.9331000000000D+00
   0.71786   0.85056   0.87508   0.91287   0.96652    1.0303    1.1033    1.1865
    1.2684    1.0887
    3    1 3.2529600000000D+04 4.0482370900000D+12
   0.71786   0.85056   0.87508   0.91287   0.96652    1.0303    1.1033    1.1865
    1.2684    1.0887
    9    0 3.2529600000000D+04 2.8120000000000D+02
   10    0 3.2529600000000D+04 1.5800000000000D+01
* data point #6143 end
*  00:  last line of data set (finishing the program)
*---+----+-------------------+-------------------+---------+---------------------
00000    0 3.2529600000000D+04
*---+----+-------------------+-------------------+---------+---------------------
