* data point #721 begin
*
*---+----+-------------------+-------------------+---------+---------------------
*   1: printout of the result at time [hours]
*---+----+-------------------+-------------------+---------+---------------------
    1    0 0.0000000000000D+00
*---+----+-------------------+-------------------+---------+---------------------
    2    1 0.0000000000000D+00 2.1556600000000D+01
    0.5146   0.72391   0.86071    0.9836    1.0974    1.1953    1.2672    1.3028
    1.2283   0.82615
    3    1 0.0000000000000D+00 1.1763436620000D+13
    0.5146   0.72391   0.86071    0.9836    1.0974    1.1953    1.2672    1.3028
    1.2283   0.82615
    9    0 0.0000000000000D+00 2.9170000000000D+02
   10    0 0.0000000000000D+00 1.5800000000000D+01
*---+----+-------------------+-------------------+---------+---------------------
*   1: printout of the result at time [hours]
*---+----+-------------------+-------------------+---------+---------------------
    1    0 1.4400000000000D+02
*---+----+-------------------+-------------------+---------+---------------------
    2    1 1.4400000000000D+02 2.1310200000000D+01
   0.72618    0.9403    1.0177    1.0618     1.094    1.1177    1.1351    1.1257
    1.0591   0.72228
    3    1 1.4400000000000D+02 1.1648155320000D+13
   0.72618    0.9403    1.0177    1.0618     1.094    1.1177    1.1351    1.1257
    1.0591   0.72228
    9    0 1.4400000000000D+02 2.9170000000000D+02
   10    0 1.4400000000000D+02 1.5800000000000D+01
*---+----+-------------------+-------------------+---------+---------------------
*   1: printout of the result at time [hours]
*---+----+-------------------+-------------------+---------+---------------------
    1    0 5.4000000000000D+03
*---+----+-------------------+-------------------+---------+---------------------
    2    1 5.4000000000000D+03 2.3063600000000D+01
   0.88794    1.1521     1.156    1.1236    1.0892    1.0566    1.0261   0.99234
   0.91655   0.59956
    3    1 5.4000000000000D+03 1.2412829520000D+13
   0.88794    1.1521     1.156    1.1236    1.0892    1.0566    1.0261   0.99234
   0.91655   0.59956
    9    0 5.4000000000000D+03 2.9170000000000D+02
   10    0 5.4000000000000D+03 1.5800000000000D+01
*---+----+-------------------+-------------------+---------+---------------------
*   1: printout of the result at time [hours]
*---+----+-------------------+-------------------+---------+---------------------
    1    0 7.2816000000000D+03
*---+----+-------------------+-------------------+---------+---------------------
    2    1 7.2816000000000D+03 2.3259800000000D+01
   0.87576    1.1089    1.0896    1.0662     1.051    1.0411    1.0364    1.0369
    1.0132   0.68105
    3    1 7.2816000000000D+03 1.2402125360000D+13
   0.87576    1.1089    1.0896    1.0662     1.051    1.0411    1.0364    1.0369
    1.0132   0.68105
    9    0 7.2816000000000D+03 2.9170000000000D+02
   10    0 7.2816000000000D+03 1.5800000000000D+01
*---+----+-------------------+-------------------+---------+---------------------
*   1: printout of the result at time [hours]
*---+----+-------------------+-------------------+---------+---------------------
    1    0 8.0174000000000D+03
*---+----+-------------------+-------------------+---------+---------------------
    2    1 8.0174000000000D+03 2.1938400000000D+01
    0.7713   0.97131   0.97924   0.99337    1.0196    1.0523    1.0909    1.1378
    1.1677   0.81647
    3    1 8.0174000000000D+03 1.1318020560000D+13
    0.7713   0.97131   0.97924   0.99337    1.0196    1.0523    1.0909    1.1378
    1.1677   0.81647
    9    0 8.0174000000000D+03 2.8110000000000D+02
   10    0 8.0174000000000D+03 1.5800000000000D+01
*---+----+-------------------+-------------------+---------+---------------------
*   1: printout of the result at time [hours]
*---+----+-------------------+-------------------+---------+---------------------
    1    0 8.0194000000000D+03
*---+----+-------------------+-------------------+---------+---------------------
    2    1 8.0194000000000D+03 2.2642700000000D+01
   0.44849   0.71131   0.85931   0.99396    1.1174    1.2202     1.291    1.3197
    1.2293   0.80936
    3    1 8.0194000000000D+03 1.0902460050000D+13
   0.44849   0.71131   0.85931   0.99396    1.1174    1.2202     1.291    1.3197
    1.2293   0.80936
    9    0 8.0194000000000D+03 2.9170000000000D+02
   10    0 8.0194000000000D+03 1.5800000000000D+01
*---+----+-------------------+-------------------+---------+---------------------
*   1: printout of the result at time [hours]
*---+----+-------------------+-------------------+---------+---------------------
    1    0 8.1624000000000D+03
*---+----+-------------------+-------------------+---------+---------------------
    2    1 8.1624000000000D+03 2.2652500000000D+01
    0.6379   0.93138    1.0233    1.0784    1.1174    1.1431    1.1579     1.142
     1.061    0.7076
    3    1 8.1624000000000D+03 1.0893587250000D+13
    0.6379   0.93138    1.0233    1.0784    1.1174    1.1431    1.1579     1.142
     1.061    0.7076
    9    0 8.1624000000000D+03 2.9170000000000D+02
   10    0 8.1624000000000D+03 1.5800000000000D+01
*---+----+-------------------+-------------------+---------+---------------------
*   1: printout of the result at time [hours]
*---+----+-------------------+-------------------+---------+---------------------
    1    0 1.1618400000000D+04
*---+----+-------------------+-------------------+---------+---------------------
    2    1 1.1618400000000D+04 2.1526300000000D+01
    0.8452    1.0802    1.0851    1.0719    1.0599    1.0504    1.0439    1.0381
    1.0007   0.72456
    3    1 1.1618400000000D+04 1.0446713390000D+13
    0.8452    1.0802    1.0851    1.0719    1.0599    1.0504    1.0439    1.0381
    1.0007   0.72456
    9    0 1.1618400000000D+04 2.9170000000000D+02
   10    0 1.1618400000000D+04 1.5800000000000D+01
*---+----+-------------------+-------------------+---------+---------------------
*   1: printout of the result at time [hours]
*---+----+-------------------+-------------------+---------+---------------------
    1    0 1.3778400000000D+04
*---+----+-------------------+-------------------+---------+---------------------
    2    1 1.3778400000000D+04 2.0777700000000D+01
   0.89962    1.0947    1.0789    1.0608    1.0463    1.0342    1.0249     1.019
   0.99342   0.74801
    3    1 1.3778400000000D+04 1.0137439830000D+13
   0.89962    1.0947    1.0789    1.0608    1.0463    1.0342    1.0249     1.019
   0.99342   0.74801
    9    0 1.3778400000000D+04 2.9170000000000D+02
   10    0 1.3778400000000D+04 1.5800000000000D+01
*---+----+-------------------+-------------------+---------+---------------------
*   1: printout of the result at time [hours]
*---+----+-------------------+-------------------+---------+---------------------
    1    0 1.5081600000000D+04
*---+----+-------------------+-------------------+---------+---------------------
    2    1 1.5081600000000D+04 2.0700100000000D+01
    0.8943    1.0511    1.0329    1.0215     1.019    1.0209    1.0271    1.0422
    1.0596    0.8314
    3    1 1.5081600000000D+04 1.0126488920000D+13
    0.8943    1.0511    1.0329    1.0215     1.019    1.0209    1.0271    1.0422
    1.0596    0.8314
    9    0 1.5081600000000D+04 2.9170000000000D+02
   10    0 1.5081600000000D+04 1.5800000000000D+01
*---+----+-------------------+-------------------+---------+---------------------
*   1: printout of the result at time [hours]
*---+----+-------------------+-------------------+---------+---------------------
    1    0 1.5503000000000D+04
*---+----+-------------------+-------------------+---------+---------------------
    2    1 1.5503000000000D+04 1.9493100000000D+01
   0.80552   0.94869   0.95044   0.96727   0.99604    1.0301    1.0688    1.1172
    1.1737   0.94223
    3    1 1.5503000000000D+04 9.3995728200000D+12
   0.80552   0.94869   0.95044   0.96727   0.99604    1.0301    1.0688    1.1172
    1.1737   0.94223
    9    0 1.5503000000000D+04 2.8640000000000D+02
   10    0 1.5503000000000D+04 1.5800000000000D+01
*---+----+-------------------+-------------------+---------+---------------------
*   1: printout of the result at time [hours]
*---+----+-------------------+-------------------+---------+---------------------
    1    0 1.5505000000000D+04
*---+----+-------------------+-------------------+---------+---------------------
    2    1 1.5505000000000D+04 2.2019500000000D+01
   0.50351   0.72141   0.85606   0.98399    1.1015    1.1993    1.2666    1.2972
    1.2345   0.83599
    3    1 1.5505000000000D+04 1.2229630300000D+13
   0.50351   0.72141   0.85606   0.98399    1.1015    1.1993    1.2666    1.2972
    1.2345   0.83599
    9    0 1.5505000000000D+04 2.9170000000000D+02
   10    0 1.5505000000000D+04 1.5800000000000D+01
*---+----+-------------------+-------------------+---------+---------------------
*   1: printout of the result at time [hours]
*---+----+-------------------+-------------------+---------+---------------------
    1    0 1.5648000000000D+04
*---+----+-------------------+-------------------+---------+---------------------
    2    1 1.5648000000000D+04 2.1706800000000D+01
   0.69909   0.92635    1.0035    1.0563     1.096    1.1239    1.1423     1.133
    1.0793   0.74027
    3    1 1.5648000000000D+04 1.2027737880000D+13
   0.69909   0.92635    1.0035    1.0563     1.096    1.1239    1.1423     1.133
    1.0793   0.74027
    9    0 1.5648000000000D+04 2.9170000000000D+02
   10    0 1.5648000000000D+04 1.5800000000000D+01
*---+----+-------------------+-------------------+---------+---------------------
*   1: printout of the result at time [hours]
*---+----+-------------------+-------------------+---------+---------------------
    1    0 1.9104000000000D+04
*---+----+-------------------+-------------------+---------+---------------------
    2    1 1.9104000000000D+04 2.1679200000000D+01
   0.87328    1.0705    1.0871    1.0713    1.0601    1.0504    1.0424    1.0332
   0.99759   0.71405
    3    1 1.9104000000000D+04 1.2203221680000D+13
   0.87328    1.0705    1.0871    1.0713    1.0601    1.0504    1.0424    1.0332
   0.99759   0.71405
    9    0 1.9104000000000D+04 2.9170000000000D+02
   10    0 1.9104000000000D+04 1.5800000000000D+01
*---+----+-------------------+-------------------+---------+---------------------
*   1: printout of the result at time [hours]
*---+----+-------------------+-------------------+---------+---------------------
    1    0 2.0904000000000D+04
*---+----+-------------------+-------------------+---------+---------------------
    2    1 2.0904000000000D+04 2.1790800000000D+01
   0.90616    1.1005    1.1019    1.0829    1.0624    1.0433    1.0263    1.0091
   0.96862   0.69883
    3    1 2.0904000000000D+04 1.2361920840000D+13
   0.90616    1.1005    1.1019    1.0829    1.0624    1.0433    1.0263    1.0091
   0.96862   0.69883
    9    0 2.0904000000000D+04 2.9170000000000D+02
   10    0 2.0904000000000D+04 1.5800000000000D+01
*---+----+-------------------+-------------------+---------+---------------------
*   1: printout of the result at time [hours]
*---+----+-------------------+-------------------+---------+---------------------
    1    0 2.2658400000000D+04
*---+----+-------------------+-------------------+---------+---------------------
    2    1 2.2658400000000D+04 2.1628200000000D+01
   0.87881    1.0262     1.017    1.0134    1.0201    1.0321    1.0483    1.0694
     1.082   0.81278
    3    1 2.2658400000000D+04 1.2293468880000D+13
   0.87881    1.0262     1.017    1.0134    1.0201    1.0321    1.0483    1.0694
     1.082   0.81278
    9    0 2.2658400000000D+04 2.9170000000000D+02
   10    0 2.2658400000000D+04 1.5800000000000D+01
*---+----+-------------------+-------------------+---------+---------------------
*   1: printout of the result at time [hours]
*---+----+-------------------+-------------------+---------+---------------------
    1    0 2.3601600000000D+04
*---+----+-------------------+-------------------+---------+---------------------
    2    1 2.3601600000000D+04 1.8911600000000D+01
   0.74409   0.86598     0.882   0.91843   0.97131    1.0339    1.1058     1.191
    1.2732    1.0142
    3    1 2.3601600000000D+04 1.0433529720000D+13
   0.74409   0.86598     0.882   0.91843   0.97131    1.0339    1.1058     1.191
    1.2732    1.0142
    9    0 2.3601600000000D+04 2.8120000000000D+02
   10    0 2.3601600000000D+04 1.5800000000000D+01
* data point #721 end
*  00:  last line of data set (finishing the program)
*---+----+-------------------+-------------------+---------+---------------------
00000    0 2.3601600000000D+04
*---+----+-------------------+-------------------+---------+---------------------
