* data point #722 begin
*
*---+----+-------------------+-------------------+---------+---------------------
*   1: printout of the result at time [hours]
*---+----+-------------------+-------------------+---------+---------------------
    1    0 0.0000000000000D+00
*---+----+-------------------+-------------------+---------+---------------------
    2    1 0.0000000000000D+00 2.3473200000000D+01
   0.51595   0.72564   0.86235   0.98504    1.0984    1.1956    1.2666     1.301
    1.2259   0.82349
    3    1 0.0000000000000D+00 1.1006583480000D+13
   0.51595   0.72564   0.86235   0.98504    1.0984    1.1956    1.2666     1.301
    1.2259   0.82349
    9    0 0.0000000000000D+00 2.9170000000000D+02
   10    0 0.0000000000000D+00 1.5800000000000D+01
*---+----+-------------------+-------------------+---------+---------------------
*   1: printout of the result at time [hours]
*---+----+-------------------+-------------------+---------+---------------------
    1    0 1.4400000000000D+02
*---+----+-------------------+-------------------+---------+---------------------
    2    1 1.4400000000000D+02 2.3332800000000D+01
   0.72773   0.94206    1.0191    1.0629    1.0946    1.1177    1.1343    1.1242
    1.0573   0.72019
    3    1 1.4400000000000D+02 1.0931416800000D+13
   0.72773   0.94206    1.0191    1.0629    1.0946    1.1177    1.1343    1.1242
    1.0573   0.72019
    9    0 1.4400000000000D+02 2.9170000000000D+02
   10    0 1.4400000000000D+02 1.5800000000000D+01
*---+----+-------------------+-------------------+---------+---------------------
*   1: printout of the result at time [hours]
*---+----+-------------------+-------------------+---------+---------------------
    1    0 5.4000000000000D+03
*---+----+-------------------+-------------------+---------+---------------------
    2    1 5.4000000000000D+03 2.4343500000000D+01
   0.88837    1.1534    1.1566    1.1239    1.0892    1.0565    1.0257   0.99172
   0.91593    0.5986
    3    1 5.4000000000000D+03 1.1504738100000D+13
   0.88837    1.1534    1.1566    1.1239    1.0892    1.0565    1.0257   0.99172
   0.91593    0.5986
    9    0 5.4000000000000D+03 2.9170000000000D+02
   10    0 5.4000000000000D+03 1.5800000000000D+01
*---+----+-------------------+-------------------+---------+---------------------
*   1: printout of the result at time [hours]
*---+----+-------------------+-------------------+---------+---------------------
    1    0 7.2816000000000D+03
*---+----+-------------------+-------------------+---------+---------------------
    2    1 7.2816000000000D+03 2.4204600000000D+01
   0.87644    1.1085    1.0889    1.0656    1.0505    1.0408    1.0362    1.0371
     1.014    0.6819
    3    1 7.2816000000000D+03 1.1506866840000D+13
   0.87644    1.1085    1.0889    1.0656    1.0505    1.0408    1.0362    1.0371
     1.014    0.6819
    9    0 7.2816000000000D+03 2.9170000000000D+02
   10    0 7.2816000000000D+03 1.5800000000000D+01
*---+----+-------------------+-------------------+---------+---------------------
*   1: printout of the result at time [hours]
*---+----+-------------------+-------------------+---------+---------------------
    1    0 8.0174000000000D+03
*---+----+-------------------+-------------------+---------+---------------------
    2    1 8.0174000000000D+03 2.2646900000000D+01
   0.77167   0.97064   0.97846   0.99272    1.0192     1.052    1.0908     1.138
    1.1687   0.81782
    3    1 8.0174000000000D+03 1.0483250010000D+13
   0.77167   0.97064   0.97846   0.99272    1.0192     1.052    1.0908     1.138
    1.1687   0.81782
    9    0 8.0174000000000D+03 2.8110000000000D+02
   10    0 8.0174000000000D+03 1.5800000000000D+01
*---+----+-------------------+-------------------+---------+---------------------
*   1: printout of the result at time [hours]
*---+----+-------------------+-------------------+---------+---------------------
    1    0 8.0194000000000D+03
*---+----+-------------------+-------------------+---------+---------------------
    2    1 8.0194000000000D+03 2.3202400000000D+01
   0.44612   0.70669   0.85435   0.98985     1.115    1.2203    1.2941    1.3257
    1.2354   0.81255
    3    1 8.0194000000000D+03 1.2373839920000D+13
   0.44612   0.70669   0.85435   0.98985     1.115    1.2203    1.2941    1.3257
    1.2354   0.81255
    9    0 8.0194000000000D+03 2.9170000000000D+02
   10    0 8.0194000000000D+03 1.5800000000000D+01
*---+----+-------------------+-------------------+---------+---------------------
*   1: printout of the result at time [hours]
*---+----+-------------------+-------------------+---------+---------------------
    1    0 8.1624000000000D+03
*---+----+-------------------+-------------------+---------+---------------------
    2    1 8.1624000000000D+03 2.3259800000000D+01
   0.63573   0.92709    1.0191    1.0753     1.116    1.1437    1.1605    1.1466
    1.0658   0.71015
    3    1 8.1624000000000D+03 1.2413755260000D+13
   0.63573   0.92709    1.0191    1.0753     1.116    1.1437    1.1605    1.1466
    1.0658   0.71015
    9    0 8.1624000000000D+03 2.9170000000000D+02
   10    0 8.1624000000000D+03 1.5800000000000D+01
*---+----+-------------------+-------------------+---------+---------------------
*   1: printout of the result at time [hours]
*---+----+-------------------+-------------------+---------+---------------------
    1    0 1.1618400000000D+04
*---+----+-------------------+-------------------+---------+---------------------
    2    1 1.1618400000000D+04 2.1817200000000D+01
   0.84433    1.0785    1.0836     1.071    1.0595    1.0507    1.0449    1.0398
    1.0023   0.72525
    3    1 1.1618400000000D+04 1.1785651440000D+13
   0.84433    1.0785    1.0836     1.071    1.0595    1.0507    1.0449    1.0398
    1.0023   0.72525
    9    0 1.1618400000000D+04 2.9170000000000D+02
   10    0 1.1618400000000D+04 1.5800000000000D+01
*---+----+-------------------+-------------------+---------+---------------------
*   1: printout of the result at time [hours]
*---+----+-------------------+-------------------+---------+---------------------
    1    0 1.3778400000000D+04
*---+----+-------------------+-------------------+---------+---------------------
    2    1 1.3778400000000D+04 2.0856300000000D+01
    0.8993    1.0939    1.0783    1.0604    1.0461    1.0343    1.0254    1.0199
   0.99423   0.74817
    3    1 1.3778400000000D+04 1.1337484680000D+13
    0.8993    1.0939    1.0783    1.0604    1.0461    1.0343    1.0254    1.0199
   0.99423   0.74817
    9    0 1.3778400000000D+04 2.9170000000000D+02
   10    0 1.3778400000000D+04 1.5800000000000D+01
*---+----+-------------------+-------------------+---------+---------------------
*   1: printout of the result at time [hours]
*---+----+-------------------+-------------------+---------+---------------------
    1    0 1.5081600000000D+04
*---+----+-------------------+-------------------+---------+---------------------
    2    1 1.5081600000000D+04 2.0639700000000D+01
   0.89415    1.0506    1.0326    1.0212    1.0188    1.0208    1.0273    1.0428
    1.0602    0.8315
    3    1 1.5081600000000D+04 1.1254828410000D+13
   0.89415    1.0506    1.0326    1.0212    1.0188    1.0208    1.0273    1.0428
    1.0602    0.8315
    9    0 1.5081600000000D+04 2.9170000000000D+02
   10    0 1.5081600000000D+04 1.5800000000000D+01
*---+----+-------------------+-------------------+---------+---------------------
*   1: printout of the result at time [hours]
*---+----+-------------------+-------------------+---------+---------------------
    1    0 1.5503000000000D+04
*---+----+-------------------+-------------------+---------+---------------------
    2    1 1.5503000000000D+04 1.9403900000000D+01
   0.80535   0.94831   0.95012   0.96702   0.99583      1.03     1.069    1.1177
    1.1743   0.94239
    3    1 1.5503000000000D+04 1.0408251960000D+13
   0.80535   0.94831   0.95012   0.96702   0.99583      1.03     1.069    1.1177
    1.1743   0.94239
    9    0 1.5503000000000D+04 2.8640000000000D+02
   10    0 1.5503000000000D+04 1.5800000000000D+01
*---+----+-------------------+-------------------+---------+---------------------
*   1: printout of the result at time [hours]
*---+----+-------------------+-------------------+---------+---------------------
    1    0 1.5505000000000D+04
*---+----+-------------------+-------------------+---------+---------------------
    2    1 1.5505000000000D+04 1.5403200000000D+01
   0.50743   0.72829   0.86391   0.99142    1.1073    1.2025    1.2662    1.2915
    1.2217   0.81983
    3    1 1.5505000000000D+04 8.8722432000000D+12
   0.50743   0.72829   0.86391   0.99142    1.1073    1.2025    1.2662    1.2915
    1.2217   0.81983
    9    0 1.5505000000000D+04 2.9170000000000D+02
   10    0 1.5505000000000D+04 1.5800000000000D+01
*---+----+-------------------+-------------------+---------+---------------------
*   1: printout of the result at time [hours]
*---+----+-------------------+-------------------+---------+---------------------
    1    0 1.5648000000000D+04
*---+----+-------------------+-------------------+---------+---------------------
    2    1 1.5648000000000D+04 1.5606900000000D+01
   0.70283   0.93298    1.0105    1.0624    1.1002    1.1258    1.1413    1.1282
    1.0688   0.72705
    3    1 1.5648000000000D+04 8.9630426700000D+12
   0.70283   0.93298    1.0105    1.0624    1.1002    1.1258    1.1413    1.1282
    1.0688   0.72705
    9    0 1.5648000000000D+04 2.9170000000000D+02
   10    0 1.5648000000000D+04 1.5800000000000D+01
*---+----+-------------------+-------------------+---------+---------------------
*   1: printout of the result at time [hours]
*---+----+-------------------+-------------------+---------+---------------------
    1    0 1.9104000000000D+04
*---+----+-------------------+-------------------+---------+---------------------
    2    1 1.9104000000000D+04 1.5995100000000D+01
   0.87483    1.0736    1.0904     1.074     1.062    1.0513    1.0423    1.0316
   0.99299   0.70697
    3    1 1.9104000000000D+04 9.1971825000000D+12
   0.87483    1.0736    1.0904     1.074     1.062    1.0513    1.0423    1.0316
   0.99299   0.70697
    9    0 1.9104000000000D+04 2.9170000000000D+02
   10    0 1.9104000000000D+04 1.5800000000000D+01
*---+----+-------------------+-------------------+---------+---------------------
*   1: printout of the result at time [hours]
*---+----+-------------------+-------------------+---------+---------------------
    1    0 2.0904000000000D+04
*---+----+-------------------+-------------------+---------+---------------------
    2    1 2.0904000000000D+04 1.6036600000000D+01
   0.90705    1.1022    1.1037    1.0845    1.0636    1.0442    1.0265    1.0085
   0.96592   0.69385
    3    1 2.0904000000000D+04 9.2483072200000D+12
   0.90705    1.1022    1.1037    1.0845    1.0636    1.0442    1.0265    1.0085
   0.96592   0.69385
    9    0 2.0904000000000D+04 2.9170000000000D+02
   10    0 2.0904000000000D+04 1.5800000000000D+01
*---+----+-------------------+-------------------+---------+---------------------
*   1: printout of the result at time [hours]
*---+----+-------------------+-------------------+---------+---------------------
    1    0 2.2658400000000D+04
*---+----+-------------------+-------------------+---------+---------------------
    2    1 2.2658400000000D+04 1.6150800000000D+01
   0.87915    1.0267    1.0177    1.0143    1.0209    1.0329     1.049    1.0697
    1.0808     0.809
    3    1 2.2658400000000D+04 9.3157814400000D+12
   0.87915    1.0267    1.0177    1.0143    1.0209    1.0329     1.049    1.0697
    1.0808     0.809
    9    0 2.2658400000000D+04 2.9170000000000D+02
   10    0 2.2658400000000D+04 1.5800000000000D+01
*---+----+-------------------+-------------------+---------+---------------------
*   1: printout of the result at time [hours]
*---+----+-------------------+-------------------+---------+---------------------
    1    0 2.3601600000000D+04
*---+----+-------------------+-------------------+---------+---------------------
    2    1 2.3601600000000D+04 1.3875600000000D+01
   0.74426   0.86634   0.88248    0.9191   0.97207    1.0348    1.1067    1.1917
    1.2724    1.0103
    3    1 2.3601600000000D+04 7.7772738000000D+12
   0.74426   0.86634   0.88248    0.9191   0.97207    1.0348    1.1067    1.1917
    1.2724    1.0103
    9    0 2.3601600000000D+04 2.8120000000000D+02
   10    0 2.3601600000000D+04 1.5800000000000D+01
* data point #722 end
*  00:  last line of data set (finishing the program)
*---+----+-------------------+-------------------+---------+---------------------
00000    0 2.3601600000000D+04
*---+----+-------------------+-------------------+---------+---------------------
