* data point #789 begin
*
*---+----+-------------------+-------------------+---------+---------------------
*   1: printout of the result at time [hours]
*---+----+-------------------+-------------------+---------+---------------------
    1    0 0.0000000000000D+00
*---+----+-------------------+-------------------+---------+---------------------
    2    1 0.0000000000000D+00 2.4273600000000D+01
   0.51455   0.72383   0.86069   0.98358    1.0974    1.1953    1.2673    1.3028
    1.2283   0.82621
    3    1 0.0000000000000D+00 1.1127018240000D+13
   0.51455   0.72383   0.86069   0.98358    1.0974    1.1953    1.2673    1.3028
    1.2283   0.82621
    9    0 0.0000000000000D+00 2.9170000000000D+02
   10    0 0.0000000000000D+00 1.5800000000000D+01
*---+----+-------------------+-------------------+---------+---------------------
*   1: printout of the result at time [hours]
*---+----+-------------------+-------------------+---------+---------------------
    1    0 1.4400000000000D+02
*---+----+-------------------+-------------------+---------+---------------------
    2    1 1.4400000000000D+02 2.4151500000000D+01
   0.72612   0.94023    1.0177    1.0618     1.094    1.1177    1.1352    1.1257
    1.0592   0.72232
    3    1 1.4400000000000D+02 1.1102444550000D+13
   0.72612   0.94023    1.0177    1.0618     1.094    1.1177    1.1352    1.1257
    1.0592   0.72232
    9    0 1.4400000000000D+02 2.9170000000000D+02
   10    0 1.4400000000000D+02 1.5800000000000D+01
*---+----+-------------------+-------------------+---------+---------------------
*   1: printout of the result at time [hours]
*---+----+-------------------+-------------------+---------+---------------------
    1    0 5.4000000000000D+03
*---+----+-------------------+-------------------+---------+---------------------
    2    1 5.4000000000000D+03 2.4711600000000D+01
   0.88792    1.1521     1.156    1.1236    1.0892    1.0566    1.0261   0.99233
   0.91657    0.5996
    3    1 5.4000000000000D+03 1.1797317840000D+13
   0.88792    1.1521     1.156    1.1236    1.0892    1.0566    1.0261   0.99233
   0.91657    0.5996
    9    0 5.4000000000000D+03 2.9170000000000D+02
   10    0 5.4000000000000D+03 1.5800000000000D+01
*---+----+-------------------+-------------------+---------+---------------------
*   1: printout of the result at time [hours]
*---+----+-------------------+-------------------+---------+---------------------
    1    0 7.2816000000000D+03
*---+----+-------------------+-------------------+---------+---------------------
    2    1 7.2816000000000D+03 2.4488200000000D+01
   0.87577    1.1089    1.0896    1.0662    1.0509    1.0411    1.0363    1.0369
    1.0132   0.68106
    3    1 7.2816000000000D+03 1.1808210040000D+13
   0.87577    1.1089    1.0896    1.0662    1.0509    1.0411    1.0363    1.0369
    1.0132   0.68106
    9    0 7.2816000000000D+03 2.9170000000000D+02
   10    0 7.2816000000000D+03 1.5800000000000D+01
*---+----+-------------------+-------------------+---------+---------------------
*   1: printout of the result at time [hours]
*---+----+-------------------+-------------------+---------+---------------------
    1    0 8.0174000000000D+03
*---+----+-------------------+-------------------+---------+---------------------
    2    1 8.0174000000000D+03 2.2813700000000D+01
   0.77129    0.9713   0.97928   0.99339    1.0196    1.0523    1.0909    1.1378
    1.1677   0.81644
    3    1 8.0174000000000D+03 1.0704188040000D+13
   0.77129    0.9713   0.97928   0.99339    1.0196    1.0523    1.0909    1.1378
    1.1677   0.81644
    9    0 8.0174000000000D+03 2.8110000000000D+02
   10    0 8.0174000000000D+03 1.5800000000000D+01
*---+----+-------------------+-------------------+---------+---------------------
*   1: printout of the result at time [hours]
*---+----+-------------------+-------------------+---------+---------------------
    1    0 8.0194000000000D+03
*---+----+-------------------+-------------------+---------+---------------------
    2    1 8.0194000000000D+03 2.2838300000000D+01
   0.44793   0.71056   0.85856   0.99329    1.1169    1.2201    1.2913    1.3205
    1.2305   0.81035
    3    1 8.0194000000000D+03 1.1971836860000D+13
   0.44793   0.71056   0.85856   0.99329    1.1169    1.2201    1.2913    1.3205
    1.2305   0.81035
    9    0 8.0194000000000D+03 2.9170000000000D+02
   10    0 8.0194000000000D+03 1.5800000000000D+01
*---+----+-------------------+-------------------+---------+---------------------
*   1: printout of the result at time [hours]
*---+----+-------------------+-------------------+---------+---------------------
    1    0 8.1624000000000D+03
*---+----+-------------------+-------------------+---------+---------------------
    2    1 8.1624000000000D+03 2.2753600000000D+01
   0.63748   0.93084    1.0228     1.078    1.1172    1.1431    1.1581    1.1425
    1.0618   0.70824
    3    1 8.1624000000000D+03 1.1929712480000D+13
   0.63748   0.93084    1.0228     1.078    1.1172    1.1431    1.1581    1.1425
    1.0618   0.70824
    9    0 8.1624000000000D+03 2.9170000000000D+02
   10    0 8.1624000000000D+03 1.5800000000000D+01
*---+----+-------------------+-------------------+---------+---------------------
*   1: printout of the result at time [hours]
*---+----+-------------------+-------------------+---------+---------------------
    1    0 1.1618400000000D+04
*---+----+-------------------+-------------------+---------+---------------------
    2    1 1.1618400000000D+04 2.1508400000000D+01
    0.8452    1.0803    1.0852     1.072    1.0599    1.0504    1.0439     1.038
    1.0006   0.72451
    3    1 1.1618400000000D+04 1.1373641920000D+13
    0.8452    1.0803    1.0852     1.072    1.0599    1.0504    1.0439     1.038
    1.0006   0.72451
    9    0 1.1618400000000D+04 2.9170000000000D+02
   10    0 1.1618400000000D+04 1.5800000000000D+01
*---+----+-------------------+-------------------+---------+---------------------
*   1: printout of the result at time [hours]
*---+----+-------------------+-------------------+---------+---------------------
    1    0 1.3778400000000D+04
*---+----+-------------------+-------------------+---------+---------------------
    2    1 1.3778400000000D+04 2.0739300000000D+01
   0.89979    1.0949    1.0792    1.0609    1.0464    1.0342    1.0249    1.0188
   0.99319   0.74776
    3    1 1.3778400000000D+04 1.1014642230000D+13
   0.89979    1.0949    1.0792    1.0609    1.0464    1.0342    1.0249    1.0188
   0.99319   0.74776
    9    0 1.3778400000000D+04 2.9170000000000D+02
   10    0 1.3778400000000D+04 1.5800000000000D+01
*---+----+-------------------+-------------------+---------+---------------------
*   1: printout of the result at time [hours]
*---+----+-------------------+-------------------+---------+---------------------
    1    0 1.5081600000000D+04
*---+----+-------------------+-------------------+---------+---------------------
    2    1 1.5081600000000D+04 2.0560600000000D+01
   0.89448    1.0513    1.0332    1.0217    1.0191    1.0208     1.027     1.042
    1.0593    0.8311
    3    1 1.5081600000000D+04 1.0952631620000D+13
   0.89448    1.0513    1.0332    1.0217    1.0191    1.0208     1.027     1.042
    1.0593    0.8311
    9    0 1.5081600000000D+04 2.9170000000000D+02
   10    0 1.5081600000000D+04 1.5800000000000D+01
*---+----+-------------------+-------------------+---------+---------------------
*   1: printout of the result at time [hours]
*---+----+-------------------+-------------------+---------+---------------------
    1    0 1.5503000000000D+04
*---+----+-------------------+-------------------+---------+---------------------
    2    1 1.5503000000000D+04 1.9374600000000D+01
   0.80564   0.94892   0.95068   0.96745   0.99615    1.0301    1.0688     1.117
    1.1734    0.9419
    3    1 1.5503000000000D+04 1.0156165320000D+13
   0.80564   0.94892   0.95068   0.96745   0.99615    1.0301    1.0688     1.117
    1.1734    0.9419
    9    0 1.5503000000000D+04 2.8640000000000D+02
   10    0 1.5503000000000D+04 1.5800000000000D+01
*---+----+-------------------+-------------------+---------+---------------------
*   1: printout of the result at time [hours]
*---+----+-------------------+-------------------+---------+---------------------
    1    0 1.5505000000000D+04
*---+----+-------------------+-------------------+---------+---------------------
    2    1 1.5505000000000D+04 1.9747600000000D+01
   0.50325    0.7212    0.8559   0.98392    1.1015    1.1993    1.2667    1.2974
    1.2347    0.8361
    3    1 1.5505000000000D+04 1.1352895240000D+13
   0.50325    0.7212    0.8559   0.98392    1.1015    1.1993    1.2667    1.2974
    1.2347    0.8361
    9    0 1.5505000000000D+04 2.9170000000000D+02
   10    0 1.5505000000000D+04 1.5800000000000D+01
*---+----+-------------------+-------------------+---------+---------------------
*   1: printout of the result at time [hours]
*---+----+-------------------+-------------------+---------+---------------------
    1    0 1.5648000000000D+04
*---+----+-------------------+-------------------+---------+---------------------
    2    1 1.5648000000000D+04 1.9422800000000D+01
   0.69892   0.92623    1.0034    1.0563     1.096     1.124    1.1424     1.133
    1.0794   0.74032
    3    1 1.5648000000000D+04 1.1150629480000D+13
   0.69892   0.92623    1.0034    1.0563     1.096     1.124    1.1424     1.133
    1.0794   0.74032
    9    0 1.5648000000000D+04 2.9170000000000D+02
   10    0 1.5648000000000D+04 1.5800000000000D+01
*---+----+-------------------+-------------------+---------+---------------------
*   1: printout of the result at time [hours]
*---+----+-------------------+-------------------+---------+---------------------
    1    0 1.9104000000000D+04
*---+----+-------------------+-------------------+---------+---------------------
    2    1 1.9104000000000D+04 1.9561400000000D+01
    0.8733    1.0705    1.0871    1.0714    1.0601    1.0504    1.0424    1.0332
   0.99753   0.71401
    3    1 1.9104000000000D+04 1.1507971620000D+13
    0.8733    1.0705    1.0871    1.0714    1.0601    1.0504    1.0424    1.0332
   0.99753   0.71401
    9    0 1.9104000000000D+04 2.9170000000000D+02
   10    0 1.9104000000000D+04 1.5800000000000D+01
*---+----+-------------------+-------------------+---------+---------------------
*   1: printout of the result at time [hours]
*---+----+-------------------+-------------------+---------+---------------------
    1    0 2.0904000000000D+04
*---+----+-------------------+-------------------+---------+---------------------
    2    1 2.0904000000000D+04 1.9776500000000D+01
   0.90623    1.1005     1.102     1.083    1.0624    1.0433    1.0262    1.0091
   0.96852   0.69876
    3    1 2.0904000000000D+04 1.1757129250000D+13
   0.90623    1.1005     1.102     1.083    1.0624    1.0433    1.0262    1.0091
   0.96852   0.69876
    9    0 2.0904000000000D+04 2.9170000000000D+02
   10    0 2.0904000000000D+04 1.5800000000000D+01
*---+----+-------------------+-------------------+---------+---------------------
*   1: printout of the result at time [hours]
*---+----+-------------------+-------------------+---------+---------------------
    1    0 2.2658400000000D+04
*---+----+-------------------+-------------------+---------+---------------------
    2    1 2.2658400000000D+04 1.9678000000000D+01
   0.87895    1.0264    1.0171    1.0136    1.0201    1.0321    1.0482    1.0693
    1.0817   0.81253
    3    1 2.2658400000000D+04 1.1749733800000D+13
   0.87895    1.0264    1.0171    1.0136    1.0201    1.0321    1.0482    1.0693
    1.0817   0.81253
    9    0 2.2658400000000D+04 2.9170000000000D+02
   10    0 2.2658400000000D+04 1.5800000000000D+01
*---+----+-------------------+-------------------+---------+---------------------
*   1: printout of the result at time [hours]
*---+----+-------------------+-------------------+---------+---------------------
    1    0 2.3601600000000D+04
*---+----+-------------------+-------------------+---------+---------------------
    2    1 2.3601600000000D+04 1.7187100000000D+01
   0.74422   0.86611   0.88212   0.91854   0.97137     1.034    1.1058    1.1909
     1.273     1.014
    3    1 2.3601600000000D+04 9.9599244500000D+12
   0.74422   0.86611   0.88212   0.91854   0.97137     1.034    1.1058    1.1909
     1.273     1.014
    9    0 2.3601600000000D+04 2.8120000000000D+02
   10    0 2.3601600000000D+04 1.5800000000000D+01
* data point #789 end
*  00:  last line of data set (finishing the program)
*---+----+-------------------+-------------------+---------+---------------------
00000    0 2.3601600000000D+04
*---+----+-------------------+-------------------+---------+---------------------
