* data point #897 begin
*
*---+----+-------------------+-------------------+---------+---------------------
*   1: printout of the result at time [hours]
*---+----+-------------------+-------------------+---------+---------------------
    1    0 0.0000000000000D+00
*---+----+-------------------+-------------------+---------+---------------------
    2    1 0.0000000000000D+00 2.2964200000000D+01
   0.63264   0.99799     1.103    1.1527    1.1792    1.1823    1.1602    1.1059
   0.96616   0.51994
    3    1 0.0000000000000D+00 1.0074394540000D+13
   0.63264   0.99799     1.103    1.1527    1.1792    1.1823    1.1602    1.1059
   0.96616   0.51994
    9    0 0.0000000000000D+00 2.9170000000000D+02
   10    0 0.0000000000000D+00 1.5800000000000D+01
*---+----+-------------------+-------------------+---------+---------------------
*   1: printout of the result at time [hours]
*---+----+-------------------+-------------------+---------+---------------------
    1    0 1.4400000000000D+02
*---+----+-------------------+-------------------+---------+---------------------
    2    1 1.4400000000000D+02 2.3157000000000D+01
   0.76279    1.1234    1.1764    1.1625    1.1424     1.114    1.0773    1.0255
   0.90867   0.50697
    3    1 1.4400000000000D+02 1.0226131200000D+13
   0.76279    1.1234    1.1764    1.1625    1.1424     1.114    1.0773    1.0255
   0.90867   0.50697
    9    0 1.4400000000000D+02 2.9170000000000D+02
   10    0 1.4400000000000D+02 1.5800000000000D+01
*---+----+-------------------+-------------------+---------+---------------------
*   1: printout of the result at time [hours]
*---+----+-------------------+-------------------+---------+---------------------
    1    0 1.4400000000000D+03
*---+----+-------------------+-------------------+---------+---------------------
    2    1 1.4400000000000D+03 2.2925000000000D+01
    0.8116    1.1328     1.148    1.1278    1.1069    1.0858    1.0631    1.0321
   0.94238   0.54957
    3    1 1.4400000000000D+03 1.0286447500000D+13
    0.8116    1.1328     1.148    1.1278    1.1069    1.0858    1.0631    1.0321
   0.94238   0.54957
    9    0 1.4400000000000D+03 2.9170000000000D+02
   10    0 1.4400000000000D+03 1.5800000000000D+01
*---+----+-------------------+-------------------+---------+---------------------
*   1: printout of the result at time [hours]
*---+----+-------------------+-------------------+---------+---------------------
    1    0 3.0456000000000D+03
*---+----+-------------------+-------------------+---------+---------------------
    2    1 3.0456000000000D+03 2.2693300000000D+01
   0.84276    1.1118     1.099    1.0738     1.056    1.0443      1.04    1.0449
    1.0277   0.65993
    3    1 3.0456000000000D+03 1.0311835520000D+13
   0.84276    1.1118     1.099    1.0738     1.056    1.0443      1.04    1.0449
    1.0277   0.65993
    9    0 3.0456000000000D+03 2.9170000000000D+02
   10    0 3.0456000000000D+03 1.5800000000000D+01
*---+----+-------------------+-------------------+---------+---------------------
*   1: printout of the result at time [hours]
*---+----+-------------------+-------------------+---------+---------------------
    1    0 4.9008000000000D+03
*---+----+-------------------+-------------------+---------+---------------------
    2    1 4.9008000000000D+03 1.7625700000000D+01
   0.68945   0.89131    0.9131   0.94532   0.99293    1.0501    1.1182    1.2042
    1.2917   0.90368
    3    1 4.9008000000000D+03 7.7059560400000D+12
   0.68945   0.89131    0.9131   0.94532   0.99293    1.0501    1.1182    1.2042
    1.2917   0.90368
    9    0 4.9008000000000D+03 2.7330000000000D+02
   10    0 4.9008000000000D+03 1.5800000000000D+01
*---+----+-------------------+-------------------+---------+---------------------
*   1: printout of the result at time [hours]
*---+----+-------------------+-------------------+---------+---------------------
    1    0 4.9046000000000D+03
*---+----+-------------------+-------------------+---------+---------------------
    2    1 4.9046000000000D+03 1.0585600000000D+01
   0.53818   0.72334   0.77983    0.8539   0.94969    1.0623    1.1927    1.3453
     1.494    1.0608
    3    1 4.9046000000000D+03 4.6237900800000D+12
   0.53818   0.72334   0.77983    0.8539   0.94969    1.0623    1.1927    1.3453
     1.494    1.0608
    9    0 4.9046000000000D+03 2.8340000000000D+02
   10    0 4.9046000000000D+03 1.5800000000000D+01
*---+----+-------------------+-------------------+---------+---------------------
*   1: printout of the result at time [hours]
*---+----+-------------------+-------------------+---------+---------------------
    1    0 4.9066000000000D+03
*---+----+-------------------+-------------------+---------+---------------------
    2    1 4.9066000000000D+03 2.5837000000000D+01
   0.75926    1.1141    1.1948     1.211    1.1845    1.1369    1.0709   0.98607
   0.85269    0.4898
    3    1 4.9066000000000D+03 1.2595537500000D+13
   0.75926    1.1141    1.1948     1.211    1.1845    1.1369    1.0709   0.98607
   0.85269    0.4898
    9    0 4.9066000000000D+03 2.9170000000000D+02
   10    0 4.9066000000000D+03 1.5800000000000D+01
*---+----+-------------------+-------------------+---------+---------------------
*   1: printout of the result at time [hours]
*---+----+-------------------+-------------------+---------+---------------------
    1    0 5.0496000000000D+03
*---+----+-------------------+-------------------+---------+---------------------
    2    1 5.0496000000000D+03 2.5932800000000D+01
   0.86234    1.1937    1.2279    1.1913    1.1427    1.0847    1.0209   0.94826
   0.83443    0.4937
    3    1 5.0496000000000D+03 1.2683732480000D+13
   0.86234    1.1937    1.2279    1.1913    1.1427    1.0847    1.0209   0.94826
   0.83443    0.4937
    9    0 5.0496000000000D+03 2.9170000000000D+02
   10    0 5.0496000000000D+03 1.5800000000000D+01
*---+----+-------------------+-------------------+---------+---------------------
*   1: printout of the result at time [hours]
*---+----+-------------------+-------------------+---------+---------------------
    1    0 6.4656000000000D+03
*---+----+-------------------+-------------------+---------+---------------------
    2    1 6.4656000000000D+03 2.5233300000000D+01
   0.86703    1.1396    1.1468    1.1237    1.0962    1.0672     1.037    1.0027
   0.93345   0.58633
    3    1 6.4656000000000D+03 1.2470296860000D+13
   0.86703    1.1396    1.1468    1.1237    1.0962    1.0672     1.037    1.0027
   0.93345   0.58633
    9    0 6.4656000000000D+03 2.9170000000000D+02
   10    0 6.4656000000000D+03 1.5800000000000D+01
*---+----+-------------------+-------------------+---------+---------------------
*   1: printout of the result at time [hours]
*---+----+-------------------+-------------------+---------+---------------------
    1    0 7.2912000000000D+03
*---+----+-------------------+-------------------+---------+---------------------
    2    1 7.2912000000000D+03 2.4987500000000D+01
    0.8838    1.1332    1.1242    1.0985    1.0734      1.05     1.029    1.0096
   0.96644   0.63192
    3    1 7.2912000000000D+03 1.2406293750000D+13
    0.8838    1.1332    1.1242    1.0985    1.0734      1.05     1.029    1.0096
   0.96644   0.63192
    9    0 7.2912000000000D+03 2.9170000000000D+02
   10    0 7.2912000000000D+03 1.5800000000000D+01
*---+----+-------------------+-------------------+---------+---------------------
*   1: printout of the result at time [hours]
*---+----+-------------------+-------------------+---------+---------------------
    1    0 7.9286000000000D+03
*---+----+-------------------+-------------------+---------+---------------------
    2    1 7.9286000000000D+03 2.3950400000000D+01
   0.79109    1.0094    1.0257    1.0356    1.0501    1.0665    1.0838     1.102
    1.0941   0.74166
    3    1 7.9286000000000D+03 1.1659054720000D+13
   0.79109    1.0094    1.0257    1.0356    1.0501    1.0665    1.0838     1.102
    1.0941   0.74166
    9    0 7.9286000000000D+03 2.8320000000000D+02
   10    0 7.9286000000000D+03 1.5800000000000D+01
*---+----+-------------------+-------------------+---------+---------------------
*   1: printout of the result at time [hours]
*---+----+-------------------+-------------------+---------+---------------------
    1    0 7.9306000000000D+03
*---+----+-------------------+-------------------+---------+---------------------
    2    1 7.9306000000000D+03 2.3365000000000D+01
   0.53302   0.80163   0.94594    1.0627    1.1557    1.2202    1.2521    1.2255
    1.1158   0.68735
    3    1 7.9306000000000D+03 1.2427843500000D+13
   0.53302   0.80163   0.94594    1.0627    1.1557    1.2202    1.2521    1.2255
    1.1158   0.68735
    9    0 7.9306000000000D+03 2.9170000000000D+02
   10    0 7.9306000000000D+03 1.5800000000000D+01
*---+----+-------------------+-------------------+---------+---------------------
*   1: printout of the result at time [hours]
*---+----+-------------------+-------------------+---------+---------------------
    1    0 8.0736000000000D+03
*---+----+-------------------+-------------------+---------+---------------------
    2    1 8.0736000000000D+03 2.3203800000000D+01
     0.707   0.98449    1.0684    1.1107    1.1322    1.1492    1.1281    1.0926
   0.99863   0.62865
    3    1 8.0736000000000D+03 1.2332819700000D+13
     0.707   0.98449    1.0684    1.1107    1.1322    1.1492    1.1281    1.0926
   0.99863   0.62865
    9    0 8.0736000000000D+03 2.9170000000000D+02
   10    0 8.0736000000000D+03 1.5800000000000D+01
*---+----+-------------------+-------------------+---------+---------------------
*   1: printout of the result at time [hours]
*---+----+-------------------+-------------------+---------+---------------------
    1    0 1.2969600000000D+04
*---+----+-------------------+-------------------+---------+---------------------
    2    1 1.2969600000000D+04 2.2238400000000D+01
   0.86643    1.1127    1.1361     1.112    1.0888    1.0659    1.0427    1.0125
   0.94067   0.62212
    3    1 1.2969600000000D+04 1.2157733280000D+13
   0.86643    1.1127    1.1361     1.112    1.0888    1.0659    1.0427    1.0125
   0.94067   0.62212
    9    0 1.2969600000000D+04 2.9170000000000D+02
   10    0 1.2969600000000D+04 1.5800000000000D+01
*---+----+-------------------+-------------------+---------+---------------------
*   1: printout of the result at time [hours]
*---+----+-------------------+-------------------+---------+---------------------
    1    0 1.5621600000000D+04
*---+----+-------------------+-------------------+---------+---------------------
    2    1 1.5621600000000D+04 2.1729900000000D+01
   0.87943    1.0614     1.048     1.033    1.0295    1.0345    1.0471    1.0651
    1.0575   0.74455
    3    1 1.5621600000000D+04 1.1979693870000D+13
   0.87943    1.0614     1.048     1.033    1.0295    1.0345    1.0471    1.0651
    1.0575   0.74455
    9    0 1.5621600000000D+04 2.9170000000000D+02
   10    0 1.5621600000000D+04 1.5800000000000D+01
*---+----+-------------------+-------------------+---------+---------------------
*   1: printout of the result at time [hours]
*---+----+-------------------+-------------------+---------+---------------------
    1    0 1.6407800000000D+04
*---+----+-------------------+-------------------+---------+---------------------
    2    1 1.6407800000000D+04 2.0318900000000D+01
   0.77283   0.92899   0.93804   0.95886   0.99489    1.0409    1.0963    1.1617
    1.2177   0.88986
    3    1 1.6407800000000D+04 1.0897026070000D+13
   0.77283   0.92899   0.93804   0.95886   0.99489    1.0409    1.0963    1.1617
    1.2177   0.88986
    9    0 1.6407800000000D+04 2.8120000000000D+02
   10    0 1.6407800000000D+04 1.5800000000000D+01
*---+----+-------------------+-------------------+---------+---------------------
*   1: printout of the result at time [hours]
*---+----+-------------------+-------------------+---------+---------------------
    1    0 1.6409800000000D+04
*---+----+-------------------+-------------------+---------+---------------------
    2    1 1.6409800000000D+04 1.8351500000000D+01
   0.43566   0.60649    0.7207   0.85105   0.99142    1.1323    1.2646     1.378
    1.4546    1.1651
    3    1 1.6409800000000D+04 1.0753979000000D+13
   0.43566   0.60649    0.7207   0.85105   0.99142    1.1323    1.2646     1.378
    1.4546    1.1651
    9    0 1.6409800000000D+04 2.9170000000000D+02
   10    0 1.6409800000000D+04 1.5800000000000D+01
*---+----+-------------------+-------------------+---------+---------------------
*   1: printout of the result at time [hours]
*---+----+-------------------+-------------------+---------+---------------------
    1    0 1.6552800000000D+04
*---+----+-------------------+-------------------+---------+---------------------
    2    1 1.6552800000000D+04 1.8519200000000D+01
   0.64015   0.82536   0.89253   0.95744    1.0227    1.0863    1.1468    1.2015
    1.2343   0.99297
    3    1 1.6552800000000D+04 1.0846695440000D+13
   0.64015   0.82536   0.89253   0.95744    1.0227    1.0863    1.1468    1.2015
    1.2343   0.99297
    9    0 1.6552800000000D+04 2.9170000000000D+02
   10    0 1.6552800000000D+04 1.5800000000000D+01
*---+----+-------------------+-------------------+---------+---------------------
*   1: printout of the result at time [hours]
*---+----+-------------------+-------------------+---------+---------------------
    1    0 2.1808800000000D+04
*---+----+-------------------+-------------------+---------+---------------------
    2    1 2.1808800000000D+04 1.8614600000000D+01
   0.90107    1.0667    1.0614    1.0501    1.0391    1.0295    1.0223    1.0173
   0.99997   0.81248
    3    1 2.1808800000000D+04 1.1062656780000D+13
   0.90107    1.0667    1.0614    1.0501    1.0391    1.0295    1.0223    1.0173
   0.99997   0.81248
    9    0 2.1808800000000D+04 2.9170000000000D+02
   10    0 2.1808800000000D+04 1.5800000000000D+01
*---+----+-------------------+-------------------+---------+---------------------
*   1: printout of the result at time [hours]
*---+----+-------------------+-------------------+---------+---------------------
    1    0 2.3690400000000D+04
*---+----+-------------------+-------------------+---------+---------------------
    2    1 2.3690400000000D+04 1.8425000000000D+01
   0.90258    1.0293    1.0151    1.0065    1.0058    1.0104    1.0209    1.0406
    1.0733   0.89558
    3    1 2.3690400000000D+04 1.0966560000000D+13
   0.90258    1.0293    1.0151    1.0065    1.0058    1.0104    1.0209    1.0406
    1.0733   0.89558
    9    0 2.3690400000000D+04 2.9170000000000D+02
   10    0 2.3690400000000D+04 1.5800000000000D+01
*---+----+-------------------+-------------------+---------+---------------------
*   1: printout of the result at time [hours]
*---+----+-------------------+-------------------+---------+---------------------
    1    0 2.4426200000000D+04
*---+----+-------------------+-------------------+---------+---------------------
    2    1 2.4426200000000D+04 1.7013400000000D+01
   0.79473   0.90352   0.90981   0.93373   0.97059     1.015    1.0673     1.133
    1.2073     1.065
    3    1 2.4426200000000D+04 9.8320438600000D+12
   0.79473   0.90352   0.90981   0.93373   0.97059     1.015    1.0673     1.133
    1.2073     1.065
    9    0 2.4426200000000D+04 2.8110000000000D+02
   10    0 2.4426200000000D+04 1.5800000000000D+01
*---+----+-------------------+-------------------+---------+---------------------
*   1: printout of the result at time [hours]
*---+----+-------------------+-------------------+---------+---------------------
    1    0 2.4428200000000D+04
*---+----+-------------------+-------------------+---------+---------------------
    2    1 2.4428200000000D+04 1.5004500000000D+01
   0.45506   0.68759   0.83842   0.97657    1.1049    1.2154    1.2963    1.3369
    1.2552   0.83368
    3    1 2.4428200000000D+04 9.6959079000000D+12
   0.45506   0.68759   0.83842   0.97657    1.1049    1.2154    1.2963    1.3369
    1.2552   0.83368
    9    0 2.4428200000000D+04 2.9170000000000D+02
   10    0 2.4428200000000D+04 1.5800000000000D+01
*---+----+-------------------+-------------------+---------+---------------------
*   1: printout of the result at time [hours]
*---+----+-------------------+-------------------+---------+---------------------
    1    0 2.4571200000000D+04
*---+----+-------------------+-------------------+---------+---------------------
    2    1 2.4571200000000D+04 1.5142700000000D+01
   0.64711   0.89977   0.99797    1.0602    1.1068    1.1415    1.1629    1.1606
    1.0898   0.73329
    3    1 2.4571200000000D+04 9.7412989100000D+12
   0.64711   0.89977   0.99797    1.0602    1.1068    1.1415    1.1629    1.1606
    1.0898   0.73329
    9    0 2.4571200000000D+04 2.9170000000000D+02
   10    0 2.4571200000000D+04 1.5800000000000D+01
*---+----+-------------------+-------------------+---------+---------------------
*   1: printout of the result at time [hours]
*---+----+-------------------+-------------------+---------+---------------------
    1    0 2.8027200000000D+04
*---+----+-------------------+-------------------+---------+---------------------
    2    1 2.8027200000000D+04 1.4812200000000D+01
   0.85079     1.046    1.0664    1.0548    1.0505    1.0492    1.0514    1.0542
    1.0269   0.74999
    3    1 2.8027200000000D+04 9.4412962800000D+12
   0.85079     1.046    1.0664    1.0548    1.0505    1.0492    1.0514    1.0542
    1.0269   0.74999
    9    0 2.8027200000000D+04 2.9170000000000D+02
   10    0 2.8027200000000D+04 1.5800000000000D+01
*---+----+-------------------+-------------------+---------+---------------------
*   1: printout of the result at time [hours]
*---+----+-------------------+-------------------+---------+---------------------
    1    0 3.0187200000000D+04
*---+----+-------------------+-------------------+---------+---------------------
    2    1 3.0187200000000D+04 1.4490100000000D+01
   0.90496    1.0656    1.0571     1.046    1.0383    1.0334    1.0317    1.0338
    1.0176   0.77149
    3    1 3.0187200000000D+04 9.1954174600000D+12
   0.90496    1.0656    1.0571     1.046    1.0383    1.0334    1.0317    1.0338
    1.0176   0.77149
    9    0 3.0187200000000D+04 2.9170000000000D+02
   10    0 3.0187200000000D+04 1.5800000000000D+01
*---+----+-------------------+-------------------+---------+---------------------
*   1: printout of the result at time [hours]
*---+----+-------------------+-------------------+---------+---------------------
    1    0 3.1490400000000D+04
*---+----+-------------------+-------------------+---------+---------------------
    2    1 3.1490400000000D+04 1.4621700000000D+01
   0.89613    1.0237    1.0123    1.0063    1.0092    1.0171      1.03    1.0527
    1.0991   0.85353
    3    1 3.1490400000000D+04 9.2365278900000D+12
   0.89613    1.0237    1.0123    1.0063    1.0092    1.0171      1.03    1.0527
    1.0991   0.85353
    9    0 3.1490400000000D+04 2.9170000000000D+02
   10    0 3.1490400000000D+04 1.5800000000000D+01
*---+----+-------------------+-------------------+---------+---------------------
*   1: printout of the result at time [hours]
*---+----+-------------------+-------------------+---------+---------------------
    1    0 3.1911800000000D+04
*---+----+-------------------+-------------------+---------+---------------------
    2    1 3.1911800000000D+04 1.3716200000000D+01
    0.8113   0.92927    0.9359   0.95631   0.98905     1.028    1.0726    1.1279
    1.1852   0.96448
    3    1 3.1911800000000D+04 8.5328480200000D+12
    0.8113   0.92927    0.9359   0.95631   0.98905     1.028    1.0726    1.1279
    1.1852   0.96448
    9    0 3.1911800000000D+04 2.8640000000000D+02
   10    0 3.1911800000000D+04 1.5800000000000D+01
*---+----+-------------------+-------------------+---------+---------------------
*   1: printout of the result at time [hours]
*---+----+-------------------+-------------------+---------+---------------------
    1    0 3.1913800000000D+04
*---+----+-------------------+-------------------+---------+---------------------
    2    1 3.1913800000000D+04 2.7850000000000D+00
   0.45458   0.66391   0.81436   0.95224    1.0808    1.1925     1.275    1.3174
    1.2539   0.99533
    3    1 3.1913800000000D+04 1.8534175000000D+12
   0.45458   0.66391   0.81436   0.95224    1.0808    1.1925     1.275    1.3174
    1.2539   0.99533
    9    0 3.1913800000000D+04 2.9170000000000D+02
   10    0 3.1913800000000D+04 1.5800000000000D+01
*---+----+-------------------+-------------------+---------+---------------------
*   1: printout of the result at time [hours]
*---+----+-------------------+-------------------+---------+---------------------
    1    0 3.2056800000000D+04
*---+----+-------------------+-------------------+---------+---------------------
    2    1 3.2056800000000D+04 2.9757000000000D+00
   0.63951    0.8603   0.96246    1.0303    1.0828    1.1238    1.1507    1.1537
    1.1033   0.89324
    3    1 3.2056800000000D+04 1.9428345300000D+12
   0.63951    0.8603   0.96246    1.0303    1.0828    1.1238    1.1507    1.1537
    1.1033   0.89324
    9    0 3.2056800000000D+04 2.9170000000000D+02
   10    0 3.2056800000000D+04 1.5800000000000D+01
*---+----+-------------------+-------------------+---------+---------------------
*   1: printout of the result at time [hours]
*---+----+-------------------+-------------------+---------+---------------------
    1    0 3.5512800000000D+04
*---+----+-------------------+-------------------+---------+---------------------
    2    1 3.5512800000000D+04 3.3583000000000D+00
   0.81619   0.99038     1.019    1.0264    1.0324    1.0404    1.0514    1.0621
    1.0538    0.9079
    3    1 3.5512800000000D+04 2.1247964100000D+12
   0.81619   0.99038     1.019    1.0264    1.0324    1.0404    1.0514    1.0621
    1.0538    0.9079
    9    0 3.5512800000000D+04 2.9170000000000D+02
   10    0 3.5512800000000D+04 1.5800000000000D+01
*---+----+-------------------+-------------------+---------+---------------------
*   1: printout of the result at time [hours]
*---+----+-------------------+-------------------+---------+---------------------
    1    0 3.7312800000000D+04
*---+----+-------------------+-------------------+---------+---------------------
    2    1 3.7312800000000D+04 3.5257000000000D+00
    0.8594    1.0077    1.0205    1.0211    1.0219    1.0256    1.0324    1.0421
    1.0494   0.91982
    3    1 3.7312800000000D+04 2.1965111000000D+12
    0.8594    1.0077    1.0205    1.0211    1.0219    1.0256    1.0324    1.0421
    1.0494   0.91982
    9    0 3.7312800000000D+04 2.9170000000000D+02
   10    0 3.7312800000000D+04 1.5800000000000D+01
*---+----+-------------------+-------------------+---------+---------------------
*   1: printout of the result at time [hours]
*---+----+-------------------+-------------------+---------+---------------------
    1    0 3.9067200000000D+04
*---+----+-------------------+-------------------+---------+---------------------
    2    1 3.9067200000000D+04 3.8345000000000D+00
   0.84679   0.95866   0.95971   0.96597   0.98188    1.0051    1.0353    1.0768
    1.1277    1.0421
    3    1 3.9067200000000D+04 2.3455636500000D+12
   0.84679   0.95866   0.95971   0.96597   0.98188    1.0051    1.0353    1.0768
    1.1277    1.0421
    9    0 3.9067200000000D+04 2.9170000000000D+02
   10    0 3.9067200000000D+04 1.5800000000000D+01
*---+----+-------------------+-------------------+---------+---------------------
*   1: printout of the result at time [hours]
*---+----+-------------------+-------------------+---------+---------------------
    1    0 4.0010400000000D+04
*---+----+-------------------+-------------------+---------+---------------------
    2    1 4.0010400000000D+04 3.3423000000000D+00
   0.73273   0.82458   0.84223   0.87963   0.93349   0.99871    1.0759    1.1719
    1.2889    1.2518
    3    1 4.0010400000000D+04 1.9956873300000D+12
   0.73273   0.82458   0.84223   0.87963   0.93349   0.99871    1.0759    1.1719
    1.2889    1.2518
    9    0 4.0010400000000D+04 2.8120000000000D+02
   10    0 4.0010400000000D+04 1.5800000000000D+01
* data point #897 end
*  00:  last line of data set (finishing the program)
*---+----+-------------------+-------------------+---------+---------------------
00000    0 4.0010400000000D+04
*---+----+-------------------+-------------------+---------+---------------------
