* data point #982 begin
*
*---+----+-------------------+-------------------+---------+---------------------
*   1: printout of the result at time [hours]
*---+----+-------------------+-------------------+---------+---------------------
    1    0 0.0000000000000D+00
*---+----+-------------------+-------------------+---------+---------------------
    2    1 0.0000000000000D+00 1.8620400000000D+01
   0.56878   0.82974   0.97844    1.0862    1.1655    1.2137    1.2236    1.1822
     1.051    0.7009
    3    1 0.0000000000000D+00 9.6006782400000D+12
   0.56878   0.82974   0.97844    1.0862    1.1655    1.2137    1.2236    1.1822
     1.051    0.7009
    9    0 0.0000000000000D+00 2.9170000000000D+02
   10    0 0.0000000000000D+00 1.5800000000000D+01
*---+----+-------------------+-------------------+---------+---------------------
*   1: printout of the result at time [hours]
*---+----+-------------------+-------------------+---------+---------------------
    1    0 1.4400000000000D+02
*---+----+-------------------+-------------------+---------+---------------------
    2    1 1.4400000000000D+02 1.8632300000000D+01
   0.75412    1.0136    1.0975    1.1271    1.1449    1.1254    1.1007    1.0509
     0.941    0.6449
    3    1 1.4400000000000D+02 9.6124035700000D+12
   0.75412    1.0136    1.0975    1.1271    1.1449    1.1254    1.1007    1.0509
     0.941    0.6449
    9    0 1.4400000000000D+02 2.9170000000000D+02
   10    0 1.4400000000000D+02 1.5800000000000D+01
*---+----+-------------------+-------------------+---------+---------------------
*   1: printout of the result at time [hours]
*---+----+-------------------+-------------------+---------+---------------------
    1    0 5.0400000000000D+03
*---+----+-------------------+-------------------+---------+---------------------
    2    1 5.0400000000000D+03 1.9568500000000D+01
   0.87084    1.1496    1.1647    1.1335    1.0968    1.0611     1.026   0.98403
   0.89716    0.6163
    3    1 5.0400000000000D+03 9.7451130000000D+12
   0.87084    1.1496    1.1647    1.1335    1.0968    1.0611     1.026   0.98403
   0.89716    0.6163
    9    0 5.0400000000000D+03 2.9170000000000D+02
   10    0 5.0400000000000D+03 1.5800000000000D+01
*---+----+-------------------+-------------------+---------+---------------------
*   1: printout of the result at time [hours]
*---+----+-------------------+-------------------+---------+---------------------
    1    0 7.6920000000000D+03
*---+----+-------------------+-------------------+---------+---------------------
    2    1 7.6920000000000D+03 2.0368000000000D+01
   0.86793    1.0983    1.0735    1.0493    1.0376    1.0346    1.0391    1.0489
    1.0271   0.72368
    3    1 7.6920000000000D+03 9.8927376000000D+12
   0.86793    1.0983    1.0735    1.0493    1.0376    1.0346    1.0391    1.0489
    1.0271   0.72368
    9    0 7.6920000000000D+03 2.9170000000000D+02
   10    0 7.6920000000000D+03 1.5800000000000D+01
*---+----+-------------------+-------------------+---------+---------------------
*   1: printout of the result at time [hours]
*---+----+-------------------+-------------------+---------+---------------------
    1    0 8.4782000000000D+03
*---+----+-------------------+-------------------+---------+---------------------
    2    1 8.4782000000000D+03 1.9178900000000D+01
   0.76266   0.95788   0.96184   0.97592    1.0055    1.0443    1.0917    1.1486
    1.1836   0.86793
    3    1 8.4782000000000D+03 9.0409334600000D+12
   0.76266   0.95788   0.96184   0.97592    1.0055    1.0443    1.0917    1.1486
    1.1836   0.86793
    9    0 8.4782000000000D+03 2.8120000000000D+02
   10    0 8.4782000000000D+03 1.5800000000000D+01
*---+----+-------------------+-------------------+---------+---------------------
*   1: printout of the result at time [hours]
*---+----+-------------------+-------------------+---------+---------------------
    1    0 8.4802000000000D+03
*---+----+-------------------+-------------------+---------+---------------------
    2    1 8.4802000000000D+03 2.4155900000000D+01
   0.48125   0.72831   0.86848   0.99764    1.1151    1.2118    1.2774     1.303
    1.2175   0.79947
    3    1 8.4802000000000D+03 1.2510340610000D+13
   0.48125   0.72831   0.86848   0.99764    1.1151    1.2118    1.2774     1.303
    1.2175   0.79947
    9    0 8.4802000000000D+03 2.9170000000000D+02
   10    0 8.4802000000000D+03 1.5800000000000D+01
*---+----+-------------------+-------------------+---------+---------------------
*   1: printout of the result at time [hours]
*---+----+-------------------+-------------------+---------+---------------------
    1    0 8.6232000000000D+03
*---+----+-------------------+-------------------+---------+---------------------
    2    1 8.6232000000000D+03 2.3713000000000D+01
   0.67811   0.94518    1.0252    1.0744    1.1091    1.1317    1.1447    1.1297
    1.0562   0.70565
    3    1 8.6232000000000D+03 1.2290447900000D+13
   0.67811   0.94518    1.0252    1.0744    1.1091    1.1317    1.1447    1.1297
    1.0562   0.70565
    9    0 8.6232000000000D+03 2.9170000000000D+02
   10    0 8.6232000000000D+03 1.5800000000000D+01
*---+----+-------------------+-------------------+---------+---------------------
*   1: printout of the result at time [hours]
*---+----+-------------------+-------------------+---------+---------------------
    1    0 1.2079200000000D+04
*---+----+-------------------+-------------------+---------+---------------------
    2    1 1.2079200000000D+04 2.3445900000000D+01
   0.87039    1.0959    1.0975    1.0799    1.0628    1.0483    1.0372    1.0262
   0.98294   0.69893
    3    1 1.2079200000000D+04 1.2574036170000D+13
   0.87039    1.0959    1.0975    1.0799    1.0628    1.0483    1.0372    1.0262
   0.98294   0.69893
    9    0 1.2079200000000D+04 2.9170000000000D+02
   10    0 1.2079200000000D+04 1.5800000000000D+01
*---+----+-------------------+-------------------+---------+---------------------
*   1: printout of the result at time [hours]
*---+----+-------------------+-------------------+---------+---------------------
    1    0 1.4239200000000D+04
*---+----+-------------------+-------------------+---------+---------------------
    2    1 1.4239200000000D+04 2.3646400000000D+01
   0.91156    1.1224    1.1074     1.082    1.0587    1.0377    1.0194     1.003
   0.96087   0.69689
    3    1 1.4239200000000D+04 1.2899111200000D+13
   0.91156    1.1224    1.1074     1.082    1.0587    1.0377    1.0194     1.003
   0.96087   0.69689
    9    0 1.4239200000000D+04 2.9170000000000D+02
   10    0 1.4239200000000D+04 1.5800000000000D+01
*---+----+-------------------+-------------------+---------+---------------------
*   1: printout of the result at time [hours]
*---+----+-------------------+-------------------+---------+---------------------
    1    0 1.5542400000000D+04
*---+----+-------------------+-------------------+---------+---------------------
    2    1 1.5542400000000D+04 2.3392000000000D+01
   0.89595    1.0732     1.047    1.0338    1.0295    1.0291    1.0319    1.0408
    1.0372   0.78151
    3    1 1.5542400000000D+04 1.2851564800000D+13
   0.89595    1.0732     1.047    1.0338    1.0295    1.0291    1.0319    1.0408
    1.0372   0.78151
    9    0 1.5542400000000D+04 2.9170000000000D+02
   10    0 1.5542400000000D+04 1.5800000000000D+01
*---+----+-------------------+-------------------+---------+---------------------
*   1: printout of the result at time [hours]
*---+----+-------------------+-------------------+---------+---------------------
    1    0 1.5963800000000D+04
*---+----+-------------------+-------------------+---------+---------------------
    2    1 1.5963800000000D+04 2.2132300000000D+01
   0.80331   0.95697   0.96054   0.97785    1.0071    1.0411    1.0787    1.1233
    1.1588   0.89232
    3    1 1.5963800000000D+04 1.1973574300000D+13
   0.80331   0.95697   0.96054   0.97785    1.0071    1.0411    1.0787    1.1233
    1.1588   0.89232
    9    0 1.5963800000000D+04 2.8640000000000D+02
   10    0 1.5963800000000D+04 1.5800000000000D+01
*---+----+-------------------+-------------------+---------+---------------------
*   1: printout of the result at time [hours]
*---+----+-------------------+-------------------+---------+---------------------
    1    0 1.5965800000000D+04
*---+----+-------------------+-------------------+---------+---------------------
    2    1 1.5965800000000D+04 1.8881200000000D+01
   0.45389   0.63539    0.7571   0.89364    1.0351    1.1677    1.2794     1.358
    1.3754    1.0445
    3    1 1.5965800000000D+04 1.0990746520000D+13
   0.45389   0.63539    0.7571   0.89364    1.0351    1.1677    1.2794     1.358
    1.3754    1.0445
    9    0 1.5965800000000D+04 2.9170000000000D+02
   10    0 1.5965800000000D+04 1.5800000000000D+01
*---+----+-------------------+-------------------+---------+---------------------
*   1: printout of the result at time [hours]
*---+----+-------------------+-------------------+---------+---------------------
    1    0 1.6108800000000D+04
*---+----+-------------------+-------------------+---------+---------------------
    2    1 1.6108800000000D+04 1.9089000000000D+01
   0.65619   0.85269    0.9254   0.99288    1.0558    1.1103    1.1539    1.1828
    1.1732    0.8968
    3    1 1.6108800000000D+04 1.1128887000000D+13
   0.65619   0.85269    0.9254   0.99288    1.0558    1.1103    1.1539    1.1828
    1.1732    0.8968
    9    0 1.6108800000000D+04 2.9170000000000D+02
   10    0 1.6108800000000D+04 1.5800000000000D+01
*---+----+-------------------+-------------------+---------+---------------------
*   1: printout of the result at time [hours]
*---+----+-------------------+-------------------+---------+---------------------
    1    0 1.9564800000000D+04
*---+----+-------------------+-------------------+---------+---------------------
    2    1 1.9564800000000D+04 1.9319900000000D+01
   0.85642    1.0295    1.0372    1.0378    1.0391    1.0417     1.046    1.0578
      1.04    0.8145
    3    1 1.9564800000000D+04 1.1477952590000D+13
   0.85642    1.0295    1.0372    1.0378    1.0391    1.0417     1.046    1.0578
      1.04    0.8145
    9    0 1.9564800000000D+04 2.9170000000000D+02
   10    0 1.9564800000000D+04 1.5800000000000D+01
*---+----+-------------------+-------------------+---------+---------------------
*   1: printout of the result at time [hours]
*---+----+-------------------+-------------------+---------+---------------------
    1    0 2.1364800000000D+04
*---+----+-------------------+-------------------+---------+---------------------
    2    1 2.1364800000000D+04 1.9308600000000D+01
   0.89608    1.0661    1.0609     1.051    1.0417    1.0337    1.0278    1.0241
    1.0055   0.79317
    3    1 2.1364800000000D+04 1.1561989680000D+13
   0.89608    1.0661    1.0609     1.051    1.0417    1.0337    1.0278    1.0241
    1.0055   0.79317
    9    0 2.1364800000000D+04 2.9170000000000D+02
   10    0 2.1364800000000D+04 1.5800000000000D+01
*---+----+-------------------+-------------------+---------+---------------------
*   1: printout of the result at time [hours]
*---+----+-------------------+-------------------+---------+---------------------
    1    0 2.3119200000000D+04
*---+----+-------------------+-------------------+---------+---------------------
    2    1 2.3119200000000D+04 1.9111300000000D+01
   0.88361     1.014    1.0032   0.99988    1.0054    1.0165    1.0334    1.0596
    1.0932    0.8912
    3    1 2.3119200000000D+04 1.1483980170000D+13
   0.88361     1.014    1.0032   0.99988    1.0054    1.0165    1.0334    1.0596
    1.0932    0.8912
    9    0 2.3119200000000D+04 2.9170000000000D+02
   10    0 2.3119200000000D+04 1.5800000000000D+01
*---+----+-------------------+-------------------+---------+---------------------
*   1: printout of the result at time [hours]
*---+----+-------------------+-------------------+---------+---------------------
    1    0 2.4062400000000D+04
*---+----+-------------------+-------------------+---------+---------------------
    2    1 2.4062400000000D+04 1.6319300000000D+01
   0.74948   0.85825   0.87173   0.90666   0.95697     1.017    1.0875    1.1747
    1.2718    1.1058
    3    1 2.4062400000000D+04 9.5076241800000D+12
   0.74948   0.85825   0.87173   0.90666   0.95697     1.017    1.0875    1.1747
    1.2718    1.1058
    9    0 2.4062400000000D+04 2.8120000000000D+02
   10    0 2.4062400000000D+04 1.5800000000000D+01
* data point #982 end
*  00:  last line of data set (finishing the program)
*---+----+-------------------+-------------------+---------+---------------------
00000    0 2.4062400000000D+04
*---+----+-------------------+-------------------+---------+---------------------
