* data point #995 begin
*
*---+----+-------------------+-------------------+---------+---------------------
*   1: printout of the result at time [hours]
*---+----+-------------------+-------------------+---------+---------------------
    1    0 0.0000000000000D+00
*---+----+-------------------+-------------------+---------+---------------------
    2    1 0.0000000000000D+00 2.3153100000000D+01
   0.56895   0.83613   0.99598    1.1134    1.1976     1.245    1.2427    1.1795
    1.0107   0.61011
    3    1 0.0000000000000D+00 1.0080859740000D+13
   0.56895   0.83613   0.99598    1.1134    1.1976     1.245    1.2427    1.1795
    1.0107   0.61011
    9    0 0.0000000000000D+00 2.9170000000000D+02
   10    0 0.0000000000000D+00 1.5800000000000D+01
*---+----+-------------------+-------------------+---------+---------------------
*   1: printout of the result at time [hours]
*---+----+-------------------+-------------------+---------+---------------------
    1    0 1.4400000000000D+02
*---+----+-------------------+-------------------+---------+---------------------
    2    1 1.4400000000000D+02 2.3560900000000D+01
   0.73019   0.99088    1.0898     1.136     1.157    1.1577    1.1355    1.0776
   0.93944   0.58589
    3    1 1.4400000000000D+02 1.0310249840000D+13
   0.73019   0.99088    1.0898     1.136     1.157    1.1577    1.1355    1.0776
   0.93944   0.58589
    9    0 1.4400000000000D+02 2.9170000000000D+02
   10    0 1.4400000000000D+02 1.5800000000000D+01
*---+----+-------------------+-------------------+---------+---------------------
*   1: printout of the result at time [hours]
*---+----+-------------------+-------------------+---------+---------------------
    1    0 3.6000000000000D+03
*---+----+-------------------+-------------------+---------+---------------------
    2    1 3.6000000000000D+03 2.3896400000000D+01
   0.85774    1.0931     1.109    1.0933    1.0776    1.0648    1.0542    1.0379
   0.97044   0.64185
    3    1 3.6000000000000D+03 1.0750990360000D+13
   0.85774    1.0931     1.109    1.0933    1.0776    1.0648    1.0542    1.0379
   0.97044   0.64185
    9    0 3.6000000000000D+03 2.9170000000000D+02
   10    0 3.6000000000000D+03 1.5800000000000D+01
*---+----+-------------------+-------------------+---------+---------------------
*   1: printout of the result at time [hours]
*---+----+-------------------+-------------------+---------+---------------------
    1    0 5.7600000000000D+03
*---+----+-------------------+-------------------+---------+---------------------
    2    1 5.7600000000000D+03 2.4384900000000D+01
   0.88206    1.1405     1.128    1.0956    1.0682    1.0465    1.0299    1.0144
   0.95879   0.63601
    3    1 5.7600000000000D+03 1.1119514400000D+13
   0.88206    1.1405     1.128    1.0956    1.0682    1.0465    1.0299    1.0144
   0.95879   0.63601
    9    0 5.7600000000000D+03 2.9170000000000D+02
   10    0 5.7600000000000D+03 1.5800000000000D+01
*---+----+-------------------+-------------------+---------+---------------------
*   1: printout of the result at time [hours]
*---+----+-------------------+-------------------+---------+---------------------
    1    0 6.9888000000000D+03
*---+----+-------------------+-------------------+---------+---------------------
    2    1 6.9888000000000D+03 2.4538100000000D+01
   0.87631    1.1171     1.088    1.0585    1.0398    1.0293    1.0277    1.0377
    1.0278   0.69794
    3    1 6.9888000000000D+03 1.1248265040000D+13
   0.87631    1.1171     1.088    1.0585    1.0398    1.0293    1.0277    1.0377
    1.0278   0.69794
    9    0 6.9888000000000D+03 2.9170000000000D+02
   10    0 6.9888000000000D+03 1.5800000000000D+01
*---+----+-------------------+-------------------+---------+---------------------
*   1: printout of the result at time [hours]
*---+----+-------------------+-------------------+---------+---------------------
    1    0 8.4830000000000D+03
*---+----+-------------------+-------------------+---------+---------------------
    2    1 8.4830000000000D+03 2.0714200000000D+01
   0.72511   0.90962   0.91676   0.94216   0.98406    1.0359    1.0996    1.1842
    1.2807   0.92188
    3    1 8.4830000000000D+03 9.1598192400000D+12
   0.72511   0.90962   0.91676   0.94216   0.98406    1.0359    1.0996    1.1842
    1.2807   0.92188
    9    0 8.4830000000000D+03 2.7520000000000D+02
   10    0 8.4830000000000D+03 1.5800000000000D+01
*---+----+-------------------+-------------------+---------+---------------------
*   1: printout of the result at time [hours]
*---+----+-------------------+-------------------+---------+---------------------
    1    0 8.4850000000000D+03
*---+----+-------------------+-------------------+---------+---------------------
    2    1 8.4850000000000D+03 2.7149100000000D+01
   0.68161   0.99171    1.0855    1.1333    1.1582    1.1591    1.1353     1.084
   0.97543   0.59582
    3    1 8.4850000000000D+03 1.3273194990000D+13
   0.68161   0.99171    1.0855    1.1333    1.1582    1.1591    1.1353     1.084
   0.97543   0.59582
    9    0 8.4850000000000D+03 2.9170000000000D+02
   10    0 8.4850000000000D+03 1.5800000000000D+01
*---+----+-------------------+-------------------+---------+---------------------
*   1: printout of the result at time [hours]
*---+----+-------------------+-------------------+---------+---------------------
    1    0 8.6280000000000D+03
*---+----+-------------------+-------------------+---------+---------------------
    2    1 8.6280000000000D+03 2.6440700000000D+01
   0.79911     1.098     1.147    1.1385    1.1236    1.0989    1.0649    1.0185
   0.92898   0.58244
    3    1 8.6280000000000D+03 1.2903061600000D+13
   0.79911     1.098     1.147    1.1385    1.1236    1.0989    1.0649    1.0185
   0.92898   0.58244
    9    0 8.6280000000000D+03 2.9170000000000D+02
   10    0 8.6280000000000D+03 1.5800000000000D+01
*---+----+-------------------+-------------------+---------+---------------------
*   1: printout of the result at time [hours]
*---+----+-------------------+-------------------+---------+---------------------
    1    0 9.9240000000000D+03
*---+----+-------------------+-------------------+---------+---------------------
    2    1 9.9240000000000D+03 2.5861000000000D+01
   0.83678    1.0978    1.1217    1.1038    1.0902    1.0745    1.0557    1.0296
   0.96385     0.626
    3    1 9.9240000000000D+03 1.2764989600000D+13
   0.83678    1.0978    1.1217    1.1038    1.0902    1.0745    1.0557    1.0296
   0.96385     0.626
    9    0 9.9240000000000D+03 2.9170000000000D+02
   10    0 9.9240000000000D+03 1.5800000000000D+01
*---+----+-------------------+-------------------+---------+---------------------
*   1: printout of the result at time [hours]
*---+----+-------------------+-------------------+---------+---------------------
    1    0 1.1529600000000D+04
*---+----+-------------------+-------------------+---------+---------------------
    2    1 1.1529600000000D+04 2.5121700000000D+01
   0.85731     1.078    1.0735    1.0584    1.0486    1.0428     1.042    1.0469
     1.034    0.7185
    3    1 1.1529600000000D+04 1.2493021410000D+13
   0.85731     1.078    1.0735    1.0584    1.0486    1.0428     1.042    1.0469
     1.034    0.7185
    9    0 1.1529600000000D+04 2.9170000000000D+02
   10    0 1.1529600000000D+04 1.5800000000000D+01
*---+----+-------------------+-------------------+---------+---------------------
*   1: printout of the result at time [hours]
*---+----+-------------------+-------------------+---------+---------------------
    1    0 1.3384800000000D+04
*---+----+-------------------+-------------------+---------+---------------------
    2    1 1.3384800000000D+04 1.9915900000000D+01
   0.69296   0.85881   0.88653   0.92539   0.97912    1.0425    1.1166    1.2066
    1.3065   0.98494
    3    1 1.3384800000000D+04 9.4799684000000D+12
   0.69296   0.85881   0.88653   0.92539   0.97912    1.0425    1.1166    1.2066
    1.3065   0.98494
    9    0 1.3384800000000D+04 2.7330000000000D+02
   10    0 1.3384800000000D+04 1.5800000000000D+01
*---+----+-------------------+-------------------+---------+---------------------
*   1: printout of the result at time [hours]
*---+----+-------------------+-------------------+---------+---------------------
    1    0 1.3388600000000D+04
*---+----+-------------------+-------------------+---------+---------------------
    2    1 1.3388600000000D+04 1.2315300000000D+01
   0.53917   0.69523   0.75524   0.83352   0.93372    1.0516     1.188    1.3457
    1.4965    1.1613
    3    1 1.3388600000000D+04 5.8448413800000D+12
   0.53917   0.69523   0.75524   0.83352   0.93372    1.0516     1.188    1.3457
    1.4965    1.1613
    9    0 1.3388600000000D+04 2.8340000000000D+02
   10    0 1.3388600000000D+04 1.5800000000000D+01
*---+----+-------------------+-------------------+---------+---------------------
*   1: printout of the result at time [hours]
*---+----+-------------------+-------------------+---------+---------------------
    1    0 1.3390600000000D+04
*---+----+-------------------+-------------------+---------+---------------------
    2    1 1.3390600000000D+04 2.4082400000000D+01
   0.78302    1.0419    1.1139    1.1464    1.1506    1.1266    1.0837     1.023
   0.92698   0.60372
    3    1 1.3390600000000D+04 1.2715507200000D+13
   0.78302    1.0419    1.1139    1.1464    1.1506    1.1266    1.0837     1.023
   0.92698   0.60372
    9    0 1.3390600000000D+04 2.9170000000000D+02
   10    0 1.3390600000000D+04 1.5800000000000D+01
*---+----+-------------------+-------------------+---------+---------------------
*   1: printout of the result at time [hours]
*---+----+-------------------+-------------------+---------+---------------------
    1    0 1.3533600000000D+04
*---+----+-------------------+-------------------+---------+---------------------
    2    1 1.3533600000000D+04 2.4158600000000D+01
   0.88701    1.1231    1.1537    1.1383    1.1131    1.0765    1.0321   0.97986
   0.89889   0.59739
    3    1 1.3533600000000D+04 1.2753324940000D+13
   0.88701    1.1231    1.1537    1.1383    1.1131    1.0765    1.0321   0.97986
   0.89889   0.59739
    9    0 1.3533600000000D+04 2.9170000000000D+02
   10    0 1.3533600000000D+04 1.5800000000000D+01
*---+----+-------------------+-------------------+---------+---------------------
*   1: printout of the result at time [hours]
*---+----+-------------------+-------------------+---------+---------------------
    1    0 1.4949600000000D+04
*---+----+-------------------+-------------------+---------+---------------------
    2    1 1.4949600000000D+04 2.3611100000000D+01
   0.89017    1.0768    1.0824    1.0762    1.0672    1.0554    1.0418    1.0262
   0.99034   0.69349
    3    1 1.4949600000000D+04 1.2535132990000D+13
   0.89017    1.0768    1.0824    1.0762    1.0672    1.0554    1.0418    1.0262
   0.99034   0.69349
    9    0 1.4949600000000D+04 2.9170000000000D+02
   10    0 1.4949600000000D+04 1.5800000000000D+01
*---+----+-------------------+-------------------+---------+---------------------
*   1: printout of the result at time [hours]
*---+----+-------------------+-------------------+---------+---------------------
    1    0 1.5775200000000D+04
*---+----+-------------------+-------------------+---------+---------------------
    2    1 1.5775200000000D+04 2.3336900000000D+01
   0.90616    1.0724    1.0635    1.0536    1.0454    1.0378    1.0321    1.0302
    1.0192   0.73952
    3    1 1.5775200000000D+04 1.2398894970000D+13
   0.90616    1.0724    1.0635    1.0536    1.0454    1.0378    1.0321    1.0302
    1.0192   0.73952
    9    0 1.5775200000000D+04 2.9170000000000D+02
   10    0 1.5775200000000D+04 1.5800000000000D+01
*---+----+-------------------+-------------------+---------+---------------------
*   1: printout of the result at time [hours]
*---+----+-------------------+-------------------+---------+---------------------
    1    0 1.6412600000000D+04
*---+----+-------------------+-------------------+---------+---------------------
    2    1 1.6412600000000D+04 2.2187200000000D+01
   0.80772   0.95064   0.96488   0.98719    1.0161    1.0474    1.0807    1.1188
    1.1591   0.86739
    3    1 1.6412600000000D+04 1.1544000160000D+13
   0.80772   0.95064   0.96488   0.98719    1.0161    1.0474    1.0807    1.1188
    1.1591   0.86739
    9    0 1.6412600000000D+04 2.8320000000000D+02
   10    0 1.6412600000000D+04 1.5800000000000D+01
*---+----+-------------------+-------------------+---------+---------------------
*   1: printout of the result at time [hours]
*---+----+-------------------+-------------------+---------+---------------------
    1    0 1.6414600000000D+04
*---+----+-------------------+-------------------+---------+---------------------
    2    1 1.6414600000000D+04 1.8202500000000D+01
   0.44302   0.61574    0.7321   0.86153   0.99893    1.1351    1.2609    1.3653
     1.432    1.1554
    3    1 1.6414600000000D+04 1.0248007500000D+13
   0.44302   0.61574    0.7321   0.86153   0.99893    1.1351    1.2609    1.3653
     1.432    1.1554
    9    0 1.6414600000000D+04 2.9170000000000D+02
   10    0 1.6414600000000D+04 1.5800000000000D+01
*---+----+-------------------+-------------------+---------+---------------------
*   1: printout of the result at time [hours]
*---+----+-------------------+-------------------+---------+---------------------
    1    0 1.6557600000000D+04
*---+----+-------------------+-------------------+---------+---------------------
    2    1 1.6557600000000D+04 1.8468900000000D+01
   0.64633    0.8327   0.90168   0.96503    1.0272    1.0869    1.1427    1.1915
    1.2189   0.98701
    3    1 1.6557600000000D+04 1.0392450030000D+13
   0.64633    0.8327   0.90168   0.96503    1.0272    1.0869    1.1427    1.1915
    1.2189   0.98701
    9    0 1.6557600000000D+04 2.9170000000000D+02
   10    0 1.6557600000000D+04 1.5800000000000D+01
*---+----+-------------------+-------------------+---------+---------------------
*   1: printout of the result at time [hours]
*---+----+-------------------+-------------------+---------+---------------------
    1    0 2.1813600000000D+04
*---+----+-------------------+-------------------+---------+---------------------
    2    1 2.1813600000000D+04 1.8879200000000D+01
   0.89781    1.0594    1.0596    1.0487    1.0383    1.0294    1.0231     1.019
    1.0034   0.82127
    3    1 2.1813600000000D+04 1.0806454080000D+13
   0.89781    1.0594    1.0596    1.0487    1.0383    1.0294    1.0231     1.019
    1.0034   0.82127
    9    0 2.1813600000000D+04 2.9170000000000D+02
   10    0 2.1813600000000D+04 1.5800000000000D+01
*---+----+-------------------+-------------------+---------+---------------------
*   1: printout of the result at time [hours]
*---+----+-------------------+-------------------+---------+---------------------
    1    0 2.3695200000000D+04
*---+----+-------------------+-------------------+---------+---------------------
    2    1 2.3695200000000D+04 1.8737700000000D+01
   0.89835    1.0245    1.0116    1.0035    1.0038    1.0096    1.0215     1.043
    1.0767   0.90753
    3    1 2.3695200000000D+04 1.0762934880000D+13
   0.89835    1.0245    1.0116    1.0035    1.0038    1.0096    1.0215     1.043
    1.0767   0.90753
    9    0 2.3695200000000D+04 2.9170000000000D+02
   10    0 2.3695200000000D+04 1.5800000000000D+01
*---+----+-------------------+-------------------+---------+---------------------
*   1: printout of the result at time [hours]
*---+----+-------------------+-------------------+---------+---------------------
    1    0 2.4431000000000D+04
*---+----+-------------------+-------------------+---------+---------------------
    2    1 2.4431000000000D+04 1.7244300000000D+01
   0.79162   0.89943   0.90633   0.93045    0.9678     1.013    1.0666    1.1341
    1.2126    1.0781
    3    1 2.4431000000000D+04 9.6309415500000D+12
   0.79162   0.89943   0.90633   0.93045    0.9678     1.013    1.0666    1.1341
    1.2126    1.0781
    9    0 2.4431000000000D+04 2.8110000000000D+02
   10    0 2.4431000000000D+04 1.5800000000000D+01
*---+----+-------------------+-------------------+---------+---------------------
*   1: printout of the result at time [hours]
*---+----+-------------------+-------------------+---------+---------------------
    1    0 2.4433000000000D+04
*---+----+-------------------+-------------------+---------+---------------------
    2    1 2.4433000000000D+04 8.1762000000000D+00
   0.53436   0.72882   0.86507   0.98689    1.0934    1.1787     1.233    1.2419
    1.1903   0.94763
    3    1 2.4433000000000D+04 4.9891172400000D+12
   0.53436   0.72882   0.86507   0.98689    1.0934    1.1787     1.233    1.2419
    1.1903   0.94763
    9    0 2.4433000000000D+04 2.9170000000000D+02
   10    0 2.4433000000000D+04 1.5800000000000D+01
*---+----+-------------------+-------------------+---------+---------------------
*   1: printout of the result at time [hours]
*---+----+-------------------+-------------------+---------+---------------------
    1    0 2.4576000000000D+04
*---+----+-------------------+-------------------+---------+---------------------
    2    1 2.4576000000000D+04 8.2261000000000D+00
   0.73084   0.92073   0.99902    1.0474    1.0797    1.1006    1.1184    1.0963
    1.0519   0.85508
    3    1 2.4576000000000D+04 4.9660965700000D+12
   0.73084   0.92073   0.99902    1.0474    1.0797    1.1006    1.1184    1.0963
    1.0519   0.85508
    9    0 2.4576000000000D+04 2.9170000000000D+02
   10    0 2.4576000000000D+04 1.5800000000000D+01
*---+----+-------------------+-------------------+---------+---------------------
*   1: printout of the result at time [hours]
*---+----+-------------------+-------------------+---------+---------------------
    1    0 2.8032000000000D+04
*---+----+-------------------+-------------------+---------+---------------------
    2    1 2.8032000000000D+04 9.2448000000000D+00
   0.87119    1.0515    1.0802    1.0655    1.0526     1.041     1.031    1.0173
   0.98261   0.80716
    3    1 2.8032000000000D+04 5.4682992000000D+12
   0.87119    1.0515    1.0802    1.0655    1.0526     1.041     1.031    1.0173
   0.98261   0.80716
    9    0 2.8032000000000D+04 2.9170000000000D+02
   10    0 2.8032000000000D+04 1.5800000000000D+01
*---+----+-------------------+-------------------+---------+---------------------
*   1: printout of the result at time [hours]
*---+----+-------------------+-------------------+---------+---------------------
    1    0 2.9832000000000D+04
*---+----+-------------------+-------------------+---------+---------------------
    2    1 2.9832000000000D+04 9.8823000000000D+00
   0.88957    1.0878     1.112    1.0855    1.0614    1.0384    1.0172   0.99309
   0.94644   0.76865
    3    1 2.9832000000000D+04 5.8177100100000D+12
   0.88957    1.0878     1.112    1.0855    1.0614    1.0384    1.0172   0.99309
   0.94644   0.76865
    9    0 2.9832000000000D+04 2.9170000000000D+02
   10    0 2.9832000000000D+04 1.5800000000000D+01
*---+----+-------------------+-------------------+---------+---------------------
*   1: printout of the result at time [hours]
*---+----+-------------------+-------------------+---------+---------------------
    1    0 3.1586400000000D+04
*---+----+-------------------+-------------------+---------+---------------------
    2    1 3.1586400000000D+04 1.0337300000000D+01
   0.84858    1.0083    1.0112    1.0104    1.0189     1.033    1.0507    1.0693
    1.0654   0.88427
    3    1 3.1586400000000D+04 6.0338820100000D+12
   0.84858    1.0083    1.0112    1.0104    1.0189     1.033    1.0507    1.0693
    1.0654   0.88427
    9    0 3.1586400000000D+04 2.9170000000000D+02
   10    0 3.1586400000000D+04 1.5800000000000D+01
*---+----+-------------------+-------------------+---------+---------------------
*   1: printout of the result at time [hours]
*---+----+-------------------+-------------------+---------+---------------------
    1    0 3.2529600000000D+04
*---+----+-------------------+-------------------+---------+---------------------
    2    1 3.2529600000000D+04 9.1093000000000D+00
   0.71784   0.85056   0.87504   0.91291   0.96659    1.0303    1.1033    1.1865
    1.2684    1.0887
    3    1 3.2529600000000D+04 5.1686168200000D+12
   0.71784   0.85056   0.87504   0.91291   0.96659    1.0303    1.1033    1.1865
    1.2684    1.0887
    9    0 3.2529600000000D+04 2.8120000000000D+02
   10    0 3.2529600000000D+04 1.5800000000000D+01
* data point #995 end
*  00:  last line of data set (finishing the program)
*---+----+-------------------+-------------------+---------+---------------------
00000    0 3.2529600000000D+04
*---+----+-------------------+-------------------+---------+---------------------
