* data point #1416 begin
*
*---+----+-------------------+-------------------+---------+---------------------
*   1: printout of the result at time [hours]
*---+----+-------------------+-------------------+---------+---------------------
    1    0 0.0000000000000D+00
*---+----+-------------------+-------------------+---------+---------------------
    2    1 0.0000000000000D+00 3.1220000000000D+01
   0.45100   0.73300   0.90600   1.04200   1.15400   1.23800   1.29100   1.27900
   1.16200   0.74400
    3    1 0.0000000000000D+00 1.1492082000000D+13
   0.45100   0.73300   0.90600   1.04200   1.15400   1.23800   1.29100   1.27900
   1.16200   0.74400
    9    0 0.0000000000000D+00 2.9060000000000D+02
   10    0 0.0000000000000D+00 1.5760000000000D+01
*---+----+-------------------+-------------------+---------+---------------------
*   1: printout of the result at time [hours]
*---+----+-------------------+-------------------+---------+---------------------
    1    0 1.5120000000000D+02
*---+----+-------------------+-------------------+---------+---------------------
    2    1 1.5120000000000D+02 3.0585000000000D+01
   0.63800   0.94300   1.05600   1.11000   1.13900   1.15300   1.14900   1.12000
   1.02000   0.67200
    3    1 1.5120000000000D+02 1.1295040500000D+13
   0.63800   0.94300   1.05600   1.11000   1.13900   1.15300   1.14900   1.12000
   1.02000   0.67200
    9    0 1.5120000000000D+02 2.9060000000000D+02
   10    0 1.5120000000000D+02 1.5760000000000D+01
*---+----+-------------------+-------------------+---------+---------------------
*   1: printout of the result at time [hours]
*---+----+-------------------+-------------------+---------+---------------------
    1    0 6.8208000000000D+03
*---+----+-------------------+-------------------+---------+---------------------
    2    1 6.8208000000000D+03 2.8648900000000D+01
   0.83700   1.12700   1.12900   1.10100   1.07700   1.05500   1.03700   1.01800
   0.96000   0.66000
    3    1 6.8208000000000D+03 1.0846473540000D+13
   0.83700   1.12700   1.12900   1.10100   1.07700   1.05500   1.03700   1.01800
   0.96000   0.66000
    9    0 6.8208000000000D+03 2.9060000000000D+02
   10    0 6.8208000000000D+03 1.5760000000000D+01
*---+----+-------------------+-------------------+---------+---------------------
*   1: printout of the result at time [hours]
*---+----+-------------------+-------------------+---------+---------------------
    1    0 1.0098200000000D+04
*---+----+-------------------+-------------------+---------+---------------------
    2    1 1.0098200000000D+04 2.7931800000000D+01
   0.93100   1.13200   1.06900   1.03700   1.02100   1.01200   1.01000   1.01800
   1.01500   0.75500
    3    1 1.0098200000000D+04 1.0767708900000D+13
   0.93100   1.13200   1.06900   1.03700   1.02100   1.01200   1.01000   1.01800
   1.01500   0.75500
    9    0 1.0098200000000D+04 2.9060000000000D+02
   10    0 1.0098200000000D+04 1.5760000000000D+01
*---+----+-------------------+-------------------+---------+---------------------
*   1: printout of the result at time [hours]
*---+----+-------------------+-------------------+---------+---------------------
    1    0 1.0100200000000D+04
*---+----+-------------------+-------------------+---------+---------------------
    2    1 1.0100200000000D+04 2.7037100000000D+01
   0.50100   0.77400   0.91600   1.03400   1.13100   1.20300   1.24800   1.25400
   1.19400   0.74500
    3    1 1.0100200000000D+04 1.1539434280000D+13
   0.50100   0.77400   0.91600   1.03400   1.13100   1.20300   1.24800   1.25400
   1.19400   0.74500
    9    0 1.0100200000000D+04 2.9290000000000D+02
   10    0 1.0100200000000D+04 1.5760000000000D+01
*---+----+-------------------+-------------------+---------+---------------------
*   1: printout of the result at time [hours]
*---+----+-------------------+-------------------+---------+---------------------
    1    0 1.0243200000000D+04
*---+----+-------------------+-------------------+---------+---------------------
    2    1 1.0243200000000D+04 2.6968800000000D+01
   0.67900   0.96600   1.05000   1.09500   1.12000   1.13100   1.12800   1.10900
   1.05200   0.67000
    3    1 1.0243200000000D+04 1.1494102560000D+13
   0.67900   0.96600   1.05000   1.09500   1.12000   1.13100   1.12800   1.10900
   1.05200   0.67000
    9    0 1.0243200000000D+04 2.9290000000000D+02
   10    0 1.0243200000000D+04 1.5760000000000D+01
*---+----+-------------------+-------------------+---------+---------------------
*   1: printout of the result at time [hours]
*---+----+-------------------+-------------------+---------+---------------------
    1    0 1.3699200000000D+04
*---+----+-------------------+-------------------+---------+---------------------
    2    1 1.3699200000000D+04 2.6091500000000D+01
   0.80200   1.06600   1.09800   1.09900   1.09100   1.08100   1.06900   1.04900
   0.99400   0.65000
    3    1 1.3699200000000D+04 1.1258482250000D+13
   0.80200   1.06600   1.09800   1.09900   1.09100   1.08100   1.06900   1.04900
   0.99400   0.65000
    9    0 1.3699200000000D+04 2.9290000000000D+02
   10    0 1.3699200000000D+04 1.5760000000000D+01
*---+----+-------------------+-------------------+---------+---------------------
*   1: printout of the result at time [hours]
*---+----+-------------------+-------------------+---------+---------------------
    1    0 1.5499200000000D+04
*---+----+-------------------+-------------------+---------+---------------------
    2    1 1.5499200000000D+04 2.5518500000000D+01
   0.82400   1.08900   1.12500   1.11200   1.09600   1.07700   1.05600   1.02700
   0.96300   0.63100
    3    1 1.5499200000000D+04 1.1120962300000D+13
   0.82400   1.08900   1.12500   1.11200   1.09600   1.07700   1.05600   1.02700
   0.96300   0.63100
    9    0 1.5499200000000D+04 2.9290000000000D+02
   10    0 1.5499200000000D+04 1.5760000000000D+01
*---+----+-------------------+-------------------+---------+---------------------
*   1: printout of the result at time [hours]
*---+----+-------------------+-------------------+---------+---------------------
    1    0 1.9893600000000D+04
*---+----+-------------------+-------------------+---------+---------------------
    2    1 1.9893600000000D+04 2.4319300000000D+01
   0.95500   1.07900   1.03500   1.01200   1.00700   1.01200   1.02600   1.04900
   1.05500   0.77200
    3    1 1.9893600000000D+04 1.0690764280000D+13
   0.95500   1.07900   1.03500   1.01200   1.00700   1.01200   1.02600   1.04900
   1.05500   0.77200
    9    0 1.9893600000000D+04 2.9290000000000D+02
   10    0 1.9893600000000D+04 1.5760000000000D+01
*---+----+-------------------+-------------------+---------+---------------------
*   1: printout of the result at time [hours]
*---+----+-------------------+-------------------+---------+---------------------
    1    0 2.0181600000000D+04
*---+----+-------------------+-------------------+---------+---------------------
    2    1 2.0181600000000D+04 2.3264400000000D+01
   0.89700   1.01500   0.98600   0.98200   0.99600   1.02000   1.05200   1.09400
   1.12400   0.83600
    3    1 2.0181600000000D+04 1.0124666880000D+13
   0.89700   1.01500   0.98600   0.98200   0.99600   1.02000   1.05200   1.09400
   1.12400   0.83600
    9    0 2.0181600000000D+04 2.8960000000000D+02
   10    0 2.0181600000000D+04 1.5760000000000D+01
* data point #1416 end
*  00:  last line of data set (finishing the program)
*---+----+-------------------+-------------------+---------+---------------------
00000    0 2.0181600000000D+04
*---+----+-------------------+-------------------+---------+---------------------
