* data point #3889 begin
*
*---+----+-------------------+-------------------+---------+---------------------
*   1: printout of the result at time [hours]
*---+----+-------------------+-------------------+---------+---------------------
    1    0 0.0000000000000D+00
*---+----+-------------------+-------------------+---------+---------------------
    2    1 0.0000000000000D+00 1.9476000000000D+01
   0.63300   0.99800   1.10300   1.15300   1.17900   1.18200   1.16000   1.10600
   0.96600   0.52000
    3    1 0.0000000000000D+00 8.2831428000000D+12
   0.63300   0.99800   1.10300   1.15300   1.17900   1.18200   1.16000   1.10600
   0.96600   0.52000
    9    0 0.0000000000000D+00 2.9170000000000D+02
   10    0 0.0000000000000D+00 1.5800000000000D+01
*---+----+-------------------+-------------------+---------+---------------------
*   1: printout of the result at time [hours]
*---+----+-------------------+-------------------+---------+---------------------
    1    0 1.4400000000000D+02
*---+----+-------------------+-------------------+---------+---------------------
    2    1 1.4400000000000D+02 1.9861800000000D+01
   0.76300   1.12400   1.17700   1.16300   1.14200   1.11400   1.07700   1.02500
   0.90900   0.50700
    3    1 1.4400000000000D+02 8.4829747800000D+12
   0.76300   1.12400   1.17700   1.16300   1.14200   1.11400   1.07700   1.02500
   0.90900   0.50700
    9    0 1.4400000000000D+02 2.9170000000000D+02
   10    0 1.4400000000000D+02 1.5800000000000D+01
*---+----+-------------------+-------------------+---------+---------------------
*   1: printout of the result at time [hours]
*---+----+-------------------+-------------------+---------+---------------------
    1    0 1.4400000000000D+03
*---+----+-------------------+-------------------+---------+---------------------
    2    1 1.4400000000000D+03 1.9873700000000D+01
   0.81200   1.13300   1.14800   1.12800   1.10700   1.08600   1.06300   1.03200
   0.94200   0.55000
    3    1 1.4400000000000D+03 8.5735141800000D+12
   0.81200   1.13300   1.14800   1.12800   1.10700   1.08600   1.06300   1.03200
   0.94200   0.55000
    9    0 1.4400000000000D+03 2.9170000000000D+02
   10    0 1.4400000000000D+03 1.5800000000000D+01
*---+----+-------------------+-------------------+---------+---------------------
*   1: printout of the result at time [hours]
*---+----+-------------------+-------------------+---------+---------------------
    1    0 3.0456000000000D+03
*---+----+-------------------+-------------------+---------+---------------------
    2    1 3.0456000000000D+03 1.9925200000000D+01
   0.84300   1.11200   1.09900   1.07400   1.05600   1.04400   1.04000   1.04500
   1.02800   0.66000
    3    1 3.0456000000000D+03 8.6535143600000D+12
   0.84300   1.11200   1.09900   1.07400   1.05600   1.04400   1.04000   1.04500
   1.02800   0.66000
    9    0 3.0456000000000D+03 2.9170000000000D+02
   10    0 3.0456000000000D+03 1.5800000000000D+01
*---+----+-------------------+-------------------+---------+---------------------
*   1: printout of the result at time [hours]
*---+----+-------------------+-------------------+---------+---------------------
    1    0 4.9008000000000D+03
*---+----+-------------------+-------------------+---------+---------------------
    2    1 4.9008000000000D+03 1.5369200000000D+01
   0.68900   0.89100   0.91300   0.94500   0.99300   1.05000   1.11800   1.20400
   1.29200   0.90400
    3    1 4.9008000000000D+03 6.3874395200000D+12
   0.68900   0.89100   0.91300   0.94500   0.99300   1.05000   1.11800   1.20400
   1.29200   0.90400
    9    0 4.9008000000000D+03 2.7330000000000D+02
   10    0 4.9008000000000D+03 1.5800000000000D+01
*---+----+-------------------+-------------------+---------+---------------------
*   1: printout of the result at time [hours]
*---+----+-------------------+-------------------+---------+---------------------
    1    0 4.9046000000000D+03
*---+----+-------------------+-------------------+---------+---------------------
    2    1 4.9046000000000D+03 9.2188000000000D+00
   0.53800   0.72300   0.78000   0.85400   0.95000   1.06200   1.19300   1.34500
   1.49400   1.06100
    3    1 4.9046000000000D+03 3.8377864400000D+12
   0.53800   0.72300   0.78000   0.85400   0.95000   1.06200   1.19300   1.34500
   1.49400   1.06100
    9    0 4.9046000000000D+03 2.8340000000000D+02
   10    0 4.9046000000000D+03 1.5800000000000D+01
*---+----+-------------------+-------------------+---------+---------------------
*   1: printout of the result at time [hours]
*---+----+-------------------+-------------------+---------+---------------------
    1    0 4.9066000000000D+03
*---+----+-------------------+-------------------+---------+---------------------
    2    1 4.9066000000000D+03 2.4638000000000D+01
   0.75900   1.11400   1.19500   1.21100   1.18400   1.13700   1.07100   0.98600
   0.85300   0.49000
    3    1 4.9066000000000D+03 1.1419713000000D+13
   0.75900   1.11400   1.19500   1.21100   1.18400   1.13700   1.07100   0.98600
   0.85300   0.49000
    9    0 4.9066000000000D+03 2.9170000000000D+02
   10    0 4.9066000000000D+03 1.5800000000000D+01
*---+----+-------------------+-------------------+---------+---------------------
*   1: printout of the result at time [hours]
*---+----+-------------------+-------------------+---------+---------------------
    1    0 5.0496000000000D+03
*---+----+-------------------+-------------------+---------+---------------------
    2    1 5.0496000000000D+03 2.5009300000000D+01
   0.86200   1.19400   1.22800   1.19100   1.14300   1.08500   1.02100   0.94800
   0.83400   0.49400
    3    1 5.0496000000000D+03 1.1626823570000D+13
   0.86200   1.19400   1.22800   1.19100   1.14300   1.08500   1.02100   0.94800
   0.83400   0.49400
    9    0 5.0496000000000D+03 2.9170000000000D+02
   10    0 5.0496000000000D+03 1.5800000000000D+01
*---+----+-------------------+-------------------+---------+---------------------
*   1: printout of the result at time [hours]
*---+----+-------------------+-------------------+---------+---------------------
    1    0 6.4656000000000D+03
*---+----+-------------------+-------------------+---------+---------------------
    2    1 6.4656000000000D+03 2.4551800000000D+01
   0.86700   1.14000   1.14700   1.12400   1.09600   1.06700   1.03700   1.00300
   0.93300   0.58600
    3    1 6.4656000000000D+03 1.1524614920000D+13
   0.86700   1.14000   1.14700   1.12400   1.09600   1.06700   1.03700   1.00300
   0.93300   0.58600
    9    0 6.4656000000000D+03 2.9170000000000D+02
   10    0 6.4656000000000D+03 1.5800000000000D+01
*---+----+-------------------+-------------------+---------+---------------------
*   1: printout of the result at time [hours]
*---+----+-------------------+-------------------+---------+---------------------
    1    0 7.2912000000000D+03
*---+----+-------------------+-------------------+---------+---------------------
    2    1 7.2912000000000D+03 2.4390000000000D+01
   0.88400   1.13300   1.12400   1.09800   1.07300   1.05000   1.02900   1.01000
   0.96600   0.63200
    3    1 7.2912000000000D+03 1.1490129000000D+13
   0.88400   1.13300   1.12400   1.09800   1.07300   1.05000   1.02900   1.01000
   0.96600   0.63200
    9    0 7.2912000000000D+03 2.9170000000000D+02
   10    0 7.2912000000000D+03 1.5800000000000D+01
*---+----+-------------------+-------------------+---------+---------------------
*   1: printout of the result at time [hours]
*---+----+-------------------+-------------------+---------+---------------------
    1    0 7.9286000000000D+03
*---+----+-------------------+-------------------+---------+---------------------
    2    1 7.9286000000000D+03 2.3228300000000D+01
   0.79100   1.00900   1.02600   1.03600   1.05000   1.06600   1.08400   1.10200
   1.09400   0.74200
    3    1 7.9286000000000D+03 1.0733797430000D+13
   0.79100   1.00900   1.02600   1.03600   1.05000   1.06600   1.08400   1.10200
   1.09400   0.74200
    9    0 7.9286000000000D+03 2.8320000000000D+02
   10    0 7.9286000000000D+03 1.5800000000000D+01
*---+----+-------------------+-------------------+---------+---------------------
*   1: printout of the result at time [hours]
*---+----+-------------------+-------------------+---------+---------------------
    1    0 7.9306000000000D+03
*---+----+-------------------+-------------------+---------+---------------------
    2    1 7.9306000000000D+03 2.2761600000000D+01
   0.53300   0.80100   0.94600   1.06300   1.15600   1.22000   1.25200   1.22600
   1.11600   0.68800
    3    1 7.9306000000000D+03 1.1804165760000D+13
   0.53300   0.80100   0.94600   1.06300   1.15600   1.22000   1.25200   1.22600
   1.11600   0.68800
    9    0 7.9306000000000D+03 2.9170000000000D+02
   10    0 7.9306000000000D+03 1.5800000000000D+01
*---+----+-------------------+-------------------+---------+---------------------
*   1: printout of the result at time [hours]
*---+----+-------------------+-------------------+---------+---------------------
    1    0 8.0736000000000D+03
*---+----+-------------------+-------------------+---------+---------------------
    2    1 8.0736000000000D+03 2.2631700000000D+01
   0.70700   0.98400   1.06800   1.11100   1.13200   1.14900   1.12800   1.09300
   0.99900   0.62900
    3    1 8.0736000000000D+03 1.1718694260000D+13
   0.70700   0.98400   1.06800   1.11100   1.13200   1.14900   1.12800   1.09300
   0.99900   0.62900
    9    0 8.0736000000000D+03 2.9170000000000D+02
   10    0 8.0736000000000D+03 1.5800000000000D+01
*---+----+-------------------+-------------------+---------+---------------------
*   1: printout of the result at time [hours]
*---+----+-------------------+-------------------+---------+---------------------
    1    0 1.2969600000000D+04
*---+----+-------------------+-------------------+---------+---------------------
    2    1 1.2969600000000D+04 2.2018800000000D+01
   0.86600   1.11300   1.13600   1.11200   1.08900   1.06600   1.04300   1.01200
   0.94100   0.62200
    3    1 1.2969600000000D+04 1.1744827920000D+13
   0.86600   1.11300   1.13600   1.11200   1.08900   1.06600   1.04300   1.01200
   0.94100   0.62200
    9    0 1.2969600000000D+04 2.9170000000000D+02
   10    0 1.2969600000000D+04 1.5800000000000D+01
*---+----+-------------------+-------------------+---------+---------------------
*   1: printout of the result at time [hours]
*---+----+-------------------+-------------------+---------+---------------------
    1    0 1.5621600000000D+04
*---+----+-------------------+-------------------+---------+---------------------
    2    1 1.5621600000000D+04 2.1547000000000D+01
   0.87900   1.06100   1.04800   1.03300   1.02900   1.03400   1.04700   1.06500
   1.05700   0.74400
    3    1 1.5621600000000D+04 1.1637534700000D+13
   0.87900   1.06100   1.04800   1.03300   1.02900   1.03400   1.04700   1.06500
   1.05700   0.74400
    9    0 1.5621600000000D+04 2.9170000000000D+02
   10    0 1.5621600000000D+04 1.5800000000000D+01
*---+----+-------------------+-------------------+---------+---------------------
*   1: printout of the result at time [hours]
*---+----+-------------------+-------------------+---------+---------------------
    1    0 1.6407800000000D+04
*---+----+-------------------+-------------------+---------+---------------------
    2    1 1.6407800000000D+04 2.0131700000000D+01
   0.77300   0.92900   0.93800   0.95900   0.99500   1.04100   1.09600   1.16200
   1.21800   0.89000
    3    1 1.6407800000000D+04 1.0595313710000D+13
   0.77300   0.92900   0.93800   0.95900   0.99500   1.04100   1.09600   1.16200
   1.21800   0.89000
    9    0 1.6407800000000D+04 2.8120000000000D+02
   10    0 1.6407800000000D+04 1.5800000000000D+01
*---+----+-------------------+-------------------+---------+---------------------
*   1: printout of the result at time [hours]
*---+----+-------------------+-------------------+---------+---------------------
    1    0 1.6409800000000D+04
*---+----+-------------------+-------------------+---------+---------------------
    2    1 1.6409800000000D+04 1.9424100000000D+01
   0.43600   0.60600   0.72100   0.85100   0.99100   1.13200   1.26500   1.37800
   1.45500   1.16500
    3    1 1.6409800000000D+04 1.1077564230000D+13
   0.43600   0.60600   0.72100   0.85100   0.99100   1.13200   1.26500   1.37800
   1.45500   1.16500
    9    0 1.6409800000000D+04 2.9170000000000D+02
   10    0 1.6409800000000D+04 1.5800000000000D+01
*---+----+-------------------+-------------------+---------+---------------------
*   1: printout of the result at time [hours]
*---+----+-------------------+-------------------+---------+---------------------
    1    0 1.6552800000000D+04
*---+----+-------------------+-------------------+---------+---------------------
    2    1 1.6552800000000D+04 1.9609000000000D+01
   0.64000   0.82500   0.89200   0.95700   1.02300   1.08600   1.14700   1.20200
   1.23500   0.99300
    3    1 1.6552800000000D+04 1.1188895400000D+13
   0.64000   0.82500   0.89200   0.95700   1.02300   1.08600   1.14700   1.20200
   1.23500   0.99300
    9    0 1.6552800000000D+04 2.9170000000000D+02
   10    0 1.6552800000000D+04 1.5800000000000D+01
*---+----+-------------------+-------------------+---------+---------------------
*   1: printout of the result at time [hours]
*---+----+-------------------+-------------------+---------+---------------------
    1    0 2.1808800000000D+04
*---+----+-------------------+-------------------+---------+---------------------
    2    1 2.1808800000000D+04 1.9804600000000D+01
   0.90100   1.06700   1.06100   1.05000   1.03900   1.03000   1.02200   1.01700
   1.00000   0.81300
    3    1 2.1808800000000D+04 1.1686694460000D+13
   0.90100   1.06700   1.06100   1.05000   1.03900   1.03000   1.02200   1.01700
   1.00000   0.81300
    9    0 2.1808800000000D+04 2.9170000000000D+02
   10    0 2.1808800000000D+04 1.5800000000000D+01
*---+----+-------------------+-------------------+---------+---------------------
*   1: printout of the result at time [hours]
*---+----+-------------------+-------------------+---------+---------------------
    1    0 2.3690400000000D+04
*---+----+-------------------+-------------------+---------+---------------------
    2    1 2.3690400000000D+04 1.9533700000000D+01
   0.90300   1.02900   1.01500   1.00600   1.00600   1.01000   1.02100   1.04100
   1.07300   0.89600
    3    1 2.3690400000000D+04 1.1593250950000D+13
   0.90300   1.02900   1.01500   1.00600   1.00600   1.01000   1.02100   1.04100
   1.07300   0.89600
    9    0 2.3690400000000D+04 2.9170000000000D+02
   10    0 2.3690400000000D+04 1.5800000000000D+01
*---+----+-------------------+-------------------+---------+---------------------
*   1: printout of the result at time [hours]
*---+----+-------------------+-------------------+---------+---------------------
    1    0 2.4426200000000D+04
*---+----+-------------------+-------------------+---------+---------------------
    2    1 2.4426200000000D+04 1.7984100000000D+01
   0.79500   0.90400   0.91000   0.93400   0.97100   1.01500   1.06700   1.13300
   1.20700   1.06500
    3    1 2.4426200000000D+04 1.0376825700000D+13
   0.79500   0.90400   0.91000   0.93400   0.97100   1.01500   1.06700   1.13300
   1.20700   1.06500
    9    0 2.4426200000000D+04 2.8110000000000D+02
   10    0 2.4426200000000D+04 1.5800000000000D+01
*---+----+-------------------+-------------------+---------+---------------------
*   1: printout of the result at time [hours]
*---+----+-------------------+-------------------+---------+---------------------
    1    0 2.4428200000000D+04
*---+----+-------------------+-------------------+---------+---------------------
    2    1 2.4428200000000D+04 1.6204900000000D+01
   0.45500   0.68800   0.83900   0.97700   1.10500   1.21500   1.29600   1.33700
   1.25500   0.83300
    3    1 2.4428200000000D+04 1.0382479430000D+13
   0.45500   0.68800   0.83900   0.97700   1.10500   1.21500   1.29600   1.33700
   1.25500   0.83300
    9    0 2.4428200000000D+04 2.9170000000000D+02
   10    0 2.4428200000000D+04 1.5800000000000D+01
*---+----+-------------------+-------------------+---------+---------------------
*   1: printout of the result at time [hours]
*---+----+-------------------+-------------------+---------+---------------------
    1    0 2.4571200000000D+04
*---+----+-------------------+-------------------+---------+---------------------
    2    1 2.4571200000000D+04 1.6236500000000D+01
   0.64700   0.90000   0.99800   1.06000   1.10700   1.14200   1.16300   1.16100
   1.09000   0.73300
    3    1 2.4571200000000D+04 1.0365381600000D+13
   0.64700   0.90000   0.99800   1.06000   1.10700   1.14200   1.16300   1.16100
   1.09000   0.73300
    9    0 2.4571200000000D+04 2.9170000000000D+02
   10    0 2.4571200000000D+04 1.5800000000000D+01
*---+----+-------------------+-------------------+---------+---------------------
*   1: printout of the result at time [hours]
*---+----+-------------------+-------------------+---------+---------------------
    1    0 2.8027200000000D+04
*---+----+-------------------+-------------------+---------+---------------------
    2    1 2.8027200000000D+04 1.5610900000000D+01
   0.85100   1.04600   1.06600   1.05500   1.05000   1.04900   1.05100   1.05400
   1.02700   0.75000
    3    1 2.8027200000000D+04 1.0006586900000D+13
   0.85100   1.04600   1.06600   1.05500   1.05000   1.04900   1.05100   1.05400
   1.02700   0.75000
    9    0 2.8027200000000D+04 2.9170000000000D+02
   10    0 2.8027200000000D+04 1.5800000000000D+01
*---+----+-------------------+-------------------+---------+---------------------
*   1: printout of the result at time [hours]
*---+----+-------------------+-------------------+---------+---------------------
    1    0 3.0187200000000D+04
*---+----+-------------------+-------------------+---------+---------------------
    2    1 3.0187200000000D+04 1.5167000000000D+01
   0.90500   1.06600   1.05700   1.04600   1.03800   1.03300   1.03200   1.03400
   1.01800   0.77100
    3    1 3.0187200000000D+04 9.7205303000000D+12
   0.90500   1.06600   1.05700   1.04600   1.03800   1.03300   1.03200   1.03400
   1.01800   0.77100
    9    0 3.0187200000000D+04 2.9170000000000D+02
   10    0 3.0187200000000D+04 1.5800000000000D+01
*---+----+-------------------+-------------------+---------+---------------------
*   1: printout of the result at time [hours]
*---+----+-------------------+-------------------+---------+---------------------
    1    0 3.1490400000000D+04
*---+----+-------------------+-------------------+---------+---------------------
    2    1 3.1490400000000D+04 1.5232900000000D+01
   0.89600   1.02400   1.01200   1.00600   1.00900   1.01700   1.03000   1.05300
   1.09900   0.85400
    3    1 3.1490400000000D+04 9.7399162600000D+12
   0.89600   1.02400   1.01200   1.00600   1.00900   1.01700   1.03000   1.05300
   1.09900   0.85400
    9    0 3.1490400000000D+04 2.9170000000000D+02
   10    0 3.1490400000000D+04 1.5800000000000D+01
*---+----+-------------------+-------------------+---------+---------------------
*   1: printout of the result at time [hours]
*---+----+-------------------+-------------------+---------+---------------------
    1    0 3.1911800000000D+04
*---+----+-------------------+-------------------+---------+---------------------
    2    1 3.1911800000000D+04 1.4315200000000D+01
   0.81100   0.92900   0.93600   0.95600   0.98900   1.02800   1.07300   1.12800
   1.18500   0.96500
    3    1 3.1911800000000D+04 9.0157129600000D+12
   0.81100   0.92900   0.93600   0.95600   0.98900   1.02800   1.07300   1.12800
   1.18500   0.96500
    9    0 3.1911800000000D+04 2.8640000000000D+02
   10    0 3.1911800000000D+04 1.5800000000000D+01
*---+----+-------------------+-------------------+---------+---------------------
*   1: printout of the result at time [hours]
*---+----+-------------------+-------------------+---------+---------------------
    1    0 3.1913800000000D+04
*---+----+-------------------+-------------------+---------+---------------------
    2    1 3.1913800000000D+04 1.9593000000000D+00
   0.45500   0.66400   0.81400   0.95200   1.08100   1.19200   1.27500   1.31700
   1.25400   0.99500
    3    1 3.1913800000000D+04 1.2894153300000D+12
   0.45500   0.66400   0.81400   0.95200   1.08100   1.19200   1.27500   1.31700
   1.25400   0.99500
    9    0 3.1913800000000D+04 2.9170000000000D+02
   10    0 3.1913800000000D+04 1.5800000000000D+01
*---+----+-------------------+-------------------+---------+---------------------
*   1: printout of the result at time [hours]
*---+----+-------------------+-------------------+---------+---------------------
    1    0 3.2056800000000D+04
*---+----+-------------------+-------------------+---------+---------------------
    2    1 3.2056800000000D+04 2.1244000000000D+00
   0.64000   0.86000   0.96300   1.03000   1.08300   1.12400   1.15100   1.15400
   1.10300   0.89300
    3    1 3.2056800000000D+04 1.3685384800000D+12
   0.64000   0.86000   0.96300   1.03000   1.08300   1.12400   1.15100   1.15400
   1.10300   0.89300
    9    0 3.2056800000000D+04 2.9170000000000D+02
   10    0 3.2056800000000D+04 1.5800000000000D+01
*---+----+-------------------+-------------------+---------+---------------------
*   1: printout of the result at time [hours]
*---+----+-------------------+-------------------+---------+---------------------
    1    0 3.5512800000000D+04
*---+----+-------------------+-------------------+---------+---------------------
    2    1 3.5512800000000D+04 2.4622000000000D+00
   0.81600   0.99100   1.01900   1.02600   1.03200   1.04100   1.05200   1.06200
   1.05400   0.90800
    3    1 3.5512800000000D+04 1.5206547200000D+12
   0.81600   0.99100   1.01900   1.02600   1.03200   1.04100   1.05200   1.06200
   1.05400   0.90800
    9    0 3.5512800000000D+04 2.9170000000000D+02
   10    0 3.5512800000000D+04 1.5800000000000D+01
*---+----+-------------------+-------------------+---------+---------------------
*   1: printout of the result at time [hours]
*---+----+-------------------+-------------------+---------+---------------------
    1    0 3.7312800000000D+04
*---+----+-------------------+-------------------+---------+---------------------
    2    1 3.7312800000000D+04 2.6187000000000D+00
   0.85900   1.00800   1.02100   1.02100   1.02200   1.02600   1.03200   1.04200
   1.04900   0.92000
    3    1 3.7312800000000D+04 1.5819566700000D+12
   0.85900   1.00800   1.02100   1.02100   1.02200   1.02600   1.03200   1.04200
   1.04900   0.92000
    9    0 3.7312800000000D+04 2.9170000000000D+02
   10    0 3.7312800000000D+04 1.5800000000000D+01
*---+----+-------------------+-------------------+---------+---------------------
*   1: printout of the result at time [hours]
*---+----+-------------------+-------------------+---------+---------------------
    1    0 3.9067200000000D+04
*---+----+-------------------+-------------------+---------+---------------------
    2    1 3.9067200000000D+04 2.9022000000000D+00
   0.84700   0.95900   0.96000   0.96600   0.98200   1.00500   1.03500   1.07700
   1.12800   1.04200
    3    1 3.9067200000000D+04 1.7114273400000D+12
   0.84700   0.95900   0.96000   0.96600   0.98200   1.00500   1.03500   1.07700
   1.12800   1.04200
    9    0 3.9067200000000D+04 2.9170000000000D+02
   10    0 3.9067200000000D+04 1.5800000000000D+01
*---+----+-------------------+-------------------+---------+---------------------
*   1: printout of the result at time [hours]
*---+----+-------------------+-------------------+---------+---------------------
    1    0 4.0010400000000D+04
*---+----+-------------------+-------------------+---------+---------------------
    2    1 4.0010400000000D+04 2.5206000000000D+00
   0.73300   0.82500   0.84200   0.88000   0.93400   0.99900   1.07600   1.17200
   1.28900   1.25200
    3    1 4.0010400000000D+04 1.4513614800000D+12
   0.73300   0.82500   0.84200   0.88000   0.93400   0.99900   1.07600   1.17200
   1.28900   1.25200
    9    0 4.0010400000000D+04 2.8120000000000D+02
   10    0 4.0010400000000D+04 1.5800000000000D+01
* data point #3889 end
*  00:  last line of data set (finishing the program)
*---+----+-------------------+-------------------+---------+---------------------
00000    0 4.0010400000000D+04
*---+----+-------------------+-------------------+---------+---------------------
