* data point #1901 begin
*
*---+----+-------------------+-------------------+---------+---------------------
*   1: printout of the result at time [hours]
*---+----+-------------------+-------------------+---------+---------------------
    1    0 0.0000000000000D+00
*---+----+-------------------+-------------------+---------+---------------------
    2    1 0.0000000000000D+00 2.6000700000000D+01
   0.44300   0.66000   0.80000   0.93300   1.06300
   1.18100   1.27700   1.33900   1.32800   0.97700
    3    1 0.0000000000000D+00 9.6410595600000D+12
   0.44300   0.66000   0.80000   0.93300   1.06300
   1.18100   1.27700   1.33900   1.32800   0.97700
    9    0 0.0000000000000D+00 2.9060000000000D+02
   10    0 0.0000000000000D+00 1.5760000000000D+01
*---+----+-------------------+-------------------+---------+---------------------
*   1: printout of the result at time [hours]
*---+----+-------------------+-------------------+---------+---------------------
    1    0 1.5120000000000D+02
*---+----+-------------------+-------------------+---------+---------------------
    2    1 1.5120000000000D+02 2.6360400000000D+01
   0.64100   0.87700   0.96500   1.02500   1.07500
   1.11600   1.14700   1.17000   1.13700   0.84800
    3    1 1.5120000000000D+02 9.7797084000000D+12
   0.64100   0.87700   0.96500   1.02500   1.07500
   1.11600   1.14700   1.17000   1.13700   0.84800
    9    0 1.5120000000000D+02 2.9060000000000D+02
   10    0 1.5120000000000D+02 1.5760000000000D+01
*---+----+-------------------+-------------------+---------+---------------------
*   1: printout of the result at time [hours]
*---+----+-------------------+-------------------+---------+---------------------
    1    0 6.8208000000000D+03
*---+----+-------------------+-------------------+---------+---------------------
    2    1 6.8208000000000D+03 2.9088700000000D+01
   0.84800   1.12000   1.12000   1.09400   1.07100
   1.05000   1.03300   1.01500   0.96500   0.68500
    3    1 6.8208000000000D+03 1.1062432610000D+13
   0.84800   1.12000   1.12000   1.09400   1.07100
   1.05000   1.03300   1.01500   0.96500   0.68500
    9    0 6.8208000000000D+03 2.9060000000000D+02
   10    0 6.8208000000000D+03 1.5760000000000D+01
*---+----+-------------------+-------------------+---------+---------------------
*   1: printout of the result at time [hours]
*---+----+-------------------+-------------------+---------+---------------------
    1    0 1.0098200000000D+04
*---+----+-------------------+-------------------+---------+---------------------
    2    1 1.0098200000000D+04 2.7920000000000D+01
   0.94200   1.11100   1.06500   1.03500   1.01900
   1.00900   1.00600   1.01200   1.01100   0.79000
    3    1 1.0098200000000D+04 1.0693360000000D+13
   0.94200   1.11100   1.06500   1.03500   1.01900
   1.00900   1.00600   1.01200   1.01100   0.79000
    9    0 1.0098200000000D+04 2.9060000000000D+02
   10    0 1.0098200000000D+04 1.5760000000000D+01
*---+----+-------------------+-------------------+---------+---------------------
*   1: printout of the result at time [hours]
*---+----+-------------------+-------------------+---------+---------------------
    1    0 1.0100200000000D+04
*---+----+-------------------+-------------------+---------+---------------------
    2    1 1.0100200000000D+04 2.8764700000000D+01
   0.49400   0.76800   0.91400   1.03300   1.12900
   1.20200   1.24600   1.25100   1.18500   0.77900
    3    1 1.0100200000000D+04 1.1986250490000D+13
   0.49400   0.76800   0.91400   1.03300   1.12900
   1.20200   1.24600   1.25100   1.18500   0.77900
    9    0 1.0100200000000D+04 2.9290000000000D+02
   10    0 1.0100200000000D+04 1.5760000000000D+01
*---+----+-------------------+-------------------+---------+---------------------
*   1: printout of the result at time [hours]
*---+----+-------------------+-------------------+---------+---------------------
    1    0 1.0243200000000D+04
*---+----+-------------------+-------------------+---------+---------------------
    2    1 1.0243200000000D+04 2.8518500000000D+01
   0.66800   0.95900   1.04800   1.09400   1.11900
   1.13100   1.12700   1.10800   1.04500   0.70100
    3    1 1.0243200000000D+04 1.1897918200000D+13
   0.66800   0.95900   1.04800   1.09400   1.11900
   1.13100   1.12700   1.10800   1.04500   0.70100
    9    0 1.0243200000000D+04 2.9290000000000D+02
   10    0 1.0243200000000D+04 1.5760000000000D+01
*---+----+-------------------+-------------------+---------+---------------------
*   1: printout of the result at time [hours]
*---+----+-------------------+-------------------+---------+---------------------
    1    0 1.3699200000000D+04
*---+----+-------------------+-------------------+---------+---------------------
    2    1 1.3699200000000D+04 2.7254900000000D+01
   0.79400   1.05800   1.09400   1.09600   1.08900
   1.08000   1.06800   1.04700   0.99000   0.68400
    3    1 1.3699200000000D+04 1.1964901100000D+13
   0.79400   1.05800   1.09400   1.09600   1.08900
   1.08000   1.06800   1.04700   0.99000   0.68400
    9    0 1.3699200000000D+04 2.9290000000000D+02
   10    0 1.3699200000000D+04 1.5760000000000D+01
*---+----+-------------------+-------------------+---------+---------------------
*   1: printout of the result at time [hours]
*---+----+-------------------+-------------------+---------+---------------------
    1    0 1.5499200000000D+04
*---+----+-------------------+-------------------+---------+---------------------
    2    1 1.5499200000000D+04 2.6831500000000D+01
   0.81800   1.08000   1.11900   1.10700   1.09200
   1.07500   1.05500   1.02600   0.96100   0.66700
    3    1 1.5499200000000D+04 1.1996363650000D+13
   0.81800   1.08000   1.11900   1.10700   1.09200
   1.07500   1.05500   1.02600   0.96100   0.66700
    9    0 1.5499200000000D+04 2.9290000000000D+02
   10    0 1.5499200000000D+04 1.5760000000000D+01
*---+----+-------------------+-------------------+---------+---------------------
*   1: printout of the result at time [hours]
*---+----+-------------------+-------------------+---------+---------------------
    1    0 1.9893600000000D+04
*---+----+-------------------+-------------------+---------+---------------------
    2    1 1.9893600000000D+04 2.5680600000000D+01
   0.95200   1.07300   1.03200   1.01000   1.00400
   1.00900   1.02200   1.04300   1.04500   0.81000
    3    1 1.9893600000000D+04 1.1694945240000D+13
   0.95200   1.07300   1.03200   1.01000   1.00400
   1.00900   1.02200   1.04300   1.04500   0.81000
    9    0 1.9893600000000D+04 2.9290000000000D+02
   10    0 1.9893600000000D+04 1.5760000000000D+01
*---+----+-------------------+-------------------+---------+---------------------
*   1: printout of the result at time [hours]
*---+----+-------------------+-------------------+---------+---------------------
    1    0 2.0181600000000D+04
*---+----+-------------------+-------------------+---------+---------------------
    2    1 2.0181600000000D+04 2.4655500000000D+01
   0.89500   1.01000   0.98400   0.97900   0.99300
   1.01600   1.04700   1.08700   1.11300   0.87600
    3    1 2.0181600000000D+04 1.1119630500000D+13
   0.89500   1.01000   0.98400   0.97900   0.99300
   1.01600   1.04700   1.08700   1.11300   0.87600
    9    0 2.0181600000000D+04 2.8960000000000D+02
   10    0 2.0181600000000D+04 1.5760000000000D+01
* data point #1901 end
*  00:  last line of data set (finishing the program)
*---+----+-------------------+-------------------+---------+---------------------
00000    0 2.0181600000000D+04
*---+----+-------------------+-------------------+---------+---------------------
