* data point #1378 begin
*
*---+----+-------------------+-------------------+---------+---------------------
*   1: printout of the result at time [hours]
*---+----+-------------------+-------------------+---------+---------------------
    1    0 0.0000000000000D+00
*---+----+-------------------+-------------------+---------+---------------------
    2    1 0.0000000000000D+00 2.3458630000000D+01
   0.49700   0.71600   0.86000   0.98700   1.10100   1.19600   1.26200   1.29000
   1.21400   0.87500
    3    1 0.0000000000000D+00 8.2339791300000D+12
   0.49700   0.71600   0.86000   0.98700   1.10100   1.19600   1.26200   1.29000
   1.21400   0.87500
    9    0 0.0000000000000D+00 2.9210000000000D+02
   10    0 0.0000000000000D+00 1.5800000000000D+01
*---+----+-------------------+-------------------+---------+---------------------
*   1: printout of the result at time [hours]
*---+----+-------------------+-------------------+---------+---------------------
    1    0 1.4400000000000D+02
*---+----+-------------------+-------------------+---------+---------------------
    2    1 1.4400000000000D+02 2.3201620000000D+01
   0.70300   0.93000   1.01700   1.06600   1.10000   1.12100   1.13200   1.11600
   1.04800   0.76800
    3    1 1.4400000000000D+02 8.1646500780000D+12
   0.70300   0.93000   1.01700   1.06600   1.10000   1.12100   1.13200   1.11600
   1.04800   0.76800
    9    0 1.4400000000000D+02 2.9210000000000D+02
   10    0 1.4400000000000D+02 1.5800000000000D+01
*---+----+-------------------+-------------------+---------+---------------------
*   1: printout of the result at time [hours]
*---+----+-------------------+-------------------+---------+---------------------
    1    0 3.6000000000000D+03
*---+----+-------------------+-------------------+---------+---------------------
    2    1 3.6000000000000D+03 2.3894590000000D+01
   0.87600   1.09100   1.10500   1.08800   1.06800   1.05000   1.03400   1.01500
   0.96200   0.71200
    3    1 3.6000000000000D+03 8.5447053840000D+12
   0.87600   1.09100   1.10500   1.08800   1.06800   1.05000   1.03400   1.01500
   0.96200   0.71200
    9    0 3.6000000000000D+03 2.9210000000000D+02
   10    0 3.6000000000000D+03 1.5800000000000D+01
*---+----+-------------------+-------------------+---------+---------------------
*   1: printout of the result at time [hours]
*---+----+-------------------+-------------------+---------+---------------------
    1    0 5.4000000000000D+03
*---+----+-------------------+-------------------+---------+---------------------
    2    1 5.4000000000000D+03 2.4445190000000D+01
   0.89100   1.12100   1.12600   1.10100   1.07300   1.04700   1.02200   0.99600
   0.93800   0.68500
    3    1 5.4000000000000D+03 8.8296026280000D+12
   0.89100   1.12100   1.12600   1.10100   1.07300   1.04700   1.02200   0.99600
   0.93800   0.68500
    9    0 5.4000000000000D+03 2.9210000000000D+02
   10    0 5.4000000000000D+03 1.5800000000000D+01
*---+----+-------------------+-------------------+---------+---------------------
*   1: printout of the result at time [hours]
*---+----+-------------------+-------------------+---------+---------------------
    1    0 8.3832000000000D+03
*---+----+-------------------+-------------------+---------+---------------------
    2    1 8.3832000000000D+03 2.5379140000000D+01
   0.91400   1.12500   1.08800   1.06100   1.04400   1.03200   1.02300   1.01700
   0.98300   0.71400
    3    1 8.3832000000000D+03 9.2887652400000D+12
   0.91400   1.12500   1.08800   1.06100   1.04400   1.03200   1.02300   1.01700
   0.98300   0.71400
    9    0 8.3832000000000D+03 2.9210000000000D+02
   10    0 8.3832000000000D+03 1.5800000000000D+01
*---+----+-------------------+-------------------+---------+---------------------
*   1: printout of the result at time [hours]
*---+----+-------------------+-------------------+---------+---------------------
    1    0 8.8550000000000D+03
*---+----+-------------------+-------------------+---------+---------------------
    2    1 8.8550000000000D+03 2.3879100000000D+01
   0.84800   1.03700   1.02600   1.02300   1.03100   1.04300   1.05800   1.07600
   1.06600   0.79300
    3    1 8.8550000000000D+03 8.6513979300000D+12
   0.84800   1.03700   1.02600   1.02300   1.03100   1.04300   1.05800   1.07600
   1.06600   0.79300
    9    0 8.8550000000000D+03 2.8860000000000D+02
   10    0 8.8550000000000D+03 1.5800000000000D+01
*---+----+-------------------+-------------------+---------+---------------------
*   1: printout of the result at time [hours]
*---+----+-------------------+-------------------+---------+---------------------
    1    0 8.8570000000000D+03
*---+----+-------------------+-------------------+---------+---------------------
    2    1 8.8570000000000D+03 2.7750040000000D+01
   0.46700   0.74500   0.91200   1.05000   1.16100   1.24200   1.28600   1.26400
   1.14300   0.72900
    3    1 8.8570000000000D+03 1.1213791164000D+13
   0.46700   0.74500   0.91200   1.05000   1.16100   1.24200   1.28600   1.26400
   1.14300   0.72900
    9    0 8.8570000000000D+03 2.9210000000000D+02
   10    0 8.8570000000000D+03 1.5800000000000D+01
*---+----+-------------------+-------------------+---------+---------------------
*   1: printout of the result at time [hours]
*---+----+-------------------+-------------------+---------+---------------------
    1    0 9.0000000000000D+03
*---+----+-------------------+-------------------+---------+---------------------
    2    1 9.0000000000000D+03 2.7634570000000D+01
   0.63200   0.92600   1.03700   1.10200   1.14200   1.16400   1.16300   1.13200
   1.02900   0.67300
    3    1 9.0000000000000D+03 1.1153312452000D+13
   0.63200   0.92600   1.03700   1.10200   1.14200   1.16400   1.16300   1.13200
   1.02900   0.67300
    9    0 9.0000000000000D+03 2.9210000000000D+02
   10    0 9.0000000000000D+03 1.5800000000000D+01
*---+----+-------------------+-------------------+---------+---------------------
*   1: printout of the result at time [hours]
*---+----+-------------------+-------------------+---------+---------------------
    1    0 1.2408000000000D+04
*---+----+-------------------+-------------------+---------+---------------------
    2    1 1.2408000000000D+04 2.7001690000000D+01
   0.83500   1.06800   1.08200   1.07200   1.06300   1.05700   1.05400   1.04900
   1.00400   0.71500
    3    1 1.2408000000000D+04 1.1148997801000D+13
   0.83500   1.06800   1.08200   1.07200   1.06300   1.05700   1.05400   1.04900
   1.00400   0.71500
    9    0 1.2408000000000D+04 2.9210000000000D+02
   10    0 1.2408000000000D+04 1.5800000000000D+01
*---+----+-------------------+-------------------+---------+---------------------
*   1: printout of the result at time [hours]
*---+----+-------------------+-------------------+---------+---------------------
    1    0 1.2506400000000D+04
*---+----+-------------------+-------------------+---------+---------------------
    2    1 1.2506400000000D+04 2.7320910000000D+01
   0.84700   1.07700   1.08700   1.07400   1.06200   1.05300   1.04900   1.04200
   0.99800   0.71200
    3    1 1.2506400000000D+04 1.1291732103000D+13
   0.84700   1.07700   1.08700   1.07400   1.06200   1.05300   1.04900   1.04200
   0.99800   0.71200
    9    0 1.2506400000000D+04 2.9190000000000D+02
   10    0 1.2506400000000D+04 1.5800000000000D+01
*---+----+-------------------+-------------------+---------+---------------------
*   1: printout of the result at time [hours]
*---+----+-------------------+-------------------+---------+---------------------
    1    0 1.6010400000000D+04
*---+----+-------------------+-------------------+---------+---------------------
    2    1 1.6010400000000D+04 2.6553420000000D+01
   0.93300   1.10300   1.07200   1.04900   1.03400   1.02500   1.01900   1.01800
   0.99600   0.75100
    3    1 1.6010400000000D+04 1.1168368452000D+13
   0.93300   1.10300   1.07200   1.04900   1.03400   1.02500   1.01900   1.01800
   0.99600   0.75100
    9    0 1.6010400000000D+04 2.9190000000000D+02
   10    0 1.6010400000000D+04 1.5800000000000D+01
*---+----+-------------------+-------------------+---------+---------------------
*   1: printout of the result at time [hours]
*---+----+-------------------+-------------------+---------+---------------------
    1    0 1.6560000000000D+04
*---+----+-------------------+-------------------+---------+---------------------
    2    1 1.6560000000000D+04 2.6442550000000D+01
   0.94200   1.09700   1.06000   1.03900   1.02800   1.02100   1.01900   1.02200
   1.00500   0.76600
    3    1 1.6560000000000D+04 1.1150823335000D+13
   0.94200   1.09700   1.06000   1.03900   1.02800   1.02100   1.01900   1.02200
   1.00500   0.76600
    9    0 1.6560000000000D+04 2.9190000000000D+02
   10    0 1.6560000000000D+04 1.5800000000000D+01
*---+----+-------------------+-------------------+---------+---------------------
*   1: printout of the result at time [hours]
*---+----+-------------------+-------------------+---------+---------------------
    1    0 1.6652600000000D+04
*---+----+-------------------+-------------------+---------+---------------------
    2    1 1.6652600000000D+04 2.5934160000000D+01
   0.92200   1.07300   1.04100   1.02700   1.02300   1.02400   1.03000   1.04000
   1.03000   0.79000
    3    1 1.6652600000000D+04 1.0889753784000D+13
   0.92200   1.07300   1.04100   1.02700   1.02300   1.02400   1.03000   1.04000
   1.03000   0.79000
    9    0 1.6652600000000D+04 2.9090000000000D+02
   10    0 1.6652600000000D+04 1.5800000000000D+01
*---+----+-------------------+-------------------+---------+---------------------
*   1: printout of the result at time [hours]
*---+----+-------------------+-------------------+---------+---------------------
    1    0 1.6654600000000D+04
*---+----+-------------------+-------------------+---------+---------------------
    2    1 1.6654600000000D+04 2.4377670000000D+01
   0.50700   0.78200   0.94300   1.06700   1.16300   1.22900   1.26200   1.23600
   1.12200   0.69000
    3    1 1.6654600000000D+04 1.1108904219000D+13
   0.50700   0.78200   0.94300   1.06700   1.16300   1.22900   1.26200   1.23600
   1.12200   0.69000
    9    0 1.6654600000000D+04 2.9190000000000D+02
   10    0 1.6654600000000D+04 1.5800000000000D+01
*---+----+-------------------+-------------------+---------+---------------------
*   1: printout of the result at time [hours]
*---+----+-------------------+-------------------+---------+---------------------
    1    0 1.6797600000000D+04
*---+----+-------------------+-------------------+---------+---------------------
    2    1 1.6797600000000D+04 2.4463110000000D+01
   0.66600   0.94600   1.05100   1.10700   1.13700   1.15300   1.14900   1.11900
   1.02500   0.64800
    3    1 1.6797600000000D+04 1.1118483495000D+13
   0.66600   0.94600   1.05100   1.10700   1.13700   1.15300   1.14900   1.11900
   1.02500   0.64800
    9    0 1.6797600000000D+04 2.9190000000000D+02
   10    0 1.6797600000000D+04 1.5800000000000D+01
*---+----+-------------------+-------------------+---------+---------------------
*   1: printout of the result at time [hours]
*---+----+-------------------+-------------------+---------+---------------------
    1    0 2.0253600000000D+04
*---+----+-------------------+-------------------+---------+---------------------
    2    1 2.0253600000000D+04 2.4307770000000D+01
   0.85000   1.06200   1.07800   1.07000   1.06200   1.05700   1.05600   1.05300
   1.01400   0.69800
    3    1 2.0253600000000D+04 1.1349297813000D+13
   0.85000   1.06200   1.07800   1.07000   1.06200   1.05700   1.05600   1.05300
   1.01400   0.69800
    9    0 2.0253600000000D+04 2.9190000000000D+02
   10    0 2.0253600000000D+04 1.5800000000000D+01
*---+----+-------------------+-------------------+---------+---------------------
*   1: printout of the result at time [hours]
*---+----+-------------------+-------------------+---------+---------------------
    1    0 2.3493600000000D+04
*---+----+-------------------+-------------------+---------+---------------------
    2    1 2.3493600000000D+04 2.4017650000000D+01
   0.92900   1.08000   1.06100   1.04400   1.03600   1.03300   1.03300   1.03600
   1.01400   0.73400
    3    1 2.3493600000000D+04 1.1396374925000D+13
   0.92900   1.08000   1.06100   1.04400   1.03600   1.03300   1.03300   1.03600
   1.01400   0.73400
    9    0 2.3493600000000D+04 2.9190000000000D+02
   10    0 2.3493600000000D+04 1.5800000000000D+01
*---+----+-------------------+-------------------+---------+---------------------
*   1: printout of the result at time [hours]
*---+----+-------------------+-------------------+---------+---------------------
    1    0 2.4158400000000D+04
*---+----+-------------------+-------------------+---------+---------------------
    2    1 2.4158400000000D+04 2.3905620000000D+01
   0.93900   1.07200   1.04800   1.03200   1.02700   1.02700   1.03200   1.04100
   1.02800   0.75400
    3    1 2.4158400000000D+04 1.1376684558000D+13
   0.93900   1.07200   1.04800   1.03200   1.02700   1.02700   1.03200   1.04100
   1.02800   0.75400
    9    0 2.4158400000000D+04 2.9190000000000D+02
   10    0 2.4158400000000D+04 1.5800000000000D+01
*---+----+-------------------+-------------------+---------+---------------------
*   1: printout of the result at time [hours]
*---+----+-------------------+-------------------+---------+---------------------
    1    0 2.4827000000000D+04
*---+----+-------------------+-------------------+---------+---------------------
    2    1 2.4827000000000D+04 2.1014260000000D+01
   0.81700   0.93300   0.94000   0.96200   0.99700   1.03900   1.08700   1.14300
   1.18200   0.89900
    3    1 2.4827000000000D+04 9.8199636980000D+12
   0.81700   0.93300   0.94000   0.96200   0.99700   1.03900   1.08700   1.14300
   1.18200   0.89900
    9    0 2.4827000000000D+04 2.8560000000000D+02
   10    0 2.4827000000000D+04 1.5800000000000D+01
*---+----+-------------------+-------------------+---------+---------------------
*   1: printout of the result at time [hours]
*---+----+-------------------+-------------------+---------+---------------------
    1    0 2.4829000000000D+04
*---+----+-------------------+-------------------+---------+---------------------
    2    1 2.4829000000000D+04 6.9164900000000D+00
   0.43900   0.60000   0.74000   0.88400   1.02700   1.16300   1.27700   1.35300
   1.37100   1.14600
    3    1 2.4829000000000D+04 3.6214741640000D+12
   0.43900   0.60000   0.74000   0.88400   1.02700   1.16300   1.27700   1.35300
   1.37100   1.14600
    9    0 2.4829000000000D+04 2.9390000000000D+02
   10    0 2.4829000000000D+04 1.5800000000000D+01
*---+----+-------------------+-------------------+---------+---------------------
*   1: printout of the result at time [hours]
*---+----+-------------------+-------------------+---------+---------------------
    1    0 2.4972000000000D+04
*---+----+-------------------+-------------------+---------+---------------------
    2    1 2.4972000000000D+04 7.1020200000000D+00
   0.64000   0.80300   0.89900   0.97800   1.04600   1.10600   1.15500   1.18500
   1.18400   1.00500
    3    1 2.4972000000000D+04 3.6710341380000D+12
   0.64000   0.80300   0.89900   0.97800   1.04600   1.10600   1.15500   1.18500
   1.18400   1.00500
    9    0 2.4972000000000D+04 2.9390000000000D+02
   10    0 2.4972000000000D+04 1.5800000000000D+01
*---+----+-------------------+-------------------+---------+---------------------
*   1: printout of the result at time [hours]
*---+----+-------------------+-------------------+---------+---------------------
    1    0 2.8428000000000D+04
*---+----+-------------------+-------------------+---------+---------------------
    2    1 2.8428000000000D+04 8.0000000000000D+00
   0.83500   0.96700   0.99400   1.00800   1.02000   1.03500   1.05300   1.07200
   1.08300   0.93300
    3    1 2.8428000000000D+04 4.0064000000000D+12
   0.83500   0.96700   0.99400   1.00800   1.02000   1.03500   1.05300   1.07200
   1.08300   0.93300
    9    0 2.8428000000000D+04 2.9390000000000D+02
   10    0 2.8428000000000D+04 1.5800000000000D+01
*---+----+-------------------+-------------------+---------+---------------------
*   1: printout of the result at time [hours]
*---+----+-------------------+-------------------+---------+---------------------
    1    0 3.0948000000000D+04
*---+----+-------------------+-------------------+---------+---------------------
    2    1 3.0948000000000D+04 8.7339100000000D+00
   0.88000   1.00300   1.01800   1.02000   1.02300   1.02700   1.03500   1.05100
   1.04200   0.90100
    3    1 3.0948000000000D+04 4.2997038930000D+12
   0.88000   1.00300   1.01800   1.02000   1.02300   1.02700   1.03500   1.05100
   1.04200   0.90100
    9    0 3.0948000000000D+04 2.9390000000000D+02
   10    0 3.0948000000000D+04 1.5800000000000D+01
*---+----+-------------------+-------------------+---------+---------------------
*   1: printout of the result at time [hours]
*---+----+-------------------+-------------------+---------+---------------------
    1    0 3.3585600000000D+04
*---+----+-------------------+-------------------+---------+---------------------
    2    1 3.3585600000000D+04 9.5889700000000D+00
   0.93000   1.00200   0.98500   0.98000   0.98700   1.00100   1.02100   1.05100
   1.08700   0.95600
    3    1 3.3585600000000D+04 4.6132534670000D+12
   0.93000   1.00200   0.98500   0.98000   0.98700   1.00100   1.02100   1.05100
   1.08700   0.95600
    9    0 3.3585600000000D+04 2.9390000000000D+02
   10    0 3.3585600000000D+04 1.5800000000000D+01
*---+----+-------------------+-------------------+---------+---------------------
*   1: printout of the result at time [hours]
*---+----+-------------------+-------------------+---------+---------------------
    1    0 3.3856800000000D+04
*---+----+-------------------+-------------------+---------+---------------------
    2    1 3.3856800000000D+04 9.1869500000000D+00
   0.87100   0.94000   0.93600   0.94800   0.97400   1.00700   1.04600   1.09500
   1.15300   1.02900
    3    1 3.3856800000000D+04 4.3821751500000D+12
   0.87100   0.94000   0.93600   0.94800   0.97400   1.00700   1.04600   1.09500
   1.15300   1.02900
    9    0 3.3856800000000D+04 2.9120000000000D+02
   10    0 3.3856800000000D+04 1.5800000000000D+01
* data point #1378 end
*  00:  last line of data set (finishing the program)
*---+----+-------------------+-------------------+---------+---------------------
00000    0 3.3856800000000D+04
*---+----+-------------------+-------------------+---------+---------------------
