# ===============================================================================================================================================================================
# TIME     FASTF      PCOOL      TCOOL      GKL        PITCH      Q1         Q2         Q3         Q4         Q5         Q6         Q7         Q8         Q9         Q10       
# (h)      (n/cmWs)   (MPa)      (Celsius)  (kg/s)     (mm)       (kW/m)     (kW/m)     (kW/m)     (kW/m)     (kW/m)     (kW/m)     (kW/m)     (kW/m)     (kW/m)     (kW/m)    
# ===============================================================================================================================================================================
0          1.602e+13  15.8       291.7      1.140e+06  12.70      3.531      5.161      6.041      6.629      7.022      7.228      7.201      6.904      6.062      3.714     
144        1.551e+13  15.8       291.7      1.140e+06  12.70      4.772      6.440      6.978      7.169      7.217      7.168      7.022      6.720      5.982      3.776     
3240       9.678e+12  15.8       291.7      1.140e+06  12.70      9.258      11.890     12.054     11.840     11.612     11.415     11.246     11.042     10.348     6.828     
5880       6.842e+12  15.8       291.7      1.140e+06  12.70      13.972     18.303     18.052     17.501     17.020     16.622     16.314     16.087     15.378     10.179    
6765.6     6.360e+12  15.8       291.7      1.140e+06  12.70      15.188     19.503     19.013     18.461     18.059     17.763     17.575     17.536     17.164     11.516    
7844.6     5.947e+12  15.8       279.2      1.175e+06  12.70      11.756     14.982     15.116     15.435     15.977     16.637     17.413     18.391     19.329     13.490    
7846.6     6.691e+12  15.8       291.7      1.146e+06  12.70      6.432      10.303     12.288     13.792     14.895     15.529     15.584     14.862     12.821     7.735     
7989.6     6.663e+12  15.8       291.7      1.146e+06  12.70      8.535      12.621     13.901     14.552     14.884     14.957     14.735     14.054     12.341     7.706     
11445.6    6.583e+12  15.8       291.7      1.146e+06  12.70      11.015     14.472     14.653     14.514     14.385     14.303     14.258     14.161     13.447     9.333     
13605.6    6.564e+12  15.8       291.7      1.146e+06  12.70      12.105     15.307     15.133     14.816     14.573     14.407     14.315     14.265     13.791     9.967     
14834.4    6.533e+12  15.8       291.7      1.146e+06  12.70      12.346     15.160     14.826     14.536     14.397     14.370     14.474     14.759     14.907     11.232    
16328.6    6.240e+12  15.8       275.2      1.191e+06  12.70      8.764      10.582     10.697     11.059     11.625     12.318     13.162     14.273     15.633     12.535    
16330.6    7.046e+12  15.8       291.7      1.148e+06  12.70      12.380     17.333     19.008     19.977     20.542     20.684     20.383     19.574     17.754     11.970    
16473.6    7.012e+12  15.8       291.7      1.148e+06  12.70      14.170     18.749     19.519     19.613     19.477     19.165     18.684     17.972     16.525     11.451    
17769.6    6.990e+12  15.8       291.7      1.148e+06  12.70      14.726     18.661     19.001     18.928     18.805     18.642     18.420     18.062     17.040     12.210    
19375.2    6.954e+12  15.8       291.7      1.148e+06  12.70      14.868     18.053     18.080     17.934     17.867     17.867     17.950     18.130     18.028     13.746    
21230.4    6.593e+12  15.8       273.3      1.198e+06  12.70      9.626      11.570     11.966     12.557     13.352     14.286     15.375     16.694     18.205     14.994    
21234.2    6.581e+12  15.8       283.4      1.171e+06  12.70      4.622      5.780      6.289      6.975      7.851      8.884      10.082     11.472     12.828     10.889    
21236.2    6.917e+12  15.8       291.7      1.148e+06  12.70      10.103     13.628     14.842     15.415     15.732     15.390     14.932     14.187     12.826     8.236     
21379.2    6.886e+12  15.8       291.7      1.148e+06  12.70      11.855     15.160     15.762     15.794     15.572     15.195     14.706     14.073     12.929     8.524     
22795.2    6.849e+12  15.8       291.7      1.148e+06  12.70      12.240     14.985     15.274     15.285     15.236     15.156     15.058     14.919     14.411     10.009    
23620.8    6.816e+12  15.8       291.7      1.148e+06  12.70      12.632     15.086     15.189     15.126     15.073     15.039     15.041     15.097     14.970     10.791    
24258.2    6.665e+12  15.8       283.2      1.172e+06  12.70      10.827     12.888     13.203     13.547     13.974     14.444     14.954     15.528     16.081     11.906    
24260.2    7.355e+12  15.8       291.7      1.148e+06  12.70      4.972      7.627      9.298      10.744     12.055     13.188     14.027     14.418     13.522     9.610     
24403.2    7.285e+12  15.8       291.7      1.148e+06  12.70      7.055      9.923      11.024     11.665     12.131     12.497     12.747     12.747     12.034     8.772     
29659.2    7.130e+12  15.8       291.7      1.148e+06  12.70      9.349      11.323     11.443     11.396     11.354     11.337     11.352     11.380     11.197     9.020     
31540.8    7.058e+12  15.8       291.7      1.148e+06  12.70      9.569      11.126     11.086     11.068     11.151     11.307     11.544     11.899     12.344     10.402    
32276.6    6.875e+12  15.8       281.1      1.178e+06  12.70      8.128      9.402      9.526      9.805      10.232     10.752     11.371     12.145     12.982     11.442    
32278.6    7.692e+12  15.8       291.7      1.146e+06  12.70      4.761      7.105      8.677      10.095     11.388     12.479     13.243     13.566     12.783     8.789     
32421.6    7.634e+12  15.8       291.7      1.146e+06  12.70      6.847      9.381      10.432     11.093     11.575     11.924     12.164     12.053     11.396     7.987     
35877.6    7.525e+12  15.8       291.7      1.146e+06  12.70      8.868      10.832     11.045     11.040     11.020     11.023     11.053     11.152     10.888     8.211     
37677.6    7.468e+12  15.8       291.7      1.146e+06  12.70      9.284      10.916     10.958     10.884     10.821     10.783     10.776     10.801     10.708     8.305     
39432      7.377e+12  15.8       291.7      1.146e+06  12.70      9.452      10.713     10.638     10.630     10.728     10.897     11.136     11.489     11.934     9.749     
40375.2    7.166e+12  15.8       281.2      1.175e+06  12.70      7.157      8.083      8.206      8.521      8.987      9.551      10.215     11.043     12.049     10.331    
