# ===============================================================================================================================================================================
# TIME     FASTF      PCOOL      TCOOL      GKL        PITCH      Q1         Q2         Q3         Q4         Q5         Q6         Q7         Q8         Q9         Q10       
# (h)      (n/cmWs)   (MPa)      (Celsius)  (kg/s)     (mm)       (kW/m)     (kW/m)     (kW/m)     (kW/m)     (kW/m)     (kW/m)     (kW/m)     (kW/m)     (kW/m)     (kW/m)    
# ===============================================================================================================================================================================
0          1.571e+13  15.8       291.7      1.140e+06  12.70      4.224      6.175      7.228      7.932      8.402      8.648      8.616      8.260      7.253      4.443     
144        1.517e+13  15.8       291.7      1.140e+06  12.70      5.652      7.628      8.265      8.492      8.549      8.490      8.317      7.960      7.086      4.473     
3240       8.715e+12  15.8       291.7      1.140e+06  12.70      11.815     15.174     15.383     15.109     14.819     14.567     14.352     14.092     13.206     8.714     
5880       6.187e+12  15.8       291.7      1.140e+06  12.70      17.645     23.114     22.797     22.102     21.495     20.991     20.603     20.316     19.421     12.855    
6765.6     6.016e+12  15.8       291.7      1.140e+06  12.70      18.272     23.463     22.874     22.210     21.726     21.370     21.144     21.097     20.650     13.854    
7844.6     5.743e+12  15.8       279.2      1.175e+06  12.70      13.900     17.714     17.873     18.250     18.891     19.671     20.588     21.745     22.854     15.950    
7846.6     6.267e+12  15.8       291.7      1.146e+06  12.70      9.625      15.417     18.386     20.637     22.287     23.236     23.318     22.237     19.184     11.574    
7989.6     6.261e+12  15.8       291.7      1.146e+06  12.70      12.565     18.581     20.466     21.425     21.914     22.020     21.694     20.691     18.170     11.346    
11445.6    6.285e+12  15.8       291.7      1.146e+06  12.70      15.183     19.949     20.198     20.006     19.829     19.716     19.654     19.520     18.536     12.864    
13605.6    6.301e+12  15.8       291.7      1.146e+06  12.70      16.012     20.247     20.016     19.597     19.276     19.056     18.934     18.869     18.242     13.183    
14834.4    6.292e+12  15.8       291.7      1.146e+06  12.70      16.026     19.679     19.246     18.870     18.689     18.654     18.789     19.159     19.352     14.581    
16328.6    6.017e+12  15.8       275.2      1.191e+06  12.70      11.366     13.725     13.874     14.344     15.078     15.977     17.071     18.511     20.276     16.257    
16330.6    6.777e+12  15.8       291.7      1.148e+06  12.70      13.628     19.079     20.922     21.989     22.612     22.768     22.436     21.546     19.543     13.175    
16473.6    6.752e+12  15.8       291.7      1.148e+06  12.70      15.488     20.494     21.336     21.437     21.289     20.948     20.422     19.644     18.063     12.517    
17769.6    6.747e+12  15.8       291.7      1.148e+06  12.70      15.949     20.210     20.579     20.499     20.366     20.190     19.949     19.561     18.455     13.224    
19375.2    6.734e+12  15.8       291.7      1.148e+06  12.70      15.958     19.376     19.405     19.248     19.176     19.176     19.265     19.458     19.348     14.753    
21230.4    6.396e+12  15.8       273.3      1.198e+06  12.70      10.351     12.441     12.867     13.502     14.357     15.362     16.533     17.951     19.576     16.123    
21234.2    6.386e+12  15.8       283.4      1.171e+06  12.70      4.976      6.223      6.770      7.510      8.452      9.564      10.854     12.351     13.810     11.723    
21236.2    7.055e+12  15.8       291.7      1.148e+06  12.70      10.045     13.549     14.756     15.326     15.641     15.301     14.845     14.105     12.751     8.189     
21379.2    7.027e+12  15.8       291.7      1.148e+06  12.70      11.519     14.731     15.316     15.347     15.131     14.765     14.290     13.675     12.563     8.283     
22795.2    7.014e+12  15.8       291.7      1.148e+06  12.70      11.842     14.497     14.777     14.787     14.739     14.663     14.567     14.433     13.942     9.683     
23620.8    6.997e+12  15.8       291.7      1.148e+06  12.70      12.154     14.515     14.613     14.553     14.502     14.469     14.472     14.526     14.403     10.382    
24258.2    6.849e+12  15.8       283.2      1.172e+06  12.70      10.489     12.486     12.791     13.125     13.539     13.994     14.488     15.044     15.580     11.535    
24260.2    7.282e+12  15.8       291.7      1.148e+06  12.70      1.408      2.159      2.633      3.042      3.413      3.734      3.971      4.082      3.828      2.721     
24403.2    7.216e+12  15.8       291.7      1.148e+06  12.70      2.066      2.905      3.228      3.415      3.552      3.659      3.732      3.732      3.524      2.568     
29659.2    6.874e+12  15.8       291.7      1.148e+06  12.70      3.103      3.757      3.797      3.782      3.768      3.762      3.767      3.776      3.715      2.993     
31540.8    6.757e+12  15.8       291.7      1.148e+06  12.70      3.332      3.875      3.861      3.854      3.883      3.937      4.020      4.144      4.299      3.622     
32276.6    6.593e+12  15.8       281.1      1.178e+06  12.70      2.810      3.250      3.293      3.389      3.537      3.717      3.931      4.198      4.488      3.955     
32278.6    7.559e+12  15.8       291.7      1.146e+06  12.70      1.456      2.173      2.654      3.088      3.484      3.818      4.051      4.150      3.911      2.689     
32421.6    7.481e+12  15.8       291.7      1.146e+06  12.70      2.182      2.990      3.325      3.536      3.689      3.801      3.877      3.842      3.632      2.546     
35877.6    7.259e+12  15.8       291.7      1.146e+06  12.70      3.143      3.839      3.914      3.913      3.906      3.907      3.917      3.952      3.859      2.910     
37677.6    7.156e+12  15.8       291.7      1.146e+06  12.70      3.452      4.059      4.075      4.047      4.023      4.009      4.007      4.016      3.981      3.088     
39432      7.052e+12  15.8       291.7      1.146e+06  12.70      3.693      4.186      4.157      4.154      4.192      4.258      4.351      4.489      4.663      3.810     
40375.2    6.858e+12  15.8       281.2      1.175e+06  12.70      2.780      3.139      3.187      3.309      3.490      3.709      3.967      4.289      4.680      4.012     
