# ===============================================================================================================================================================================
# TIME     FASTF      PCOOL      TCOOL      GKL        PITCH      Q1         Q2         Q3         Q4         Q5         Q6         Q7         Q8         Q9         Q10       
# (h)      (n/cmWs)   (MPa)      (Celsius)  (kg/s)     (mm)       (kW/m)     (kW/m)     (kW/m)     (kW/m)     (kW/m)     (kW/m)     (kW/m)     (kW/m)     (kW/m)     (kW/m)    
# ===============================================================================================================================================================================
0          4.825e+12  15.8       291.7      1.140e+06  12.70      14.485     21.174     24.784     27.199     28.809     29.654     29.546     28.324     24.870     15.236    
144        4.858e+12  15.8       291.7      1.140e+06  12.70      18.619     25.128     27.226     27.971     28.159     27.967     27.396     26.219     23.340     14.733    
3240       5.088e+12  15.8       291.7      1.140e+06  12.70      21.127     27.133     27.506     27.017     26.498     26.049     25.663     25.198     23.614     15.582    
5880       5.235e+12  15.8       291.7      1.140e+06  12.70      21.580     28.269     27.882     27.030     26.288     25.672     25.198     24.847     23.751     15.722    
6765.6     5.259e+12  15.8       291.7      1.140e+06  12.70      21.614     27.755     27.058     26.272     25.700     25.278     25.012     24.956     24.427     16.388    
7844.6     5.095e+12  15.8       279.2      1.175e+06  12.70      16.182     20.623     20.808     21.247     21.992     22.901     23.969     25.316     26.606     18.569    
7846.6     5.597e+12  15.8       291.7      1.146e+06  12.70      9.902      15.860     18.916     21.232     22.929     23.905     23.989     22.877     19.736     11.908    
7989.6     5.587e+12  15.8       291.7      1.146e+06  12.70      12.992     19.212     21.161     22.153     22.658     22.768     22.430     21.394     18.787     11.731    
11445.6    5.593e+12  15.8       291.7      1.146e+06  12.70      15.956     20.965     21.227     21.026     20.839     20.720     20.655     20.514     19.481     13.520    
13605.6    5.607e+12  15.8       291.7      1.146e+06  12.70      16.991     21.485     21.241     20.796     20.455     20.221     20.092     20.023     19.358     13.990    
14834.4    5.607e+12  15.8       291.7      1.146e+06  12.70      17.074     20.966     20.505     20.104     19.911     19.875     20.018     20.413     20.617     15.535    
16328.6    5.362e+12  15.8       275.2      1.191e+06  12.70      12.083     14.591     14.750     15.249     16.029     16.985     18.148     19.679     21.555     17.283    
16330.6    5.977e+12  15.8       291.7      1.148e+06  12.70      15.128     21.180     23.226     24.411     25.102     25.275     24.907     23.919     21.695     14.626    
16473.6    5.954e+12  15.8       291.7      1.148e+06  12.70      17.250     22.825     23.763     23.876     23.711     23.331     22.746     21.878     20.117     13.941    
17769.6    5.942e+12  15.8       291.7      1.148e+06  12.70      17.823     22.585     22.998     22.909     22.760     22.563     22.294     21.861     20.624     14.778    
19375.2    5.921e+12  15.8       291.7      1.148e+06  12.70      17.899     21.734     21.766     21.590     21.509     21.509     21.609     21.826     21.703     16.548    
21230.4    5.617e+12  15.8       273.3      1.198e+06  12.70      11.586     13.926     14.403     15.114     16.071     17.195     18.506     20.093     21.912     18.047    
21234.2    5.609e+12  15.8       283.4      1.171e+06  12.70      5.568      6.963      7.576      8.404      9.458      10.703     12.146     13.821     15.454     13.118    
21236.2    6.149e+12  15.8       291.7      1.148e+06  12.70      11.120     15.000     16.336     16.967     17.316     16.940     16.435     15.615     14.117     9.066     
21379.2    6.124e+12  15.8       291.7      1.148e+06  12.70      12.910     16.510     17.165     17.200     16.958     16.548     16.015     15.326     14.080     9.282     
22795.2    6.090e+12  15.8       291.7      1.148e+06  12.70      13.355     16.350     16.666     16.677     16.623     16.537     16.429     16.278     15.724     10.920    
23620.8    6.068e+12  15.8       291.7      1.148e+06  12.70      13.767     16.441     16.553     16.485     16.427     16.390     16.393     16.454     16.315     11.760    
24258.2    5.934e+12  15.8       283.2      1.172e+06  12.70      11.839     14.093     14.437     14.814     15.280     15.794     16.352     16.980     17.584     13.019    
24260.2    6.468e+12  15.8       291.7      1.148e+06  12.70      2.852      4.374      5.333      6.162      6.914      7.564      8.045      8.269      7.756      5.512     
24403.2    6.393e+12  15.8       291.7      1.148e+06  12.70      4.120      5.796      6.439      6.813      7.085      7.299      7.445      7.445      7.029      5.123     
29659.2    6.171e+12  15.8       291.7      1.148e+06  12.70      5.863      7.101      7.176      7.146      7.120      7.109      7.119      7.136      7.021      5.657     
31540.8    6.087e+12  15.8       291.7      1.148e+06  12.70      6.160      7.162      7.136      7.125      7.178      7.278      7.431      7.660      7.946      6.696     
32276.6    5.928e+12  15.8       281.1      1.178e+06  12.70      5.216      6.034      6.114      6.293      6.567      6.901      7.298      7.795      8.332      7.344     
32278.6    6.757e+12  15.8       291.7      1.146e+06  12.70      2.748      4.101      5.008      5.826      6.573      7.203      7.643      7.830      7.378      5.073     
32421.6    6.674e+12  15.8       291.7      1.146e+06  12.70      4.043      5.540      6.161      6.551      6.836      7.042      7.184      7.118      6.730      4.717     
35877.6    6.503e+12  15.8       291.7      1.146e+06  12.70      5.589      6.827      6.961      6.958      6.945      6.947      6.966      7.028      6.862      5.175     
37677.6    6.430e+12  15.8       291.7      1.146e+06  12.70      6.021      7.079      7.106      7.058      7.017      6.992      6.988      7.004      6.944      5.385     
39432      6.336e+12  15.8       291.7      1.146e+06  12.70      6.306      7.148      7.098      7.093      7.158      7.271      7.430      7.665      7.963      6.505     
40375.2    6.164e+12  15.8       281.2      1.175e+06  12.70      4.756      5.371      5.453      5.662      5.972      6.347      6.788      7.338      8.007      6.865     
