# ===============================================================================================================================================================================
# TIME     FASTF      PCOOL      TCOOL      GKL        PITCH      Q1         Q2         Q3         Q4         Q5         Q6         Q7         Q8         Q9         Q10       
# (h)      (n/cmWs)   (MPa)      (Celsius)  (kg/s)     (mm)       (kW/m)     (kW/m)     (kW/m)     (kW/m)     (kW/m)     (kW/m)     (kW/m)     (kW/m)     (kW/m)     (kW/m)    
# ===============================================================================================================================================================================
0          5.209e+12  15.8       291.7      1.140e+06  12.70      12.698     18.560     21.723     23.838     25.247     25.985     25.888     24.816     21.790     13.350    
144        5.233e+12  15.8       291.7      1.140e+06  12.70      16.239     21.916     23.745     24.394     24.557     24.388     23.890     22.863     20.353     12.848    
3240       5.223e+12  15.8       291.7      1.140e+06  12.70      19.299     24.785     25.126     24.679     24.205     23.795     23.443     23.019     21.572     14.236    
5880       5.247e+12  15.8       291.7      1.140e+06  12.70      20.148     26.394     26.032     25.238     24.545     23.970     23.528     23.200     22.178     14.681    
6765.6     5.236e+12  15.8       291.7      1.140e+06  12.70      20.383     26.175     25.517     24.777     24.238     23.840     23.589     23.537     23.038     15.457    
7844.6     5.031e+12  15.8       279.2      1.175e+06  12.70      15.526     19.787     19.964     20.385     21.101     21.973     22.998     24.290     25.529     17.818    
7846.6     4.914e+12  15.8       291.7      1.146e+06  12.70      12.829     20.549     24.505     27.504     29.700     30.962     31.070     29.629     25.560     15.422    
7989.6     4.911e+12  15.8       291.7      1.146e+06  12.70      16.728     24.737     27.246     28.521     29.171     29.312     28.877     27.541     24.186     15.103    
11445.6    5.021e+12  15.8       291.7      1.146e+06  12.70      19.810     26.029     26.354     26.104     25.872     25.725     25.645     25.470     24.187     16.787    
13605.6    5.073e+12  15.8       291.7      1.146e+06  12.70      20.737     26.222     25.924     25.381     24.965     24.680     24.523     24.438     23.627     17.076    
14834.4    5.087e+12  15.8       291.7      1.146e+06  12.70      20.654     25.362     24.804     24.319     24.086     24.042     24.216     24.694     24.941     18.793    
16328.6    4.885e+12  15.8       275.2      1.191e+06  12.70      14.495     17.503     17.693     18.291     19.228     20.374     21.770     23.607     25.857     20.733    
16330.6    5.555e+12  15.8       291.7      1.148e+06  12.70      17.150     24.011     26.331     27.673     28.456     28.652     28.235     27.114     24.593     16.580    
16473.6    5.534e+12  15.8       291.7      1.148e+06  12.70      19.486     25.784     26.843     26.971     26.784     26.354     25.693     24.713     22.723     15.746    
17769.6    5.562e+12  15.8       291.7      1.148e+06  12.70      19.930     25.255     25.715     25.615     25.449     25.228     24.927     24.442     23.059     16.523    
19375.2    5.573e+12  15.8       291.7      1.148e+06  12.70      19.815     24.060     24.095     23.900     23.810     23.809     23.920     24.160     24.023     18.317    
21230.4    5.306e+12  15.8       273.3      1.198e+06  12.70      12.768     15.346     15.872     16.654     17.709     18.948     20.392     22.140     24.144     19.885    
21234.2    5.295e+12  15.8       283.4      1.171e+06  12.70      6.145      7.685      8.361      9.274      10.438     11.811     13.404     15.252     17.054     14.476    
21236.2    6.660e+12  15.8       291.7      1.148e+06  12.70      11.171     15.068     16.410     17.044     17.395     17.017     16.510     15.686     14.181     9.107     
21379.2    6.634e+12  15.8       291.7      1.148e+06  12.70      12.767     16.328     16.976     17.010     16.771     16.365     15.839     15.157     13.925     9.180     
22795.2    6.569e+12  15.8       291.7      1.148e+06  12.70      13.170     16.123     16.435     16.446     16.393     16.308     16.202     16.053     15.506     10.769    
23620.8    6.520e+12  15.8       291.7      1.148e+06  12.70      13.556     16.190     16.300     16.233     16.175     16.139     16.142     16.202     16.066     11.580    
24258.2    6.360e+12  15.8       283.2      1.172e+06  12.70      11.745     13.981     14.323     14.697     15.160     15.670     16.223     16.846     17.446     12.916    
24260.2    5.699e+12  15.8       291.7      1.148e+06  12.70      1.791      2.747      3.349      3.870      4.342      4.750      5.052      5.193      4.870      3.461     
24403.2    5.521e+12  15.8       291.7      1.148e+06  12.70      2.665      3.749      4.165      4.407      4.583      4.721      4.816      4.816      4.546      3.313     
29659.2    5.007e+12  15.8       291.7      1.148e+06  12.70      4.156      5.033      5.086      5.065      5.047      5.039      5.046      5.058      4.976      4.009     
31540.8    4.821e+12  15.8       291.7      1.148e+06  12.70      4.545      5.284      5.265      5.257      5.296      5.370      5.483      5.651      5.863      4.940     
32276.6    4.682e+12  15.8       281.1      1.178e+06  12.70      3.807      4.404      4.462      4.592      4.792      5.036      5.326      5.688      6.081      5.359     
32278.6    5.989e+12  15.8       291.7      1.146e+06  12.70      2.358      3.518      4.296      4.999      5.641      6.184      6.565      6.729      6.344      4.363     
32421.6    5.906e+12  15.8       291.7      1.146e+06  12.70      3.499      4.792      5.329      5.667      5.915      6.095      6.219      6.165      5.831      4.088     
35877.6    5.735e+12  15.8       291.7      1.146e+06  12.70      4.941      6.035      6.153      6.151      6.140      6.142      6.160      6.215      6.070      4.578     
37677.6    5.659e+12  15.8       291.7      1.146e+06  12.70      5.380      6.325      6.349      6.306      6.270      6.248      6.244      6.260      6.207      4.815     
39432      5.591e+12  15.8       291.7      1.146e+06  12.70      5.689      6.448      6.402      6.397      6.457      6.559      6.702      6.915      7.185      5.870     
40375.2    5.443e+12  15.8       281.2      1.175e+06  12.70      4.289      4.844      4.918      5.106      5.385      5.723      6.122      6.618      7.222      6.193     
