# ===============================================================================================================================================================================
# TIME     FASTF      PCOOL      TCOOL      GKL        PITCH      Q1         Q2         Q3         Q4         Q5         Q6         Q7         Q8         Q9         Q10       
# (h)      (n/cmWs)   (MPa)      (Celsius)  (kg/s)     (mm)       (kW/m)     (kW/m)     (kW/m)     (kW/m)     (kW/m)     (kW/m)     (kW/m)     (kW/m)     (kW/m)     (kW/m)    
# ===============================================================================================================================================================================
0          4.722e+12  15.8       291.7      1.140e+06  12.70      13.221     19.325     22.618     24.820     26.287     27.055     26.955     25.839     22.687     13.899    
144        4.740e+12  15.8       291.7      1.140e+06  12.70      17.172     23.174     25.108     25.795     25.967     25.789     25.262     24.176     21.522     13.586    
3240       4.815e+12  15.8       291.7      1.140e+06  12.70      20.213     25.958     26.316     25.848     25.351     24.922     24.553     24.108     22.593     14.909    
5880       4.830e+12  15.8       291.7      1.140e+06  12.70      21.251     27.838     27.457     26.619     25.889     25.283     24.815     24.470     23.392     15.485    
6765.6     4.835e+12  15.8       291.7      1.140e+06  12.70      21.393     27.471     26.781     26.004     25.438     25.021     24.758     24.703     24.180     16.223    
7844.6     4.679e+12  15.8       279.2      1.175e+06  12.70      15.961     20.340     20.522     20.956     21.691     22.588     23.641     24.970     26.243     18.316    
7846.6     5.263e+12  15.8       291.7      1.146e+06  12.70      8.179      13.100     15.622     17.534     18.934     19.739     19.807     18.888     16.295     9.832     
7989.6     5.261e+12  15.8       291.7      1.146e+06  12.70      10.810     15.986     17.607     18.431     18.851     18.942     18.661     17.798     15.630     9.760     
11445.6    5.278e+12  15.8       291.7      1.146e+06  12.70      13.645     17.928     18.152     17.980     17.820     17.719     17.664     17.543     16.660     11.562    
13605.6    5.303e+12  15.8       291.7      1.146e+06  12.70      14.816     18.735     18.522     18.134     17.837     17.634     17.521     17.461     16.881     12.201    
14834.4    5.307e+12  15.8       291.7      1.146e+06  12.70      15.013     18.436     18.030     17.678     17.508     17.476     17.602     17.950     18.130     13.661    
16328.6    5.095e+12  15.8       275.2      1.191e+06  12.70      10.602     12.802     12.941     13.379     14.064     14.902     15.923     17.267     18.912     15.165    
16330.6    5.600e+12  15.8       291.7      1.148e+06  12.70      15.812     22.137     24.276     25.514     26.236     26.417     26.032     24.999     22.674     15.286    
16473.6    5.578e+12  15.8       291.7      1.148e+06  12.70      18.077     23.920     24.902     25.021     24.847     24.449     23.835     22.926     21.080     14.607    
17769.6    5.605e+12  15.8       291.7      1.148e+06  12.70      18.608     23.579     24.009     23.916     23.761     23.554     23.273     22.821     21.529     15.426    
19375.2    5.629e+12  15.8       291.7      1.148e+06  12.70      18.584     22.565     22.598     22.415     22.330     22.330     22.434     22.659     22.530     17.179    
21230.4    5.388e+12  15.8       273.3      1.198e+06  12.70      11.910     14.315     14.805     15.535     16.518     17.674     19.021     20.652     22.521     18.548    
21234.2    5.385e+12  15.8       283.4      1.171e+06  12.70      5.719      7.153      7.782      8.632      9.715      10.993     12.475     14.196     15.873     13.473    
21236.2    5.815e+12  15.8       291.7      1.148e+06  12.70      11.721     15.810     17.218     17.884     18.251     17.855     17.323     16.459     14.880     9.555     
21379.2    5.784e+12  15.8       291.7      1.148e+06  12.70      13.757     17.593     18.291     18.328     18.071     17.634     17.066     16.332     15.004     9.892     
22795.2    5.780e+12  15.8       291.7      1.148e+06  12.70      14.175     17.353     17.689     17.701     17.644     17.552     17.438     17.278     16.689     11.591    
23620.8    5.762e+12  15.8       291.7      1.148e+06  12.70      14.605     17.442     17.561     17.488     17.427     17.388     17.391     17.455     17.308     12.476    
24258.2    5.647e+12  15.8       283.2      1.172e+06  12.70      12.497     14.876     15.239     15.637     16.130     16.672     17.261     17.924     18.562     13.742    
24260.2    6.202e+12  15.8       291.7      1.148e+06  12.70      5.645      8.659      10.556     12.198     13.687     14.973     15.926     16.370     15.352     10.909    
24403.2    6.146e+12  15.8       291.7      1.148e+06  12.70      8.007      11.263     12.513     13.241     13.770     14.185     14.469     14.469     13.659     9.955     
29659.2    6.078e+12  15.8       291.7      1.148e+06  12.70      10.512     12.731     12.867     12.813     12.766     12.747     12.764     12.795     12.588     10.141    
31540.8    6.041e+12  15.8       291.7      1.148e+06  12.70      10.737     12.484     12.439     12.419     12.512     12.686     12.952     13.351     13.850     11.671    
32276.6    5.894e+12  15.8       281.1      1.178e+06  12.70      9.113      10.541     10.680     10.993     11.471     12.055     12.749     13.616     14.555     12.828    
32278.6    6.615e+12  15.8       291.7      1.146e+06  12.70      5.151      7.685      9.384      10.920     12.322     13.508     14.340     14.698     13.856     9.530     
32421.6    6.564e+12  15.8       291.7      1.146e+06  12.70      7.429      10.175     11.314     12.033     12.558     12.940     13.204     13.089     12.381     8.679     
35877.6    6.479e+12  15.8       291.7      1.146e+06  12.70      9.669      11.809     12.040     12.035     12.014     12.019     12.053     12.161     11.877     8.958     
37677.6    6.444e+12  15.8       291.7      1.146e+06  12.70      10.132     11.911     11.957     11.876     11.807     11.766     11.760     11.788     11.689     9.067     
39432      6.379e+12  15.8       291.7      1.146e+06  12.70      10.320     11.696     11.613     11.605     11.712     11.897     12.158     12.544     13.033     10.649    
40375.2    6.202e+12  15.8       281.2      1.175e+06  12.70      7.800      8.809      8.943      9.286      9.793      10.409     11.133     12.036     13.135     11.263    
