# ===============================================================================================================================================================================
# TIME     FASTF      PCOOL      TCOOL      GKL        PITCH      Q1         Q2         Q3         Q4         Q5         Q6         Q7         Q8         Q9         Q10       
# (h)      (n/cmWs)   (MPa)      (Celsius)  (kg/s)     (mm)       (kW/m)     (kW/m)     (kW/m)     (kW/m)     (kW/m)     (kW/m)     (kW/m)     (kW/m)     (kW/m)     (kW/m)    
# ===============================================================================================================================================================================
0          4.644e+12  15.8       291.7      1.140e+06  12.70      14.436     21.102     24.697     27.103     28.705     29.544     29.435     28.216     24.776     15.180    
144        4.661e+12  15.8       291.7      1.140e+06  12.70      18.591     25.090     27.184     27.928     28.114     27.921     27.351     26.176     23.303     14.711    
3240       4.756e+12  15.8       291.7      1.140e+06  12.70      21.507     27.620     28.001     27.503     26.974     26.517     26.125     25.652     24.040     15.865    
5880       4.835e+12  15.8       291.7      1.140e+06  12.70      22.084     28.929     28.533     27.662     26.902     26.273     25.787     25.428     24.308     16.091    
6765.6     4.848e+12  15.8       291.7      1.140e+06  12.70      22.159     28.455     27.740     26.935     26.349     25.917     25.644     25.587     25.045     16.803    
7844.6     4.704e+12  15.8       279.2      1.175e+06  12.70      16.526     21.061     21.249     21.698     22.460     23.388     24.479     25.854     27.173     18.965    
7846.6     5.167e+12  15.8       291.7      1.146e+06  12.70      11.684     18.715     22.319     25.051     27.052     28.203     28.302     26.989     23.283     14.047    
7989.6     5.174e+12  15.8       291.7      1.146e+06  12.70      15.206     22.487     24.767     25.927     26.518     26.647     26.252     25.038     21.987     13.729    
11445.6    5.315e+12  15.8       291.7      1.146e+06  12.70      17.953     23.589     23.884     23.657     23.447     23.314     23.240     23.082     21.919     15.211    
13605.6    5.384e+12  15.8       291.7      1.146e+06  12.70      18.722     23.675     23.406     22.915     22.540     22.282     22.141     22.064     21.331     15.416    
14834.4    5.407e+12  15.8       291.7      1.146e+06  12.70      18.634     22.882     22.378     21.941     21.731     21.691     21.848     22.279     22.502     16.954    
16328.6    5.201e+12  15.8       275.2      1.191e+06  12.70      13.176     15.910     16.083     16.627     17.478     18.520     19.789     21.459     23.504     18.846    
16330.6    6.280e+12  15.8       291.7      1.148e+06  12.70      14.808     20.731     22.734     23.892     24.568     24.737     24.376     23.408     21.232     14.314    
16473.6    6.262e+12  15.8       291.7      1.148e+06  12.70      16.793     22.220     23.132     23.242     23.080     22.710     22.140     21.295     19.581     13.568    
17769.6    6.252e+12  15.8       291.7      1.148e+06  12.70      17.321     21.948     22.348     22.261     22.117     21.925     21.663     21.242     20.040     14.359    
19375.2    6.233e+12  15.8       291.7      1.148e+06  12.70      17.355     21.072     21.103     20.932     20.853     20.853     20.950     21.160     21.040     16.042    
21230.4    5.919e+12  15.8       273.3      1.198e+06  12.70      11.315     13.600     14.066     14.759     15.694     16.792     18.072     19.622     21.397     17.623    
21234.2    5.903e+12  15.8       283.4      1.171e+06  12.70      5.438      6.801      7.400      8.208      9.238      10.453     11.862     13.498     15.093     12.812    
21236.2    6.373e+12  15.8       291.7      1.148e+06  12.70      11.213     15.125     16.473     17.110     17.462     17.083     16.575     15.749     14.238     9.143     
21379.2    6.353e+12  15.8       291.7      1.148e+06  12.70      12.834     16.412     17.064     17.099     16.859     16.452     15.923     15.238     13.999     9.229     
22795.2    6.338e+12  15.8       291.7      1.148e+06  12.70      13.199     16.159     16.471     16.483     16.430     16.345     16.238     16.089     15.541     10.794    
23620.8    6.323e+12  15.8       291.7      1.148e+06  12.70      13.547     16.178     16.288     16.222     16.164     16.128     16.131     16.191     16.055     11.572    
24258.2    6.186e+12  15.8       283.2      1.172e+06  12.70      11.705     13.934     14.274     14.646     15.108     15.616     16.167     16.788     17.386     12.872    
24260.2    6.167e+12  15.8       291.7      1.148e+06  12.70      1.618      2.481      3.025      3.496      3.922      4.291      4.564      4.691      4.399      3.126     
24403.2    6.086e+12  15.8       291.7      1.148e+06  12.70      2.375      3.341      3.712      3.928      4.085      4.208      4.292      4.292      4.052      2.953     
29659.2    5.845e+12  15.8       291.7      1.148e+06  12.70      3.560      4.312      4.357      4.339      4.323      4.317      4.322      4.333      4.263      3.434     
31540.8    5.756e+12  15.8       291.7      1.148e+06  12.70      3.822      4.443      4.427      4.420      4.453      4.516      4.610      4.752      4.930      4.154     
32276.6    5.624e+12  15.8       281.1      1.178e+06  12.70      3.225      3.731      3.780      3.890      4.060      4.266      4.512      4.819      5.151      4.540     
32278.6    6.481e+12  15.8       291.7      1.146e+06  12.70      1.556      2.321      2.835      3.298      3.720      4.076      4.325      4.431      4.174      2.869     
32421.6    6.394e+12  15.8       291.7      1.146e+06  12.70      2.337      3.202      3.561      3.787      3.951      4.070      4.152      4.114      3.889      2.725     
35877.6    6.198e+12  15.8       291.7      1.146e+06  12.70      3.378      4.126      4.207      4.205      4.198      4.199      4.211      4.248      4.148      3.127     
37677.6    6.138e+12  15.8       291.7      1.146e+06  12.70      3.717      4.370      4.387      4.357      4.332      4.317      4.314      4.324      4.287      3.325     
39432      6.051e+12  15.8       291.7      1.146e+06  12.70      3.982      4.514      4.482      4.479      4.520      4.591      4.692      4.841      5.029      4.108     
40375.2    5.882e+12  15.8       281.2      1.175e+06  12.70      2.993      3.380      3.432      3.563      3.758      3.994      4.272      4.618      5.039      4.320     
