# ===============================================================================================================================================================================
# TIME     FASTF      PCOOL      TCOOL      GKL        PITCH      Q1         Q2         Q3         Q4         Q5         Q6         Q7         Q8         Q9         Q10       
# (h)      (n/cmWs)   (MPa)      (Celsius)  (kg/s)     (mm)       (kW/m)     (kW/m)     (kW/m)     (kW/m)     (kW/m)     (kW/m)     (kW/m)     (kW/m)     (kW/m)     (kW/m)    
# ===============================================================================================================================================================================
0          4.565e+12  15.8       291.7      1.140e+06  12.70      14.687     21.468     25.126     27.573     29.203     30.057     29.946     28.707     25.206     15.443    
144        4.574e+12  15.8       291.7      1.140e+06  12.70      19.041     25.698     27.843     28.604     28.795     28.598     28.014     26.810     23.867     15.067    
3240       4.642e+12  15.8       291.7      1.140e+06  12.70      22.072     28.346     28.736     28.226     27.683     27.214     26.811     26.326     24.672     16.281    
5880       4.731e+12  15.8       291.7      1.140e+06  12.70      22.534     29.519     29.115     28.227     27.452     26.809     26.314     25.947     24.804     16.420    
6765.6     4.746e+12  15.8       291.7      1.140e+06  12.70      22.562     28.973     28.245     27.426     26.829     26.389     26.111     26.053     25.501     17.109    
7844.6     4.607e+12  15.8       279.2      1.175e+06  12.70      16.714     21.301     21.491     21.945     22.716     23.654     24.758     26.149     27.483     19.181    
7846.6     5.089e+12  15.8       291.7      1.146e+06  12.70      10.330     16.546     19.733     22.148     23.918     24.935     25.023     23.862     20.585     12.420    
7989.6     5.102e+12  15.8       291.7      1.146e+06  12.70      13.493     19.954     21.978     23.007     23.531     23.646     23.295     22.218     19.510     12.183    
11445.6    5.288e+12  15.8       291.7      1.146e+06  12.70      15.956     20.965     21.227     21.026     20.839     20.720     20.655     20.515     19.481     13.519    
13605.6    5.365e+12  15.8       291.7      1.146e+06  12.70      16.709     21.129     20.889     20.451     20.116     19.887     19.760     19.692     19.038     13.758    
14834.4    5.392e+12  15.8       291.7      1.146e+06  12.70      16.689     20.494     20.042     19.651     19.462     19.427     19.567     19.953     20.153     15.185    
16328.6    5.184e+12  15.8       275.2      1.191e+06  12.70      11.807     14.257     14.412     14.900     15.662     16.596     17.733     19.229     21.062     16.888    
16330.6    6.833e+12  15.8       291.7      1.148e+06  12.70      13.355     18.697     20.503     21.548     22.157     22.310     21.985     21.112     19.149     12.909    
16473.6    6.816e+12  15.8       291.7      1.148e+06  12.70      15.153     20.050     20.873     20.972     20.827     20.493     19.978     19.216     17.669     12.244    
17769.6    6.751e+12  15.8       291.7      1.148e+06  12.70      15.791     20.009     20.375     20.295     20.164     19.988     19.750     19.366     18.270     13.091    
19375.2    6.663e+12  15.8       291.7      1.148e+06  12.70      16.012     19.441     19.470     19.312     19.239     19.239     19.328     19.522     19.412     14.801    
21230.4    6.258e+12  15.8       273.3      1.198e+06  12.70      10.568     12.702     13.137     13.785     14.658     15.683     16.879     18.326     19.984     16.459    
21234.2    6.247e+12  15.8       283.4      1.171e+06  12.70      5.077      6.350      6.909      7.663      8.625      9.760      11.075     12.603     14.092     11.962    
21236.2    6.549e+12  15.8       291.7      1.148e+06  12.70      10.554     14.237     15.505     16.105     16.437     16.080     15.601     14.824     13.402     8.606     
21379.2    6.529e+12  15.8       291.7      1.148e+06  12.70      12.187     15.586     16.205     16.238     16.010     15.623     15.121     14.470     13.294     8.764     
22795.2    6.473e+12  15.8       291.7      1.148e+06  12.70      12.671     15.512     15.812     15.823     15.772     15.690     15.588     15.445     14.919     10.362    
23620.8    6.429e+12  15.8       291.7      1.148e+06  12.70      13.091     15.634     15.740     15.675     15.620     15.585     15.588     15.646     15.514     11.183    
24258.2    6.271e+12  15.8       283.2      1.172e+06  12.70      11.318     13.473     13.802     14.162     14.608     15.099     15.632     16.233     16.811     12.446    
24260.2    5.749e+12  15.8       291.7      1.148e+06  12.70      2.889      4.432      5.404      6.244      7.006      7.664      8.152      8.379      7.858      5.584     
24403.2    5.680e+12  15.8       291.7      1.148e+06  12.70      4.174      5.872      6.523      6.902      7.178      7.394      7.542      7.542      7.120      5.189     
29659.2    5.472e+12  15.8       291.7      1.148e+06  12.70      5.949      7.205      7.281      7.251      7.224      7.213      7.223      7.240      7.124      5.739     
31540.8    5.404e+12  15.8       291.7      1.148e+06  12.70      6.265      7.284      7.258      7.246      7.300      7.402      7.558      7.790      8.081      6.810     
32276.6    5.274e+12  15.8       281.1      1.178e+06  12.70      5.320      6.154      6.235      6.417      6.697      7.037      7.443      7.949      8.497      7.489     
32278.6    6.074e+12  15.8       291.7      1.146e+06  12.70      2.413      3.600      4.396      5.114      5.769      6.322      6.708      6.871      6.474      4.450     
32421.6    6.001e+12  15.8       291.7      1.146e+06  12.70      3.576      4.900      5.449      5.794      6.045      6.228      6.352      6.294      5.951      4.170     
35877.6    5.825e+12  15.8       291.7      1.146e+06  12.70      5.027      6.140      6.261      6.258      6.247      6.249      6.266      6.321      6.172      4.654     
37677.6    5.741e+12  15.8       291.7      1.146e+06  12.70      5.460      6.420      6.445      6.401      6.364      6.342      6.338      6.352      6.298      4.884     
39432      5.659e+12  15.8       291.7      1.146e+06  12.70      5.761      6.530      6.484      6.479      6.539      6.642      6.788      7.003      7.275      5.943     
40375.2    5.521e+12  15.8       281.2      1.175e+06  12.70      4.339      4.901      4.976      5.166      5.449      5.791      6.194      6.696      7.306      6.264     
