# ===============================================================================================================================================================================
# TIME     FASTF      PCOOL      TCOOL      GKL        PITCH      Q1         Q2         Q3         Q4         Q5         Q6         Q7         Q8         Q9         Q10       
# (h)      (n/cmWs)   (MPa)      (Celsius)  (kg/s)     (mm)       (kW/m)     (kW/m)     (kW/m)     (kW/m)     (kW/m)     (kW/m)     (kW/m)     (kW/m)     (kW/m)     (kW/m)    
# ===============================================================================================================================================================================
0          4.611e+12  15.8       291.7      1.146e+06  12.70      13.973     20.534     24.459     27.340     29.406     30.570     30.511     28.958     24.813     14.980    
144        4.622e+12  15.8       291.7      1.146e+06  12.70      18.218     24.722     27.190     28.341     28.865     28.881     28.328     26.883     23.436     14.618    
3600       4.703e+12  15.8       291.7      1.146e+06  12.70      21.370     27.236     27.631     27.240     26.848     26.531     26.267     25.859     24.179     15.994    
5760       4.760e+12  15.8       291.7      1.146e+06  12.70      22.061     28.524     28.212     27.403     26.719     26.175     25.760     25.373     23.981     15.909    
6988.8     4.771e+12  15.8       291.7      1.146e+06  12.70      21.935     27.964     27.235     26.496     26.028     25.765     25.726     25.975     25.729     17.472    
8483       4.595e+12  15.8       275.2      1.191e+06  12.70      15.312     19.209     19.360     19.896     20.780     21.876     23.221     25.007     27.045     19.468    
8485       5.139e+12  15.8       291.7      1.148e+06  12.70      17.766     25.848     28.292     29.539     30.187     30.210     29.589     28.252     25.422     15.527    
8628       5.129e+12  15.8       291.7      1.148e+06  12.70      20.242     27.813     29.055     28.839     28.462     27.835     26.974     25.798     23.530     14.752    
9924       5.159e+12  15.8       291.7      1.148e+06  12.70      20.818     27.312     27.906     27.461     27.122     26.731     26.263     25.613     23.977     15.573    
11529.6    5.172e+12  15.8       291.7      1.148e+06  12.70      20.809     26.166     26.055     25.691     25.451     25.313     25.293     25.409     25.097     17.439    
13384.8    4.938e+12  15.8       273.3      1.198e+06  12.70      13.418     16.628     17.166     17.918     18.958     20.186     21.620     23.363     25.296     19.071    
13388.6    4.935e+12  15.8       283.4      1.171e+06  12.70      6.452      8.319      9.037      9.974      11.173     12.584     14.215     16.103     17.907     13.896    
13390.6    5.539e+12  15.8       291.7      1.148e+06  12.70      18.772     24.977     26.703     27.482     27.582     27.006     25.977     24.522     22.220     14.471    
13533.6    5.535e+12  15.8       291.7      1.148e+06  12.70      21.229     26.878     27.611     27.242     26.640     25.763     24.700     23.449     21.512     14.296    
14949.6    5.551e+12  15.8       291.7      1.148e+06  12.70      20.830     25.197     25.328     25.183     24.972     24.695     24.377     24.013     23.174     16.227    
15775.2    5.552e+12  15.8       291.7      1.148e+06  12.70      20.943     24.784     24.580     24.351     24.161     23.986     23.855     23.810     23.556     17.092    
16412.6    5.432e+12  15.8       283.2      1.172e+06  12.70      17.794     20.942     21.256     21.747     22.385     23.073     23.809     24.648     25.536     19.108    
16414.6    5.929e+12  15.8       291.7      1.148e+06  12.70      7.568      10.518     12.505     14.716     17.063     19.388     21.536     23.318     24.457     19.735    
16557.6    5.926e+12  15.8       291.7      1.148e+06  12.70      11.182     14.405     15.599     16.694     17.770     18.802     19.768     20.611     21.085     17.073    
21813.6    5.991e+12  15.8       291.7      1.148e+06  12.70      15.802     18.646     18.650     18.458     18.274     18.119     18.007     17.934     17.661     14.455    
23695.2    5.989e+12  15.8       291.7      1.148e+06  12.70      15.767     17.981     17.754     17.612     17.617     17.719     17.928     18.305     18.898     15.929    
24431      5.817e+12  15.8       281.1      1.178e+06  12.70      12.818     14.563     14.675     15.065     15.670     16.402     17.269     18.362     19.635     17.457    
24433      6.134e+12  15.8       291.7      1.146e+06  12.70      2.701      3.684      4.374      4.991      5.532      5.965      6.241      6.289      6.029      4.801     
24576      6.068e+12  15.8       291.7      1.146e+06  12.70      3.766      4.745      5.149      5.399      5.566      5.675      5.768      5.655      5.427      4.412     
28032      5.935e+12  15.8       291.7      1.146e+06  12.70      5.140      6.203      6.372      6.285      6.210      6.141      6.082      6.002      5.797      4.762     
29832      5.889e+12  15.8       291.7      1.146e+06  12.70      5.652      6.911      7.064      6.896      6.742      6.596      6.461      6.308      6.011      4.882     
31586.4    5.833e+12  15.8       291.7      1.146e+06  12.70      5.717      6.793      6.813      6.808      6.864      6.958      7.076      7.200      7.173      5.953     
32529.6    5.668e+12  15.8       281.2      1.175e+06  12.70      4.233      5.016      5.160      5.383      5.700      6.075      6.504      6.994      7.476      6.416     
