# ===============================================================================================================================================================================
# TIME     FASTF      PCOOL      TCOOL      GKL        PITCH      Q1         Q2         Q3         Q4         Q5         Q6         Q7         Q8         Q9         Q10       
# (h)      (n/cmWs)   (MPa)      (Celsius)  (kg/s)     (mm)       (kW/m)     (kW/m)     (kW/m)     (kW/m)     (kW/m)     (kW/m)     (kW/m)     (kW/m)     (kW/m)     (kW/m)    
# ===============================================================================================================================================================================
0          4.439e+12  15.8       291.7      1.146e+06  12.70      12.547     18.438     21.964     24.552     26.409     27.456     27.405     26.010     22.288     13.455    
144        4.460e+12  15.8       291.7      1.146e+06  12.70      16.402     22.257     24.480     25.517     25.989     26.004     25.507     24.206     21.102     13.161    
3600       4.590e+12  15.8       291.7      1.146e+06  12.70      19.582     24.956     25.318     24.960     24.600     24.310     24.067     23.693     22.154     14.653    
5760       4.654e+12  15.8       291.7      1.146e+06  12.70      20.599     26.634     26.343     25.587     24.948     24.440     24.052     23.692     22.391     14.853    
6988.8     4.674e+12  15.8       291.7      1.146e+06  12.70      20.634     26.305     25.619     24.924     24.484     24.236     24.199     24.433     24.202     16.434    
8483       4.502e+12  15.8       275.2      1.191e+06  12.70      14.445     18.121     18.264     18.769     19.603     20.637     21.906     23.591     25.513     18.365    
8485       4.976e+12  15.8       291.7      1.148e+06  12.70      18.056     26.271     28.755     30.023     30.682     30.705     30.075     28.716     25.840     15.783    
8628       4.969e+12  15.8       291.7      1.148e+06  12.70      20.636     28.354     29.621     29.401     29.017     28.378     27.501     26.301     23.990     15.041    
9924       5.019e+12  15.8       291.7      1.148e+06  12.70      21.166     27.769     28.373     27.920     27.576     27.179     26.703     26.042     24.379     15.834    
11529.6    5.051e+12  15.8       291.7      1.148e+06  12.70      21.099     26.530     26.418     26.049     25.806     25.666     25.645     25.764     25.447     17.683    
13384.8    4.830e+12  15.8       273.3      1.198e+06  12.70      13.529     16.766     17.308     18.066     19.115     20.354     21.799     23.556     25.506     19.229    
13388.6    4.818e+12  15.8       283.4      1.171e+06  12.70      6.508      8.392      9.116      10.060     11.270     12.693     14.339     16.243     18.062     14.017    
13390.6    5.359e+12  15.8       291.7      1.148e+06  12.70      19.446     25.875     27.663     28.470     28.574     27.978     26.912     25.405     23.020     14.993    
13533.6    5.359e+12  15.8       291.7      1.148e+06  12.70      21.994     27.848     28.608     28.225     27.602     26.693     25.592     24.297     22.289     14.812    
14949.6    5.389e+12  15.8       291.7      1.148e+06  12.70      21.519     26.031     26.167     26.017     25.799     25.513     25.184     24.808     23.941     16.765    
15775.2    5.394e+12  15.8       291.7      1.148e+06  12.70      21.609     25.572     25.361     25.124     24.928     24.748     24.612     24.566     24.305     17.635    
16412.6    5.282e+12  15.8       283.2      1.172e+06  12.70      18.330     21.574     21.897     22.403     23.060     23.768     24.526     25.391     26.305     19.684    
16414.6    5.711e+12  15.8       291.7      1.148e+06  12.70      8.012      11.136     13.240     15.581     18.066     20.529     22.803     24.690     25.898     20.897    
16557.6    5.708e+12  15.8       291.7      1.148e+06  12.70      11.860     15.279     16.546     17.707     18.849     19.944     20.968     21.863     22.366     18.111    
21813.6    5.802e+12  15.8       291.7      1.148e+06  12.70      16.940     19.988     19.993     19.787     19.590     19.423     19.303     19.225     18.933     15.496    
23695.2    5.821e+12  15.8       291.7      1.148e+06  12.70      16.830     19.193     18.952     18.800     18.805     18.914     19.136     19.539     20.172     17.002    
24431      5.657e+12  15.8       281.1      1.178e+06  12.70      13.647     15.505     15.624     16.040     16.683     17.463     18.385     19.549     20.904     18.585    
24433      6.179e+12  15.8       291.7      1.146e+06  12.70      4.750      6.479      7.690      8.773      9.721      10.478     10.960     11.040     10.581     8.424     
24576      6.116e+12  15.8       291.7      1.146e+06  12.70      6.513      8.205      8.903      9.333      9.622      9.808      9.966      9.769      9.374      7.620     
28032      5.999e+12  15.8       291.7      1.146e+06  12.70      8.645      10.434     10.719     10.573     10.445     10.329     10.230     10.095     9.751      8.009     
29832      5.969e+12  15.8       291.7      1.146e+06  12.70      9.392      11.484     11.739     11.460     11.205     10.963     10.738     10.484     9.992      8.115     
31586.4    5.931e+12  15.8       291.7      1.146e+06  12.70      9.325      11.080     11.112     11.104     11.197     11.351     11.545     11.750     11.707     9.717     
32529.6    5.766e+12  15.8       281.2      1.175e+06  12.70      6.950      8.235      8.472      8.838      9.358      9.975      10.682     11.488     12.281     10.541    
