# ===============================================================================================================================================================================
# TIME     FASTF      PCOOL      TCOOL      GKL        PITCH      Q1         Q2         Q3         Q4         Q5         Q6         Q7         Q8         Q9         Q10       
# (h)      (n/cmWs)   (MPa)      (Celsius)  (kg/s)     (mm)       (kW/m)     (kW/m)     (kW/m)     (kW/m)     (kW/m)     (kW/m)     (kW/m)     (kW/m)     (kW/m)     (kW/m)    
# ===============================================================================================================================================================================
0          4.793e+12  15.8       291.7      1.146e+06  12.70      12.937     19.012     22.647     25.316     27.230     28.310     28.257     26.819     22.982     13.875    
144        4.820e+12  15.8       291.7      1.146e+06  12.70      16.841     22.853     25.135     26.200     26.685     26.700     26.189     24.854     21.668     13.515    
3600       5.028e+12  15.8       291.7      1.146e+06  12.70      19.614     24.997     25.360     25.001     24.641     24.350     24.107     23.733     22.191     14.679    
5760       5.129e+12  15.8       291.7      1.146e+06  12.70      20.355     26.318     26.030     25.284     24.652     24.150     23.767     23.410     22.126     14.678    
6988.8     5.146e+12  15.8       291.7      1.146e+06  12.70      20.317     25.901     25.226     24.541     24.108     23.864     23.827     24.058     23.829     16.182    
8483       4.945e+12  15.8       275.2      1.191e+06  12.70      14.230     17.852     17.992     18.490     19.312     20.330     21.580     23.240     25.133     18.092    
8485       5.463e+12  15.8       291.7      1.148e+06  12.70      16.962     24.678     27.012     28.203     28.822     28.844     28.252     26.976     24.273     14.826    
8628       5.452e+12  15.8       291.7      1.148e+06  12.70      19.356     26.595     27.783     27.576     27.215     26.616     25.793     24.668     22.499     14.106    
9924       5.477e+12  15.8       291.7      1.148e+06  12.70      19.933     26.152     26.720     26.294     25.969     25.595     25.146     24.524     22.957     14.910    
11529.6    5.482e+12  15.8       291.7      1.148e+06  12.70      19.964     25.103     24.996     24.647     24.416     24.283     24.263     24.375     24.075     16.729    
13384.8    5.222e+12  15.8       273.3      1.198e+06  12.70      12.890     15.974     16.490     17.212     18.212     19.391     20.768     22.442     24.298     18.318    
13388.6    5.206e+12  15.8       283.4      1.171e+06  12.70      6.201      7.996      8.685      9.586      10.738     12.094     13.661     15.475     17.208     13.353    
13390.6    5.788e+12  15.8       291.7      1.148e+06  12.70      17.760     23.631     25.264     26.001     26.096     25.552     24.578     23.202     21.023     13.691    
13533.6    5.780e+12  15.8       291.7      1.148e+06  12.70      20.144     25.505     26.201     25.851     25.280     24.447     23.439     22.252     20.413     13.565    
14949.6    5.782e+12  15.8       291.7      1.148e+06  12.70      19.842     24.003     24.127     23.989     23.788     23.524     23.220     22.874     22.074     15.457    
15775.2    5.772e+12  15.8       291.7      1.148e+06  12.70      20.004     23.673     23.478     23.259     23.077     22.910     22.784     22.741     22.499     16.324    
16412.6    5.639e+12  15.8       283.2      1.172e+06  12.70      16.995     20.003     20.302     20.771     21.380     22.037     22.740     23.541     24.389     18.249    
16414.6    6.105e+12  15.8       291.7      1.148e+06  12.70      7.342      10.205     12.133     14.278     16.554     18.811     20.894     22.623     23.728     19.145    
16557.6    6.095e+12  15.8       291.7      1.148e+06  12.70      10.883     14.020     15.182     16.248     17.294     18.299     19.238     20.059     20.520     16.615    
21813.6    6.103e+12  15.8       291.7      1.148e+06  12.70      15.675     18.496     18.500     18.310     18.127     17.973     17.861     17.789     17.518     14.338    
23695.2    6.090e+12  15.8       291.7      1.148e+06  12.70      15.670     17.870     17.645     17.504     17.509     17.610     17.818     18.193     18.781     15.830    
24431      5.914e+12  15.8       281.1      1.178e+06  12.70      12.716     14.448     14.559     14.946     15.546     16.272     17.132     18.216     19.479     17.317    
24433      6.452e+12  15.8       291.7      1.146e+06  12.70      3.502      4.777      5.671      6.471      7.173      7.734      8.093      8.154      7.818      6.225     
24576      6.392e+12  15.8       291.7      1.146e+06  12.70      4.844      6.103      6.623      6.944      7.160      7.300      7.419      7.274      6.981      5.675     
28032      6.247e+12  15.8       291.7      1.146e+06  12.70      6.557      7.914      8.130      8.019      7.923      7.835      7.759      7.658      7.396      6.075     
29832      6.204e+12  15.8       291.7      1.146e+06  12.70      7.187      8.787      8.983      8.768      8.573      8.388      8.215      8.021      7.644      6.208     
31586.4    6.140e+12  15.8       291.7      1.146e+06  12.70      7.214      8.572      8.597      8.590      8.661      8.779      8.928      9.085      9.050      7.511     
32529.6    5.968e+12  15.8       281.2      1.175e+06  12.70      5.367      6.360      6.543      6.826      7.227      7.703      8.247      8.869      9.479      8.135     
