# ===============================================================================================================================================================================
# TIME     FASTF      PCOOL      TCOOL      GKL        PITCH      Q1         Q2         Q3         Q4         Q5         Q6         Q7         Q8         Q9         Q10       
# (h)      (n/cmWs)   (MPa)      (Celsius)  (kg/s)     (mm)       (kW/m)     (kW/m)     (kW/m)     (kW/m)     (kW/m)     (kW/m)     (kW/m)     (kW/m)     (kW/m)     (kW/m)    
# ===============================================================================================================================================================================
0          4.730e+12  15.8       291.7      1.146e+06  12.70      13.060     19.193     22.863     25.557     27.490     28.580     28.526     27.075     23.201     14.007    
144        4.755e+12  15.8       291.7      1.146e+06  12.70      17.008     23.080     25.385     26.460     26.950     26.965     26.449     25.101     21.883     13.649    
3600       4.947e+12  15.8       291.7      1.146e+06  12.70      19.882     25.338     25.705     25.342     24.977     24.682     24.436     24.056     22.494     14.879    
5760       5.031e+12  15.8       291.7      1.146e+06  12.70      20.678     26.735     26.443     25.684     25.043     24.533     24.144     23.781     22.476     14.910    
6988.8     5.051e+12  15.8       291.7      1.146e+06  12.70      20.631     26.302     25.616     24.921     24.480     24.233     24.196     24.430     24.198     16.432    
8483       4.858e+12  15.8       275.2      1.191e+06  12.70      14.438     18.113     18.255     18.761     19.594     20.628     21.896     23.580     25.501     18.357    
8485       5.366e+12  15.8       291.7      1.148e+06  12.70      17.232     25.072     27.443     28.653     29.282     29.304     28.702     27.406     24.661     15.063    
8628       5.358e+12  15.8       291.7      1.148e+06  12.70      19.662     27.016     28.223     28.013     27.647     27.038     26.202     25.059     22.856     14.330    
9924       5.388e+12  15.8       291.7      1.148e+06  12.70      20.233     26.544     27.121     26.688     26.359     25.979     25.523     24.892     23.302     15.134    
11529.6    5.397e+12  15.8       291.7      1.148e+06  12.70      20.245     25.457     25.349     24.994     24.761     24.625     24.605     24.719     24.414     16.965    
13384.8    5.143e+12  15.8       273.3      1.198e+06  12.70      13.060     16.185     16.708     17.440     18.452     19.647     21.043     22.738     24.619     18.560    
13388.6    5.129e+12  15.8       283.4      1.171e+06  12.70      6.283      8.102      8.800      9.713      10.880     12.254     13.842     15.680     17.436     13.530    
13390.6    5.703e+12  15.8       291.7      1.148e+06  12.70      18.121     24.112     25.779     26.531     26.628     26.072     25.079     23.674     21.451     13.970    
13533.6    5.696e+12  15.8       291.7      1.148e+06  12.70      20.537     26.003     26.712     26.355     25.773     24.924     23.896     22.686     20.811     13.830    
14949.6    5.705e+12  15.8       291.7      1.148e+06  12.70      20.204     24.440     24.567     24.426     24.221     23.953     23.644     23.291     22.477     15.739    
15775.2    5.697e+12  15.8       291.7      1.148e+06  12.70      20.348     24.080     23.882     23.659     23.474     23.304     23.176     23.133     22.886     16.605    
16412.6    5.569e+12  15.8       283.2      1.172e+06  12.70      17.282     20.340     20.645     21.122     21.741     22.409     23.123     23.938     24.800     18.557    
16414.6    6.024e+12  15.8       291.7      1.148e+06  12.70      7.434      10.332     12.285     14.456     16.762     19.046     21.155     22.906     24.025     19.385    
16557.6    6.015e+12  15.8       291.7      1.148e+06  12.70      11.016     14.192     15.368     16.447     17.507     18.523     19.474     20.304     20.771     16.819    
21813.6    6.042e+12  15.8       291.7      1.148e+06  12.70      15.804     18.648     18.653     18.460     18.276     18.121     18.008     17.935     17.663     14.456    
23695.2    6.036e+12  15.8       291.7      1.148e+06  12.70      15.780     17.996     17.769     17.627     17.632     17.733     17.942     18.320     18.913     15.941    
24431      5.861e+12  15.8       281.1      1.178e+06  12.70      12.803     14.547     14.659     15.048     15.653     16.384     17.250     18.341     19.613     17.436    
24433      6.405e+12  15.8       291.7      1.146e+06  12.70      3.527      4.811      5.711      6.518      7.224      7.790      8.151      8.213      7.873      6.270     
24576      6.332e+12  15.8       291.7      1.146e+06  12.70      4.878      6.146      6.669      6.992      7.209      7.351      7.471      7.325      7.029      5.715     
28032      6.198e+12  15.8       291.7      1.146e+06  12.70      6.594      7.959      8.176      8.065      7.967      7.879      7.803      7.701      7.438      6.109     
29832      6.161e+12  15.8       291.7      1.146e+06  12.70      7.221      8.830      9.026      8.811      8.615      8.428      8.255      8.060      7.681      6.238     
31586.4    6.102e+12  15.8       291.7      1.146e+06  12.70      7.245      8.609      8.634      8.627      8.698      8.817      8.967      9.124      9.089      7.543     
32529.6    5.931e+12  15.8       281.2      1.175e+06  12.70      5.389      6.386      6.570      6.854      7.256      7.734      8.281      8.905      9.518      8.168     
