# ===============================================================================================================================================================================
# TIME     FASTF      PCOOL      TCOOL      GKL        PITCH      Q1         Q2         Q3         Q4         Q5         Q6         Q7         Q8         Q9         Q10       
# (h)      (n/cmWs)   (MPa)      (Celsius)  (kg/s)     (mm)       (kW/m)     (kW/m)     (kW/m)     (kW/m)     (kW/m)     (kW/m)     (kW/m)     (kW/m)     (kW/m)     (kW/m)    
# ===============================================================================================================================================================================
0          4.353e+12  15.8       291.7      1.148e+06  12.70      9.478      14.952     16.525     17.270     17.667     17.712     17.382     16.568     14.475     7.790     
144        4.350e+12  15.8       291.7      1.148e+06  12.70      11.820     17.408     18.230     18.013     17.702     17.262     16.693     15.891     14.080     7.856     
1440       4.335e+12  15.8       291.7      1.148e+06  12.70      12.883     17.981     18.223     17.902     17.570     17.236     16.875     16.382     14.959     8.724     
3045.6     4.302e+12  15.8       291.7      1.148e+06  12.70      13.758     18.150     17.941     17.530     17.238     17.048     16.978     17.058     16.777     10.774    
4900.8     4.089e+12  15.8       273.3      1.198e+06  12.70      8.781      11.352     11.630     12.040     12.647     13.375     14.242     15.338     16.452     11.510    
4904.6     4.112e+12  15.8       283.4      1.171e+06  12.70      4.087      5.493      5.923      6.485      7.213      8.068      9.058      10.218     11.346     8.056     
4906.6     5.508e+12  15.8       291.7      1.148e+06  12.70      14.006     20.551     22.039     22.338     21.849     20.972     19.755     18.189     15.729     9.035     
5049.6     5.520e+12  15.8       291.7      1.148e+06  12.70      16.022     22.180     22.814     22.135     21.231     20.154     18.969     17.618     15.503     9.173     
6465.6     5.496e+12  15.8       291.7      1.148e+06  12.70      16.037     21.078     21.211     20.783     20.276     19.738     19.180     18.546     17.265     10.845    
7291.2     5.471e+12  15.8       291.7      1.148e+06  12.70      16.417     21.049     20.883     20.404     19.938     19.503     19.112     18.753     17.952     11.738    
7928.6     5.335e+12  15.8       283.2      1.172e+06  12.70      14.202     18.121     18.414     18.591     18.852     19.145     19.457     19.783     19.641     13.315    
7930.6     5.047e+12  15.8       291.7      1.142e+06  12.70      12.658     19.036     22.463     25.235     27.445     28.978     29.735     29.103     26.496     16.322    
8073.6     5.036e+12  15.8       291.7      1.142e+06  12.70      16.635     23.165     25.140     26.134     26.640     27.040     26.545     25.709     23.498     14.792    
12969.6    5.172e+12  15.8       291.7      1.142e+06  12.70      20.062     25.763     26.306     25.749     25.211     24.679     24.145     23.445     21.781     14.405    
15621.6    5.240e+12  15.8       291.7      1.142e+06  12.70      19.835     23.938     23.635     23.299     23.217     23.331     23.615     24.022     23.850     16.792    
16407.8    5.114e+12  15.8       281.2      1.172e+06  12.70      16.273     19.560     19.751     20.190     20.948     21.917     23.083     24.460     25.639     18.737    
16409.8    5.824e+12  15.8       291.7      1.148e+06  12.70      8.574      11.935     14.183     16.748     19.510     22.284     24.888     27.118     28.626     22.929    
16552.8    5.821e+12  15.8       291.7      1.148e+06  12.70      12.605     16.253     17.575     18.853     20.138     21.390     22.582     23.660     24.305     19.553    
21808.8    5.988e+12  15.8       291.7      1.148e+06  12.70      17.555     20.783     20.680     20.458     20.244     20.058     19.918     19.820     19.482     15.829    
23690.4    6.012e+12  15.8       291.7      1.148e+06  12.70      17.342     19.776     19.504     19.338     19.325     19.413     19.615     19.993     20.622     17.208    
24426.2    5.847e+12  15.8       281.1      1.178e+06  12.70      14.185     16.126     16.239     16.666     17.323     18.115     19.049     20.222     21.549     19.010    
24428.2    6.524e+12  15.8       291.7      1.144e+06  12.70      7.839      11.845     14.443     16.824     19.033     20.936     22.332     23.031     21.622     14.361    
24571.2    6.507e+12  15.8       291.7      1.144e+06  12.70      11.220     15.601     17.304     18.383     19.190     19.793     20.163     20.124     18.895     12.715    
28027.2    6.482e+12  15.8       291.7      1.144e+06  12.70      14.127     17.368     17.706     17.515     17.443     17.421     17.457     17.505     17.050     12.453    
30187.2    6.463e+12  15.8       291.7      1.144e+06  12.70      14.543     17.125     16.989     16.809     16.685     16.607     16.581     16.614     16.353     12.398    
31490.4    6.431e+12  15.8       291.7      1.144e+06  12.70      14.431     16.484     16.302     16.205     16.252     16.378     16.587     16.951     17.699     13.745    
31911.8    6.328e+12  15.8       286.4      1.160e+06  12.70      12.256     14.037     14.137     14.446     14.940     15.528     16.202     17.038     17.903     14.569    
31913.8    6.507e+12  15.8       291.7      1.146e+06  12.70      2.730      3.988      4.891      5.721      6.493      7.163      7.658      7.914      7.532      5.979     
32056.8    6.411e+12  15.8       291.7      1.146e+06  12.70      4.006      5.389      6.029      6.455      6.783      7.039      7.209      7.228      6.912      5.597     
35512.8    6.244e+12  15.8       291.7      1.146e+06  12.70      5.463      6.628      6.819      6.870      6.909      6.963      7.036      7.108      7.052      6.076     
37312.8    6.168e+12  15.8       291.7      1.146e+06  12.70      5.881      6.896      6.985      6.988      6.995      7.019      7.065      7.132      7.182      6.296     
39067.2    6.077e+12  15.8       291.7      1.146e+06  12.70      6.131      6.940      6.947      6.992      7.109      7.276      7.495      7.795      8.164      7.543     
40010.4    5.919e+12  15.8       281.2      1.175e+06  12.70      4.642      5.225      5.337      5.573      5.913      6.327      6.816      7.425      8.167      7.931     
