# ===============================================================================================================================================================================
# TIME     FASTF      PCOOL      TCOOL      GKL        PITCH      Q1         Q2         Q3         Q4         Q5         Q6         Q7         Q8         Q9         Q10       
# (h)      (n/cmWs)   (MPa)      (Celsius)  (kg/s)     (mm)       (kW/m)     (kW/m)     (kW/m)     (kW/m)     (kW/m)     (kW/m)     (kW/m)     (kW/m)     (kW/m)     (kW/m)    
# ===============================================================================================================================================================================
0          4.889e+12  15.8       291.7      1.148e+06  12.70      13.651     21.534     23.799     24.873     25.445     25.510     25.034     23.863     20.848     11.219    
144        4.902e+12  15.8       291.7      1.148e+06  12.70      16.589     24.432     25.586     25.281     24.845     24.228     23.428     22.303     19.761     11.026    
1440       4.867e+12  15.8       291.7      1.148e+06  12.70      17.856     24.922     25.257     24.812     24.352     23.890     23.389     22.706     20.733     12.091    
3045.6     4.841e+12  15.8       291.7      1.148e+06  12.70      18.652     24.606     24.323     23.765     23.370     23.112     23.017     23.126     22.744     14.606    
4900.8     4.590e+12  15.8       273.3      1.198e+06  12.70      12.061     15.592     15.974     16.537     17.370     18.370     19.562     21.066     22.597     15.809    
4904.6     4.593e+12  15.8       283.4      1.171e+06  12.70      5.665      7.614      8.210      8.989      9.997      11.183     12.555     14.162     15.727     11.166    
4906.6     4.877e+12  15.8       291.7      1.148e+06  12.70      18.716     27.462     29.450     29.850     29.197     28.025     26.398     24.307     21.018     12.074    
5049.6     4.883e+12  15.8       291.7      1.148e+06  12.70      21.352     29.558     30.402     29.499     28.294     26.858     25.279     23.479     20.660     12.225    
6465.6     4.882e+12  15.8       291.7      1.148e+06  12.70      21.164     27.817     27.992     27.428     26.758     26.049     25.312     24.476     22.785     14.312    
7291.2     4.876e+12  15.8       291.7      1.148e+06  12.70      21.503     27.571     27.353     26.726     26.115     25.546     25.034     24.563     23.514     15.375    
7928.6     4.766e+12  15.8       283.2      1.172e+06  12.70      18.483     23.584     23.964     24.195     24.534     24.916     25.322     25.747     25.561     17.328    
7930.6     4.967e+12  15.8       291.7      1.142e+06  12.70      13.488     20.285     23.937     26.890     29.245     30.878     31.685     31.011     28.234     17.393    
8073.6     4.978e+12  15.8       291.7      1.142e+06  12.70      17.759     24.730     26.838     27.899     28.440     28.867     28.337     27.446     25.085     15.791    
12969.6    5.288e+12  15.8       291.7      1.142e+06  12.70      20.199     25.939     26.485     25.924     25.383     24.847     24.309     23.605     21.929     14.503    
15621.6    5.375e+12  15.8       291.7      1.142e+06  12.70      19.930     24.054     23.749     23.411     23.329     23.443     23.729     24.137     23.964     16.873    
16407.8    5.238e+12  15.8       281.2      1.172e+06  12.70      16.346     19.648     19.840     20.280     21.042     22.015     23.186     24.570     25.754     18.821    
16409.8    5.804e+12  15.8       291.7      1.148e+06  12.70      8.141      11.332     13.467     15.902     18.526     21.159     23.631     25.749     27.181     21.772    
16552.8    5.812e+12  15.8       291.7      1.148e+06  12.70      12.091     15.589     16.858     18.083     19.316     20.517     21.660     22.694     23.313     18.754    
21808.8    5.922e+12  15.8       291.7      1.148e+06  12.70      17.014     20.142     20.042     19.828     19.620     19.440     19.304     19.209     18.882     15.341    
23690.4    5.923e+12  15.8       291.7      1.148e+06  12.70      16.865     19.231     18.966     18.805     18.793     18.879     19.075     19.443     20.054     16.734    
24426.2    5.747e+12  15.8       281.1      1.178e+06  12.70      13.694     15.569     15.677     16.090     16.724     17.489     18.390     19.523     20.804     18.352    
24428.2    6.359e+12  15.8       291.7      1.144e+06  12.70      7.682      11.608     14.154     16.486     18.651     20.517     21.884     22.569     21.188     14.074    
24571.2    6.364e+12  15.8       291.7      1.144e+06  12.70      10.898     15.154     16.808     17.856     18.640     19.226     19.585     19.547     18.354     12.350    
28027.2    6.466e+12  15.8       291.7      1.144e+06  12.70      13.604     16.725     17.050     16.866     16.797     16.776     16.811     16.857     16.419     11.992    
30187.2    6.472e+12  15.8       291.7      1.144e+06  12.70      14.042     16.536     16.404     16.231     16.111     16.035     16.010     16.042     15.790     11.972    
31490.4    6.447e+12  15.8       291.7      1.144e+06  12.70      13.975     15.963     15.786     15.693     15.738     15.860     16.063     16.415     17.139     13.310    
31911.8    6.349e+12  15.8       286.4      1.160e+06  12.70      11.907     13.638     13.735     14.035     14.515     15.086     15.742     16.553     17.393     14.155    
31913.8    6.689e+12  15.8       291.7      1.146e+06  12.70      0.678      0.990      1.214      1.420      1.612      1.778      1.901      1.964      1.869      1.484     
32056.8    6.311e+12  15.8       291.7      1.146e+06  12.70      1.061      1.427      1.597      1.710      1.796      1.864      1.909      1.914      1.831      1.482     
35512.8    5.682e+12  15.8       291.7      1.146e+06  12.70      1.663      2.018      2.077      2.092      2.104      2.120      2.142      2.164      2.147      1.850     
37312.8    5.357e+12  15.8       291.7      1.146e+06  12.70      1.939      2.274      2.303      2.304      2.306      2.314      2.330      2.351      2.368      2.076     
39067.2    4.969e+12  15.8       291.7      1.146e+06  12.70      2.213      2.505      2.508      2.524      2.566      2.626      2.706      2.814      2.947      2.723     
40010.4    4.856e+12  15.8       281.2      1.175e+06  12.70      1.642      1.849      1.888      1.972      2.092      2.238      2.412      2.627      2.889      2.806     
