# ===============================================================================================================================================================================
# TIME     FASTF      PCOOL      TCOOL      GKL        PITCH      Q1         Q2         Q3         Q4         Q5         Q6         Q7         Q8         Q9         Q10       
# (h)      (n/cmWs)   (MPa)      (Celsius)  (kg/s)     (mm)       (kW/m)     (kW/m)     (kW/m)     (kW/m)     (kW/m)     (kW/m)     (kW/m)     (kW/m)     (kW/m)     (kW/m)    
# ===============================================================================================================================================================================
0          4.156e+12  15.8       291.7      1.148e+06  12.70      12.980     20.476     22.629     23.649     24.191     24.252     23.799     22.684     19.817     10.665    
144        4.177e+12  15.8       291.7      1.148e+06  12.70      15.919     23.444     24.551     24.259     23.839     23.246     22.478     21.398     18.960     10.579    
1440       4.235e+12  15.8       291.7      1.148e+06  12.70      16.874     23.550     23.867     23.446     23.012     22.575     22.101     21.455     19.591     11.426    
3045.6     4.276e+12  15.8       291.7      1.148e+06  12.70      17.491     23.074     22.809     22.285     21.915     21.673     21.584     21.686     21.328     13.697    
4900.8     4.108e+12  15.8       273.3      1.198e+06  12.70      11.040     14.272     14.622     15.137     15.900     16.815     17.906     19.283     20.685     14.472    
4904.6     4.112e+12  15.8       283.4      1.171e+06  12.70      5.168      6.947      7.490      8.201      9.121      10.202     11.455     12.921     14.349     10.188    
4906.6     4.562e+12  15.8       291.7      1.148e+06  12.70      19.071     27.984     30.010     30.418     29.754     28.560     26.902     24.771     21.419     12.303    
5049.6     4.574e+12  15.8       291.7      1.148e+06  12.70      21.958     30.397     31.265     30.336     29.097     27.621     25.998     24.146     21.247     12.571    
6465.6     4.631e+12  15.8       291.7      1.148e+06  12.70      21.611     28.405     28.583     28.008     27.324     26.600     25.847     24.993     23.267     14.615    
7291.2     4.650e+12  15.8       291.7      1.148e+06  12.70      21.859     28.026     27.805     27.168     26.547     25.969     25.448     24.970     23.903     15.629    
7928.6     4.563e+12  15.8       283.2      1.172e+06  12.70      18.644     23.789     24.174     24.406     24.748     25.133     25.543     25.972     25.784     17.479    
7930.6     5.125e+12  15.8       291.7      1.142e+06  12.70      12.503     18.805     22.191     24.932     27.117     28.633     29.383     28.760     26.185     16.132    
8073.6     5.123e+12  15.8       291.7      1.142e+06  12.70      16.463     22.925     24.880     25.865     26.367     26.764     26.274     25.448     23.259     14.642    
12969.6    5.304e+12  15.8       291.7      1.142e+06  12.70      19.447     24.973     25.499     24.960     24.438     23.922     23.403     22.725     21.112     13.962    
15621.6    5.383e+12  15.8       291.7      1.142e+06  12.70      19.226     23.204     22.911     22.584     22.505     22.614     22.890     23.283     23.116     16.275    
16407.8    5.246e+12  15.8       281.2      1.172e+06  12.70      15.789     18.979     19.164     19.589     20.325     21.264     22.396     23.731     24.875     18.177    
16409.8    5.652e+12  15.8       291.7      1.148e+06  12.70      8.412      11.710     13.916     16.433     19.145     21.868     24.425     26.615     28.097     22.506    
16552.8    5.654e+12  15.8       291.7      1.148e+06  12.70      12.484     16.097     17.408     18.674     19.948     21.189     22.372     23.441     24.082     19.373    
21808.8    5.812e+12  15.8       291.7      1.148e+06  12.70      17.742     21.004     20.900     20.677     20.461     20.273     20.132     20.034     19.693     16.000    
23690.4    5.844e+12  15.8       291.7      1.148e+06  12.70      17.531     19.992     19.716     19.549     19.536     19.626     19.829     20.212     20.849     17.397    
24426.2    5.684e+12  15.8       281.1      1.178e+06  12.70      14.212     16.158     16.270     16.699     17.357     18.151     19.086     20.261     21.592     19.048    
24428.2    6.361e+12  15.8       291.7      1.144e+06  12.70      7.264      10.976     13.382     15.586     17.632     19.394     20.686     21.331     20.025     13.299    
24571.2    6.333e+12  15.8       291.7      1.144e+06  12.70      10.376     14.429     16.003     17.000     17.746     18.303     18.644     18.607     17.470     11.754    
28027.2    6.323e+12  15.8       291.7      1.144e+06  12.70      13.192     16.218     16.534     16.355     16.288     16.268     16.301     16.346     15.921     11.628    
30187.2    6.311e+12  15.8       291.7      1.144e+06  12.70      13.663     16.089     15.961     15.792     15.676     15.602     15.578     15.609     15.364     11.648    
31490.4    6.296e+12  15.8       291.7      1.144e+06  12.70      13.606     15.543     15.370     15.279     15.323     15.442     15.640     15.984     16.688     12.960    
31911.8    6.203e+12  15.8       286.4      1.160e+06  12.70      11.568     13.250     13.343     13.636     14.102     14.657     15.294     16.082     16.899     13.752    
31913.8    6.590e+12  15.8       291.7      1.146e+06  12.70      1.035      1.512      1.854      2.169      2.461      2.715      2.903      3.000      2.855      2.266     
32056.8    6.478e+12  15.8       291.7      1.146e+06  12.70      1.570      2.112      2.363      2.530      2.658      2.759      2.825      2.833      2.709      2.193     
35512.8    6.230e+12  15.8       291.7      1.146e+06  12.70      2.295      2.785      2.865      2.887      2.903      2.926      2.956      2.987      2.963      2.553     
37312.8    6.140e+12  15.8       291.7      1.146e+06  12.70      2.553      2.993      3.032      3.033      3.036      3.047      3.067      3.096      3.117      2.732     
39067.2    6.011e+12  15.8       291.7      1.146e+06  12.70      2.765      3.130      3.134      3.154      3.207      3.282      3.381      3.516      3.683      3.402     
40010.4    5.853e+12  15.8       281.2      1.175e+06  12.70      2.082      2.343      2.394      2.499      2.652      2.838      3.057      3.330      3.663      3.557     
