# ===============================================================================================================================================================================
# TIME     FASTF      PCOOL      TCOOL      GKL        PITCH      Q1         Q2         Q3         Q4         Q5         Q6         Q7         Q8         Q9         Q10       
# (h)      (n/cmWs)   (MPa)      (Celsius)  (kg/s)     (mm)       (kW/m)     (kW/m)     (kW/m)     (kW/m)     (kW/m)     (kW/m)     (kW/m)     (kW/m)     (kW/m)     (kW/m)    
# ===============================================================================================================================================================================
0          5.030e+12  15.8       291.7      1.148e+06  12.70      13.800     21.770     24.059     25.143     25.720     25.785     25.302     24.117     21.069     11.338    
144        5.052e+12  15.8       291.7      1.148e+06  12.70      16.690     24.580     25.740     25.434     24.994     24.372     23.567     22.435     19.878     11.091    
1440       5.026e+12  15.8       291.7      1.148e+06  12.70      17.894     24.974     25.310     24.864     24.403     23.940     23.438     22.753     20.776     12.117    
3045.6     5.011e+12  15.8       291.7      1.148e+06  12.70      18.613     24.554     24.271     23.714     23.321     23.064     22.968     23.077     22.696     14.576    
4900.8     4.743e+12  15.8       273.3      1.198e+06  12.70      12.052     15.581     15.962     16.525     17.357     18.357     19.548     21.051     22.581     15.799    
4904.6     4.753e+12  15.8       283.4      1.171e+06  12.70      5.668      7.619      8.214      8.995      10.004     11.190     12.563     14.172     15.737     11.174    
4906.6     4.695e+12  15.8       291.7      1.148e+06  12.70      19.687     28.888     30.980     31.401     30.715     29.483     27.771     25.571     22.111     12.701    
5049.6     4.703e+12  15.8       291.7      1.148e+06  12.70      22.483     31.123     32.013     31.062     29.793     28.281     26.619     24.723     21.755     12.871    
6465.6     4.719e+12  15.8       291.7      1.148e+06  12.70      22.170     29.139     29.322     28.732     28.030     27.287     26.515     25.639     23.868     14.992    
7291.2     4.725e+12  15.8       291.7      1.148e+06  12.70      22.455     28.791     28.563     27.909     27.271     26.677     26.142     25.651     24.555     16.055    
7928.6     4.628e+12  15.8       283.2      1.172e+06  12.70      19.242     24.552     24.949     25.189     25.542     25.939     26.362     26.804     26.611     18.039    
7930.6     5.034e+12  15.8       291.7      1.142e+06  12.70      13.497     20.299     23.955     26.914     29.273     30.909     31.719     31.046     28.267     17.414    
8073.6     5.046e+12  15.8       291.7      1.142e+06  12.70      17.756     24.727     26.835     27.897     28.439     28.867     28.338     27.447     25.087     15.793    
12969.6    5.375e+12  15.8       291.7      1.142e+06  12.70      20.198     25.938     26.484     25.924     25.382     24.846     24.308     23.603     21.928     14.502    
15621.6    5.456e+12  15.8       291.7      1.142e+06  12.70      19.943     24.070     23.765     23.426     23.344     23.458     23.743     24.152     23.978     16.882    
16407.8    5.315e+12  15.8       281.2      1.172e+06  12.70      16.373     19.681     19.873     20.314     21.077     22.051     23.225     24.610     25.795     18.850    
16409.8    5.823e+12  15.8       291.7      1.148e+06  12.70      8.052      11.209     13.321     15.731     18.327     20.933     23.380     25.477     26.896     21.544    
16552.8    5.830e+12  15.8       291.7      1.148e+06  12.70      11.974     15.439     16.697     17.911     19.133     20.324     21.457     22.483     23.097     18.581    
21808.8    5.922e+12  15.8       291.7      1.148e+06  12.70      16.923     20.035     19.935     19.722     19.516     19.337     19.202     19.109     18.783     15.261    
23690.4    5.924e+12  15.8       291.7      1.148e+06  12.70      16.787     19.143     18.879     18.719     18.707     18.792     18.987     19.354     19.964     16.658    
24426.2    5.748e+12  15.8       281.1      1.178e+06  12.70      13.620     15.485     15.593     16.003     16.635     17.395     18.291     19.418     20.693     18.255    
24428.2    6.327e+12  15.8       291.7      1.144e+06  12.70      7.629      11.527     14.054     16.369     18.518     20.368     21.725     22.403     21.031     13.968    
24571.2    6.335e+12  15.8       291.7      1.144e+06  12.70      10.816     15.040     16.681     17.721     18.498     19.078     19.434     19.396     18.210     12.253    
28027.2    6.460e+12  15.8       291.7      1.144e+06  12.70      13.471     16.561     16.884     16.701     16.633     16.612     16.646     16.691     16.258     11.874    
30187.2    6.475e+12  15.8       291.7      1.144e+06  12.70      13.894     16.362     16.231     16.059     15.941     15.866     15.842     15.874     15.624     11.845    
31490.4    6.455e+12  15.8       291.7      1.144e+06  12.70      13.831     15.799     15.624     15.531     15.576     15.697     15.898     16.247     16.963     13.174    
31911.8    6.353e+12  15.8       286.4      1.160e+06  12.70      11.784     13.497     13.593     13.890     14.365     14.930     15.579     16.383     17.214     14.009    
31913.8    6.515e+12  15.8       291.7      1.146e+06  12.70      0.605      0.883      1.083      1.267      1.437      1.586      1.695      1.752      1.667      1.323     
32056.8    6.157e+12  15.8       291.7      1.146e+06  12.70      0.951      1.280      1.432      1.533      1.610      1.671      1.712      1.716      1.641      1.329     
35512.8    5.516e+12  15.8       291.7      1.146e+06  12.70      1.505      1.826      1.879      1.893      1.904      1.919      1.939      1.959      1.943      1.674     
37312.8    5.199e+12  15.8       291.7      1.146e+06  12.70      1.765      2.070      2.096      2.097      2.100      2.107      2.121      2.141      2.155      1.889     
39067.2    4.828e+12  15.8       291.7      1.146e+06  12.70      2.031      2.299      2.302      2.316      2.355      2.411      2.483      2.582      2.705      2.499     
40010.4    4.708e+12  15.8       281.2      1.175e+06  12.70      1.506      1.695      1.732      1.808      1.919      2.053      2.212      2.409      2.650      2.573     
