# ===============================================================================================================================================================================
# TIME     FASTF      PCOOL      TCOOL      GKL        PITCH      Q1         Q2         Q3         Q4         Q5         Q6         Q7         Q8         Q9         Q10       
# (h)      (n/cmWs)   (MPa)      (Celsius)  (kg/s)     (mm)       (kW/m)     (kW/m)     (kW/m)     (kW/m)     (kW/m)     (kW/m)     (kW/m)     (kW/m)     (kW/m)     (kW/m)    
# ===============================================================================================================================================================================
0          4.509e+12  15.8       291.7      1.148e+06  12.70      15.566     24.555     27.136     28.359     29.010     29.083     28.539     27.202     23.764     12.789    
144        4.535e+12  15.8       291.7      1.148e+06  12.70      18.814     27.707     29.016     28.670     28.174     27.473     26.566     25.290     22.407     12.502    
1440       4.577e+12  15.8       291.7      1.148e+06  12.70      19.865     27.725     28.098     27.603     27.091     26.577     26.020     25.259     23.064     13.451    
3045.6     4.626e+12  15.8       291.7      1.148e+06  12.70      20.383     26.888     26.579     25.969     25.538     25.256     25.152     25.271     24.854     15.961    
4900.8     4.445e+12  15.8       273.3      1.198e+06  12.70      13.000     16.807     17.218     17.825     18.723     19.802     21.086     22.708     24.358     17.042    
4904.6     4.441e+12  15.8       283.4      1.171e+06  12.70      6.115      8.219      8.862      9.704      10.792     12.072     13.553     15.289     16.978     12.055    
4906.6     4.834e+12  15.8       291.7      1.148e+06  12.70      19.833     29.102     31.210     31.634     30.943     29.702     27.977     25.761     22.275     12.795    
5049.6     4.848e+12  15.8       291.7      1.148e+06  12.70      22.599     31.284     32.178     31.222     29.947     28.427     26.757     24.851     21.867     12.938    
6465.6     4.897e+12  15.8       291.7      1.148e+06  12.70      22.116     29.069     29.251     28.662     27.962     27.221     26.451     25.577     23.810     14.956    
7291.2     4.917e+12  15.8       291.7      1.148e+06  12.70      22.321     28.619     28.393     27.742     27.108     26.518     25.986     25.498     24.408     15.960    
7928.6     4.820e+12  15.8       283.2      1.172e+06  12.70      19.120     24.396     24.790     25.029     25.380     25.774     26.194     26.634     26.442     17.925    
7930.6     5.242e+12  15.8       291.7      1.142e+06  12.70      12.890     19.386     22.877     25.702     27.955     29.518     30.291     29.649     26.995     16.631    
8073.6     5.242e+12  15.8       291.7      1.142e+06  12.70      16.999     23.672     25.691     26.707     27.226     27.635     27.129     26.276     24.017     15.119    
12969.6    5.446e+12  15.8       291.7      1.142e+06  12.70      19.760     25.376     25.910     25.362     24.832     24.308     23.780     23.091     21.452     14.187    
15621.6    5.503e+12  15.8       291.7      1.142e+06  12.70      19.580     23.631     23.332     22.999     22.918     23.030     23.310     23.711     23.540     16.574    
16407.8    5.355e+12  15.8       281.2      1.172e+06  12.70      16.079     19.327     19.516     19.949     20.698     21.655     22.807     24.168     25.332     18.512    
16409.8    5.859e+12  15.8       291.7      1.148e+06  12.70      7.958      11.078     13.165     15.547     18.112     20.688     23.106     25.179     26.580     21.291    
16552.8    5.866e+12  15.8       291.7      1.148e+06  12.70      11.834     15.258     16.501     17.701     18.909     20.085     21.206     22.219     22.827     18.363    
21808.8    5.969e+12  15.8       291.7      1.148e+06  12.70      16.696     19.766     19.668     19.458     19.254     19.078     18.945     18.852     18.531     15.057    
23690.4    5.981e+12  15.8       291.7      1.148e+06  12.70      16.535     18.856     18.596     18.438     18.426     18.510     18.702     19.064     19.664     16.408    
24426.2    5.802e+12  15.8       281.1      1.178e+06  12.70      13.411     15.247     15.354     15.758     16.379     17.128     18.011     19.120     20.375     17.975    
24428.2    6.469e+12  15.8       291.7      1.144e+06  12.70      7.157      10.813     13.184     15.356     17.371     19.107     20.380     21.016     19.729     13.103    
24571.2    6.453e+12  15.8       291.7      1.144e+06  12.70      10.204     14.188     15.736     16.717     17.450     17.998     18.333     18.297     17.179     11.559    
28027.2    6.457e+12  15.8       291.7      1.144e+06  12.70      12.985     15.963     16.274     16.098     16.032     16.012     16.045     16.089     15.671     11.445    
30187.2    6.449e+12  15.8       291.7      1.144e+06  12.70      13.455     15.845     15.718     15.552     15.438     15.365     15.341     15.372     15.130     11.471    
31490.4    6.427e+12  15.8       291.7      1.144e+06  12.70      13.413     15.321     15.152     15.062     15.105     15.222     15.417     15.756     16.451     12.775    
31911.8    6.329e+12  15.8       286.4      1.160e+06  12.70      11.416     13.075     13.168     13.456     13.916     14.463     15.092     15.870     16.676     13.571    
31913.8    6.719e+12  15.8       291.7      1.146e+06  12.70      0.695      1.015      1.245      1.457      1.653      1.824      1.950      2.015      1.917      1.522     
32056.8    6.530e+12  15.8       291.7      1.146e+06  12.70      1.064      1.432      1.602      1.715      1.802      1.870      1.915      1.920      1.836      1.487     
35512.8    6.166e+12  15.8       291.7      1.146e+06  12.70      1.599      1.940      1.996      2.011      2.023      2.038      2.060      2.081      2.064      1.778     
37312.8    5.967e+12  15.8       291.7      1.146e+06  12.70      1.814      2.127      2.154      2.155      2.157      2.165      2.179      2.200      2.215      1.941     
39067.2    5.790e+12  15.8       291.7      1.146e+06  12.70      2.003      2.267      2.269      2.284      2.322      2.377      2.448      2.546      2.667      2.464     
40010.4    5.624e+12  15.8       281.2      1.175e+06  12.70      1.497      1.685      1.721      1.797      1.907      2.041      2.198      2.395      2.634      2.558     
