# ===============================================================================================================================================================================
# TIME     FASTF      PCOOL      TCOOL      GKL        PITCH      Q1         Q2         Q3         Q4         Q5         Q6         Q7         Q8         Q9         Q10       
# (h)      (n/cmWs)   (MPa)      (Celsius)  (kg/s)     (mm)       (kW/m)     (kW/m)     (kW/m)     (kW/m)     (kW/m)     (kW/m)     (kW/m)     (kW/m)     (kW/m)     (kW/m)    
# ===============================================================================================================================================================================
0          4.211e+12  15.8       291.7      1.148e+06  12.70      14.520     22.910     25.324     26.470     27.084     27.158     26.654     25.408     22.199     11.946    
144        4.229e+12  15.8       291.7      1.148e+06  12.70      17.728     26.113     27.352     27.031     26.569     25.913     25.059     23.857     21.138     11.794    
1440       4.273e+12  15.8       291.7      1.148e+06  12.70      18.814     26.265     26.623     26.157     25.676     25.192     24.665     23.945     21.865     12.752    
3045.6     4.313e+12  15.8       291.7      1.148e+06  12.70      19.454     25.670     25.379     24.799     24.389     24.123     24.024     24.138     23.739     15.245    
4900.8     4.153e+12  15.8       273.3      1.198e+06  12.70      12.355     15.975     16.368     16.946     17.801     18.827     20.048     21.590     23.160     16.203    
4904.6     4.157e+12  15.8       283.4      1.171e+06  12.70      5.788      7.780      8.389      9.186      10.217     11.429     12.832     14.475     16.074     11.413    
4906.6     5.106e+12  15.8       291.7      1.148e+06  12.70      18.633     27.349     29.337     29.740     29.092     27.924     26.301     24.213     20.930     12.020    
5049.6     5.119e+12  15.8       291.7      1.148e+06  12.70      21.153     29.290     30.133     29.243     28.051     26.627     25.061     23.272     20.473     12.111    
6465.6     5.143e+12  15.8       291.7      1.148e+06  12.70      20.809     27.357     27.536     26.985     26.328     25.631     24.905     24.080     22.412     14.076    
7291.2     5.150e+12  15.8       291.7      1.148e+06  12.70      21.074     27.028     26.820     26.209     25.612     25.056     24.553     24.090     23.057     15.074    
7928.6     5.040e+12  15.8       283.2      1.172e+06  12.70      18.163     23.182     23.562     23.792     24.128     24.504     24.903     25.320     25.133     17.036    
7930.6     5.023e+12  15.8       291.7      1.142e+06  12.70      13.726     20.650     24.355     27.337     29.702     31.328     32.113     31.390     28.538     17.542    
8073.6     5.028e+12  15.8       291.7      1.142e+06  12.70      18.055     25.152     27.282     28.339     28.862     29.272     28.705     27.773     25.352     15.927    
12969.6    5.314e+12  15.8       291.7      1.142e+06  12.70      20.501     26.330     26.876     26.297     25.740     25.190     24.637     23.917     22.210     14.674    
15621.6    5.397e+12  15.8       291.7      1.142e+06  12.70      20.154     24.305     23.993     23.652     23.571     23.689     23.981     24.398     24.229     17.056    
16407.8    5.261e+12  15.8       281.2      1.172e+06  12.70      16.533     19.859     20.049     20.496     21.268     22.255     23.443     24.845     26.048     19.036    
16409.8    5.725e+12  15.8       291.7      1.148e+06  12.70      7.953      11.056     13.140     15.522     18.091     20.674     23.104     25.194     26.644     21.382    
16552.8    5.730e+12  15.8       291.7      1.148e+06  12.70      11.871     15.285     16.531     17.741     18.960     20.150     21.286     22.318     22.956     18.511    
21808.8    5.855e+12  15.8       291.7      1.148e+06  12.70      16.982     20.089     19.992     19.785     19.585     19.413     19.285     19.200     18.888     15.372    
23690.4    5.874e+12  15.8       291.7      1.148e+06  12.70      16.825     19.175     18.913     18.757     18.751     18.843     19.045     19.421     20.053     16.753    
24426.2    5.706e+12  15.8       281.1      1.178e+06  12.70      13.602     15.454     15.563     15.976     16.610     17.375     18.276     19.409     20.697     18.285    
24428.2    6.364e+12  15.8       291.7      1.144e+06  12.70      7.054      9.872      11.746     13.612     15.400     16.982     18.218     19.037     18.539     14.060    
24571.2    6.341e+12  15.8       291.7      1.144e+06  12.70      10.009     12.954     14.051     14.880     15.561     16.111     16.516     16.797     16.224     12.436    
28027.2    6.320e+12  15.8       291.7      1.144e+06  12.70      13.213     15.744     15.861     15.766     15.671     15.613     15.604     15.614     15.296     12.176    
30187.2    6.317e+12  15.8       291.7      1.144e+06  12.70      14.068     16.552     16.446     16.205     15.974     15.771     15.603     15.459     15.027     12.055    
31490.4    6.301e+12  15.8       291.7      1.144e+06  12.70      13.861     15.823     15.677     15.598     15.646     15.753     15.910     16.154     16.360     13.511    
31911.8    6.198e+12  15.8       286.4      1.160e+06  12.70      11.677     13.368     13.507     13.843     14.350     14.934     15.579     16.327     17.197     14.416    
31913.8    6.654e+12  15.8       291.7      1.146e+06  12.70      4.087      5.898      7.112      8.204      9.187      10.007     10.572     10.811     10.273     7.919     
32056.8    6.583e+12  15.8       291.7      1.146e+06  12.70      5.724      7.613      8.378      8.861      9.210      9.463      9.645      9.563      9.147      7.211     
35512.8    6.518e+12  15.8       291.7      1.146e+06  12.70      7.531      9.318      9.623      9.540      9.491      9.457      9.444      9.411      9.169      7.500     
37312.8    6.489e+12  15.8       291.7      1.146e+06  12.70      8.082      9.913      10.151     9.975      9.840      9.721      9.625      9.522      9.228      7.594     
39067.2    6.432e+12  15.8       291.7      1.146e+06  12.70      8.105      9.623      9.666      9.685      9.795      9.966      10.187     10.451     10.613     9.003     
40010.4    6.263e+12  15.8       281.2      1.175e+06  12.70      6.104      7.222      7.428      7.753      8.215      8.769      9.411      10.167     10.864     9.672     
