# ===============================================================================================================================================================================
# TIME     FASTF      PCOOL      TCOOL      GKL        PITCH      Q1         Q2         Q3         Q4         Q5         Q6         Q7         Q8         Q9         Q10       
# (h)      (n/cmWs)   (MPa)      (Celsius)  (kg/s)     (mm)       (kW/m)     (kW/m)     (kW/m)     (kW/m)     (kW/m)     (kW/m)     (kW/m)     (kW/m)     (kW/m)     (kW/m)    
# ===============================================================================================================================================================================
0          4.540e+12  15.8       291.7      1.148e+06  12.70      14.181     22.376     24.734     25.855     26.455     26.528     26.036     24.819     21.684     11.669    
144        4.548e+12  15.8       291.7      1.148e+06  12.70      17.310     25.498     26.708     26.395     25.944     25.303     24.470     23.296     20.641     11.516    
1440       4.532e+12  15.8       291.7      1.148e+06  12.70      18.604     25.972     26.326     25.866     25.390     24.911     24.390     23.678     21.621     12.608    
3045.6     4.521e+12  15.8       291.7      1.148e+06  12.70      19.421     25.626     25.335     24.756     24.347     24.081     23.982     24.096     23.698     15.218    
4900.8     4.315e+12  15.8       273.3      1.198e+06  12.70      12.452     16.101     16.498     17.080     17.941     18.975     20.206     21.760     23.342     16.329    
4904.6     4.326e+12  15.8       283.4      1.171e+06  12.70      5.838      7.848      8.462      9.266      10.306     11.528     12.943     14.600     16.213     11.511    
4906.6     5.492e+12  15.8       291.7      1.148e+06  12.70      16.768     24.611     26.399     26.761     26.178     25.127     23.666     21.786     18.832     10.815    
5049.6     5.502e+12  15.8       291.7      1.148e+06  12.70      19.083     26.423     27.184     26.380     25.305     24.020     22.607     20.993     18.468     10.925    
6465.6     5.464e+12  15.8       291.7      1.148e+06  12.70      19.026     25.013     25.176     24.672     24.072     23.434     22.771     22.017     20.492     12.870    
7291.2     5.436e+12  15.8       291.7      1.148e+06  12.70      19.408     24.891     24.699     24.137     23.588     23.075     22.612     22.185     21.234     13.883    
7928.6     5.294e+12  15.8       283.2      1.172e+06  12.70      16.766     21.398     21.749     21.961     22.272     22.619     22.988     23.373     23.201     15.727    
7930.6     4.947e+12  15.8       291.7      1.142e+06  12.70      13.369     20.113     23.722     26.627     28.930     30.514     31.279     30.575     27.798     17.088    
8073.6     4.956e+12  15.8       291.7      1.142e+06  12.70      17.610     24.532     26.610     27.640     28.151     28.551     27.997     27.088     24.728     15.536    
12969.6    5.270e+12  15.8       291.7      1.142e+06  12.70      19.859     25.505     26.034     25.473     24.933     24.401     23.865     23.167     21.514     14.214    
15621.6    5.354e+12  15.8       291.7      1.142e+06  12.70      19.606     23.644     23.340     23.009     22.930     23.044     23.328     23.734     23.569     16.592    
16407.8    5.224e+12  15.8       281.2      1.172e+06  12.70      16.071     19.303     19.488     19.922     20.673     21.632     22.787     24.150     25.319     18.503    
16409.8    5.720e+12  15.8       291.7      1.148e+06  12.70      8.115      11.281     13.407     15.837     18.457     21.092     23.570     25.701     27.178     21.810    
16552.8    5.728e+12  15.8       291.7      1.148e+06  12.70      12.113     15.596     16.868     18.102     19.345     20.558     21.717     22.769     23.418     18.882    
21808.8    5.905e+12  15.8       291.7      1.148e+06  12.70      17.408     20.593     20.494     20.281     20.076     19.899     19.768     19.681     19.360     15.756    
23690.4    5.924e+12  15.8       291.7      1.148e+06  12.70      17.267     19.679     19.410     19.250     19.244     19.338     19.546     19.932     20.580     17.193    
24426.2    5.757e+12  15.8       281.1      1.178e+06  12.70      13.955     15.854     15.966     16.389     17.040     17.824     18.749     19.912     21.233     18.758    
24428.2    6.356e+12  15.8       291.7      1.144e+06  12.70      8.345      11.683     13.907     16.125     18.253     20.140     21.615     22.596     22.013     16.702    
24571.2    6.345e+12  15.8       291.7      1.144e+06  12.70      11.639     15.065     16.346     17.317     18.114     18.760     19.236     19.569     18.905     14.494    
28027.2    6.426e+12  15.8       291.7      1.144e+06  12.70      15.223     18.139     18.275     18.166     18.057     17.992     17.982     17.994     17.628     14.033    
30187.2    6.450e+12  15.8       291.7      1.144e+06  12.70      16.336     19.220     19.097     18.816     18.547     18.310     18.114     17.946     17.444     13.996    
31490.4    6.438e+12  15.8       291.7      1.144e+06  12.70      16.019     18.287     18.117     18.025     18.078     18.198     18.376     18.654     18.889     15.599    
31911.8    6.332e+12  15.8       286.4      1.160e+06  12.70      13.575     15.542     15.703     16.092     16.679     17.355     18.102     18.968     19.975     16.744    
31913.8    7.824e+12  15.8       291.7      1.146e+06  12.70      0.257      0.370      0.447      0.515      0.577      0.628      0.664      0.679      0.645      0.498     
32056.8    7.038e+12  15.8       291.7      1.146e+06  12.70      0.416      0.553      0.609      0.644      0.669      0.687      0.701      0.695      0.665      0.524     
35512.8    5.855e+12  15.8       291.7      1.146e+06  12.70      0.717      0.887      0.915      0.907      0.903      0.899      0.898      0.895      0.872      0.714     
37312.8    5.294e+12  15.8       291.7      1.146e+06  12.70      0.887      1.088      1.114      1.094      1.079      1.066      1.056      1.045      1.013      0.834     
39067.2    4.716e+12  15.8       291.7      1.146e+06  12.70      1.052      1.249      1.254      1.257      1.271      1.293      1.322      1.356      1.378      1.169     
40010.4    4.649e+12  15.8       281.2      1.175e+06  12.70      0.758      0.896      0.922      0.962      1.019      1.088      1.168      1.262      1.349      1.202     
