# ===============================================================================================================================================================================
# TIME     FASTF      PCOOL      TCOOL      GKL        PITCH      Q1         Q2         Q3         Q4         Q5         Q6         Q7         Q8         Q9         Q10       
# (h)      (n/cmWs)   (MPa)      (Celsius)  (kg/s)     (mm)       (kW/m)     (kW/m)     (kW/m)     (kW/m)     (kW/m)     (kW/m)     (kW/m)     (kW/m)     (kW/m)     (kW/m)    
# ===============================================================================================================================================================================
0          4.320e+12  15.8       291.7      1.148e+06  12.70      10.875     16.729     18.411     19.273     19.770     19.875     19.557     18.717     16.553     9.220     
144        4.321e+12  15.8       291.7      1.148e+06  12.70      13.582     19.546     20.377     20.145     19.827     19.362     18.751     17.896     16.009     9.202     
1440       4.297e+12  15.8       291.7      1.148e+06  12.70      14.717     20.053     20.232     19.890     19.554     19.216     18.848     18.353     16.926     10.178    
3045.6     4.259e+12  15.8       291.7      1.148e+06  12.70      15.574     20.058     19.752     19.317     19.030     18.854     18.814     18.964     18.839     12.471    
4900.8     4.052e+12  15.8       273.3      1.198e+06  12.70      9.698      12.232     12.496     12.960     13.648     14.472     15.457     16.721     18.169     13.178    
4904.6     4.067e+12  15.8       283.4      1.171e+06  12.70      4.536      5.944      6.387      7.003      7.805      8.750      9.850      11.160     12.579     9.259     
4906.6     5.377e+12  15.8       291.7      1.148e+06  12.70      14.986     22.733     24.616     25.063     24.609     23.718     22.426     20.698     17.807     9.949     
5049.6     5.387e+12  15.8       291.7      1.148e+06  12.70      16.629     23.844     24.849     24.293     23.455     22.409     21.220     19.801     17.386     10.041    
6465.6     5.371e+12  15.8       291.7      1.148e+06  12.70      16.955     23.192     23.756     23.247     22.735     22.176     21.577     20.845     19.201     11.671    
7291.2     5.358e+12  15.8       291.7      1.148e+06  12.70      17.281     23.034     23.213     22.767     22.289     21.833     21.409     20.963     19.796     12.472    
7928.6     5.228e+12  15.8       283.2      1.172e+06  12.70      15.046     20.048     20.594     20.827     21.115     21.431     21.758     22.163     21.545     14.020    
7930.6     5.942e+12  15.8       291.7      1.148e+06  12.70      9.370      14.115     16.801     19.553     22.351     25.004     27.294     28.905     28.799     19.235    
8073.6     5.946e+12  15.8       291.7      1.148e+06  12.70      13.279     18.458     19.997     21.191     22.281     23.270     24.117     24.687     24.211     16.279    
13329.6    5.943e+12  15.8       291.7      1.148e+06  12.70      19.197     24.016     24.056     23.632     23.180     22.761     22.383     21.982     20.999     14.613    
15211.2    5.913e+12  15.8       291.7      1.148e+06  12.70      19.159     23.120     22.794     22.480     22.324     22.280     22.352     22.559     22.480     16.400    
15947      5.723e+12  15.8       281.1      1.178e+06  12.70      15.990     19.198     19.401     19.814     20.471     21.270     22.208     23.342     24.504     18.488    
15949      5.306e+12  15.8       291.7      1.146e+06  12.70      9.712      13.191     15.553     18.319     21.232     24.005     26.394     28.218     29.464     23.894    
16092      5.316e+12  15.8       291.7      1.146e+06  12.70      14.327     18.089     19.414     20.741     22.010     23.128     24.041     24.727     25.075     20.453    
19548      5.464e+12  15.8       291.7      1.146e+06  12.70      18.850     22.267     22.329     22.243     22.164     22.106     22.080     22.075     21.847     17.957    
21348      5.524e+12  15.8       291.7      1.146e+06  12.70      19.649     23.114     22.955     22.644     22.323     22.026     21.766     21.529     21.047     17.256    
23102.4    5.548e+12  15.8       291.7      1.146e+06  12.70      19.093     21.724     21.465     21.302     21.290     21.385     21.594     21.963     22.561     18.921    
24045.6    5.379e+12  15.8       281.2      1.175e+06  12.70      13.777     15.653     15.891     16.467     17.285     18.263     19.407     20.805     22.369     20.079    
