# ===============================================================================================================================================================================
# TIME     FASTF      PCOOL      TCOOL      GKL        PITCH      Q1         Q2         Q3         Q4         Q5         Q6         Q7         Q8         Q9         Q10       
# (h)      (n/cmWs)   (MPa)      (Celsius)  (kg/s)     (mm)       (kW/m)     (kW/m)     (kW/m)     (kW/m)     (kW/m)     (kW/m)     (kW/m)     (kW/m)     (kW/m)     (kW/m)    
# ===============================================================================================================================================================================
0          4.359e+12  15.8       291.7      1.144e+06  12.70      8.330      13.949     16.763     18.963     20.789     22.148     22.942     22.617     20.379     12.221    
144        4.366e+12  15.8       291.7      1.144e+06  12.70      11.481     17.554     19.164     19.803     20.095     20.157     19.977     19.364     17.484     10.788    
3600       4.437e+12  15.8       291.7      1.144e+06  12.70      14.513     19.801     19.923     19.405     18.871     18.398     17.987     17.538     16.368     10.864    
5760       4.478e+12  15.8       291.7      1.144e+06  12.70      15.166     20.110     19.914     19.280     18.668     18.110     17.605     17.096     15.995     10.887    
7063.2     4.500e+12  15.8       291.7      1.144e+06  12.70      14.912     19.142     18.827     18.429     18.175     17.994     17.866     17.795     17.289     12.217    
7484.6     4.440e+12  15.8       286.4      1.160e+06  12.70      12.748     16.363     16.479     16.626     16.949     17.343     17.779     18.266     18.273     13.210    
7486.6     4.907e+12  15.8       291.7      1.146e+06  12.70      12.249     18.727     22.322     25.797     29.040     31.732     33.546     34.250     31.984     19.620    
7629.6     4.914e+12  15.8       291.7      1.146e+06  12.70      17.286     24.389     26.475     27.896     28.966     29.675     30.059     29.628     27.602     17.157    
11085.6    5.050e+12  15.8       291.7      1.146e+06  12.70      20.741     26.106     26.192     25.916     25.640     25.395     25.185     24.939     23.902     16.061    
12885.6    5.108e+12  15.8       291.7      1.146e+06  12.70      20.880     25.497     25.250     24.835     24.444     24.089     23.780     23.487     22.612     15.629    
14640      5.145e+12  15.8       291.7      1.146e+06  12.70      20.106     23.497     23.147     22.979     23.036     23.216     23.508     23.966     24.319     17.751    
15583.2    4.999e+12  15.8       281.2      1.175e+06  12.70      14.715     17.148     17.357     17.995     18.944     20.076     21.389     22.982     24.886     19.087    
