# ===============================================================================================================================================================================
# TIME     FASTF      PCOOL      TCOOL      GKL        PITCH      Q1         Q2         Q3         Q4         Q5         Q6         Q7         Q8         Q9         Q10       
# (h)      (n/cmWs)   (MPa)      (Celsius)  (kg/s)     (mm)       (kW/m)     (kW/m)     (kW/m)     (kW/m)     (kW/m)     (kW/m)     (kW/m)     (kW/m)     (kW/m)     (kW/m)    
# ===============================================================================================================================================================================
0          4.196e+12  15.8       291.7      1.146e+06  12.70      9.333      15.399     18.434     20.782     22.675     24.008     24.673     24.111     21.642     13.188    
144        4.211e+12  15.8       291.7      1.146e+06  12.70      12.782     19.307     21.043     21.722     21.992     21.981     21.667     20.860     18.780     11.764    
3600       4.316e+12  15.8       291.7      1.146e+06  12.70      15.814     21.496     21.696     21.172     20.595     20.065     19.578     19.024     17.718     11.878    
5400       4.365e+12  15.8       291.7      1.146e+06  12.70      16.345     21.701     21.685     21.028     20.348     19.718     19.139     18.534     17.293     11.833    
7154.4     4.408e+12  15.8       291.7      1.146e+06  12.70      15.978     20.381     20.093     19.767     19.627     19.592     19.630     19.716     19.290     13.807    
8097.6     4.295e+12  15.8       281.2      1.175e+06  12.70      11.988     15.208     15.467     15.905     16.592     17.416     18.358     19.442     20.204     15.146    
