# ===============================================================================================================================================================================
# TIME     FASTF      PCOOL      TCOOL      GKL        PITCH      Q1         Q2         Q3         Q4         Q5         Q6         Q7         Q8         Q9         Q10       
# (h)      (n/cmWs)   (MPa)      (Celsius)  (kg/s)     (mm)       (kW/m)     (kW/m)     (kW/m)     (kW/m)     (kW/m)     (kW/m)     (kW/m)     (kW/m)     (kW/m)     (kW/m)    
# ===============================================================================================================================================================================
0          4.204e+12  15.8       291.7      1.146e+06  12.70      12.237     20.190     24.169     27.247     29.729     31.477     32.349     31.611     28.375     17.291    
144        4.225e+12  15.8       291.7      1.146e+06  12.70      16.581     25.046     27.298     28.180     28.530     28.515     28.108     27.060     24.363     15.261    
3600       4.396e+12  15.8       291.7      1.146e+06  12.70      20.205     27.466     27.720     27.051     26.314     25.637     25.015     24.307     22.638     15.177    
5400       4.478e+12  15.8       291.7      1.146e+06  12.70      20.851     27.684     27.664     26.826     25.959     25.155     24.416     23.645     22.062     15.095    
7154.4     4.547e+12  15.8       291.7      1.146e+06  12.70      20.148     25.699     25.336     24.925     24.748     24.704     24.752     24.860     24.323     17.409    
8097.6     4.438e+12  15.8       281.2      1.175e+06  12.70      15.104     19.162     19.487     20.039     20.905     21.943     23.130     24.496     25.456     19.083    
