# ===============================================================================================================================================================================
# TIME     FASTF      PCOOL      TCOOL      GKL        PITCH      Q1         Q2         Q3         Q4         Q5         Q6         Q7         Q8         Q9         Q10       
# (h)      (n/cmWs)   (MPa)      (Celsius)  (kg/s)     (mm)       (kW/m)     (kW/m)     (kW/m)     (kW/m)     (kW/m)     (kW/m)     (kW/m)     (kW/m)     (kW/m)     (kW/m)    
# ===============================================================================================================================================================================
0          4.458e+12  15.8       291.7      1.146e+06  12.70      10.629     17.536     20.992     23.666     25.822     27.340     28.097     27.456     24.645     15.018    
144        4.475e+12  15.8       291.7      1.146e+06  12.70      14.531     21.949     23.923     24.695     25.002     24.990     24.633     23.714     21.350     13.374    
3600       4.610e+12  15.8       291.7      1.146e+06  12.70      17.621     23.954     24.176     23.592     22.950     22.359     21.817     21.199     19.743     13.236    
5400       4.671e+12  15.8       291.7      1.146e+06  12.70      18.033     23.942     23.925     23.200     22.450     21.755     21.116     20.449     19.080     13.055    
7154.4     4.715e+12  15.8       291.7      1.146e+06  12.70      17.537     22.369     22.053     21.695     21.541     21.502     21.544     21.638     21.171     15.153    
8097.6     4.590e+12  15.8       281.2      1.175e+06  12.70      13.141     16.672     16.955     17.435     18.188     19.091     20.125     21.313     22.148     16.603    
