# ===============================================================================================================================================================================
# TIME     FASTF      PCOOL      TCOOL      GKL        PITCH      Q1         Q2         Q3         Q4         Q5         Q6         Q7         Q8         Q9         Q10       
# (h)      (n/cmWs)   (MPa)      (Celsius)  (kg/s)     (mm)       (kW/m)     (kW/m)     (kW/m)     (kW/m)     (kW/m)     (kW/m)     (kW/m)     (kW/m)     (kW/m)     (kW/m)    
# ===============================================================================================================================================================================
0          4.295e+12  15.8       291.7      1.146e+06  12.70      12.146     20.039     23.989     27.044     29.507     31.242     32.107     31.375     28.163     17.161    
144        4.313e+12  15.8       291.7      1.146e+06  12.70      16.444     24.839     27.072     27.947     28.294     28.280     27.876     26.836     24.161     15.135    
3600       4.492e+12  15.8       291.7      1.146e+06  12.70      20.073     27.287     27.540     26.875     26.143     25.470     24.852     24.149     22.490     15.078    
5400       4.574e+12  15.8       291.7      1.146e+06  12.70      20.757     27.558     27.538     26.704     25.841     25.040     24.305     23.537     21.961     15.027    
7154.4     4.641e+12  15.8       291.7      1.146e+06  12.70      20.071     25.602     25.240     24.830     24.654     24.610     24.658     24.766     24.230     17.343    
8097.6     4.525e+12  15.8       281.2      1.175e+06  12.70      15.055     19.100     19.424     19.975     20.837     21.872     23.055     24.417     25.374     19.021    
