# ===============================================================================================================================================================================
# TIME     FASTF      PCOOL      TCOOL      GKL        PITCH      Q1         Q2         Q3         Q4         Q5         Q6         Q7         Q8         Q9         Q10       
# (h)      (n/cmWs)   (MPa)      (Celsius)  (kg/s)     (mm)       (kW/m)     (kW/m)     (kW/m)     (kW/m)     (kW/m)     (kW/m)     (kW/m)     (kW/m)     (kW/m)     (kW/m)    
# ===============================================================================================================================================================================
0          4.596e+12  15.8       291.7      1.146e+06  12.70      9.278      15.308     18.325     20.659     22.540     23.865     24.526     23.967     21.513     13.109    
144        4.610e+12  15.8       291.7      1.146e+06  12.70      12.680     19.153     20.875     21.550     21.817     21.806     21.495     20.694     18.631     11.671    
3600       4.726e+12  15.8       291.7      1.146e+06  12.70      15.655     21.281     21.478     20.960     20.389     19.864     19.382     18.834     17.540     11.759    
5400       4.773e+12  15.8       291.7      1.146e+06  12.70      16.178     21.480     21.464     20.813     20.141     19.517     18.944     18.345     17.117     11.712    
7154.4     4.811e+12  15.8       291.7      1.146e+06  12.70      15.815     20.173     19.888     19.566     19.427     19.392     19.430     19.514     19.093     13.666    
8097.6     4.676e+12  15.8       281.2      1.175e+06  12.70      11.885     15.078     15.335     15.769     16.450     17.267     18.201     19.276     20.032     15.016    
