# ===============================================================================================================================================================================
# TIME     FASTF      PCOOL      TCOOL      GKL        PITCH      Q1         Q2         Q3         Q4         Q5         Q6         Q7         Q8         Q9         Q10       
# (h)      (n/cmWs)   (MPa)      (Celsius)  (kg/s)     (mm)       (kW/m)     (kW/m)     (kW/m)     (kW/m)     (kW/m)     (kW/m)     (kW/m)     (kW/m)     (kW/m)     (kW/m)    
# ===============================================================================================================================================================================
0          4.204e+12  15.8       291.7      1.146e+06  12.70      12.961     21.384     25.598     28.858     31.487     33.338     34.261     33.480     30.052     18.313    
144        4.223e+12  15.8       291.7      1.146e+06  12.70      17.587     26.565     28.953     29.889     30.260     30.245     29.813     28.701     25.840     16.187    
3600       4.412e+12  15.8       291.7      1.146e+06  12.70      21.088     28.666     28.932     28.233     27.464     26.757     26.108     25.369     23.627     15.840    
5400       4.499e+12  15.8       291.7      1.146e+06  12.70      21.551     28.613     28.592     27.725     26.829     25.998     25.235     24.438     22.801     15.601    
7154.4     4.567e+12  15.8       291.7      1.146e+06  12.70      20.750     26.468     26.093     25.670     25.488     25.442     25.492     25.603     25.050     17.929    
8097.6     4.459e+12  15.8       281.2      1.175e+06  12.70      15.524     19.695     20.030     20.597     21.486     22.554     23.774     25.178     26.165     19.614    
