# ===============================================================================================================================================================================
# TIME     FASTF      PCOOL      TCOOL      GKL        PITCH      Q1         Q2         Q3         Q4         Q5         Q6         Q7         Q8         Q9         Q10       
# (h)      (n/cmWs)   (MPa)      (Celsius)  (kg/s)     (mm)       (kW/m)     (kW/m)     (kW/m)     (kW/m)     (kW/m)     (kW/m)     (kW/m)     (kW/m)     (kW/m)     (kW/m)    
# ===============================================================================================================================================================================
0          4.494e+12  15.8       291.7      1.146e+06  12.70      12.328     20.340     24.350     27.451     29.951     31.712     32.590     31.847     28.586     17.419    
144        4.505e+12  15.8       291.7      1.146e+06  12.70      16.815     25.399     27.683     28.577     28.932     28.918     28.505     27.442     24.706     15.476    
3600       4.621e+12  15.8       291.7      1.146e+06  12.70      20.367     27.686     27.943     27.268     26.526     25.843     25.216     24.502     22.820     15.299    
5400       4.679e+12  15.8       291.7      1.146e+06  12.70      20.836     27.664     27.644     26.806     25.939     25.136     24.398     23.627     22.045     15.084    
7154.4     4.724e+12  15.8       291.7      1.146e+06  12.70      20.134     25.682     25.319     24.908     24.732     24.687     24.736     24.843     24.307     17.397    
8097.6     4.600e+12  15.8       281.2      1.175e+06  12.70      15.032     19.070     19.395     19.944     20.805     21.838     23.020     24.379     25.335     18.992    
