# ===============================================================================================================================================================================
# TIME     FASTF      PCOOL      TCOOL      GKL        PITCH      Q1         Q2         Q3         Q4         Q5         Q6         Q7         Q8         Q9         Q10       
# (h)      (n/cmWs)   (MPa)      (Celsius)  (kg/s)     (mm)       (kW/m)     (kW/m)     (kW/m)     (kW/m)     (kW/m)     (kW/m)     (kW/m)     (kW/m)     (kW/m)     (kW/m)    
# ===============================================================================================================================================================================
0          4.638e+12  15.8       291.7      1.146e+06  12.70      12.665     20.896     25.014     28.200     30.768     32.577     33.479     32.716     29.367     17.895    
144        4.653e+12  15.8       291.7      1.146e+06  12.70      17.217     26.006     28.344     29.260     29.623     29.608     29.185     28.097     25.296     15.846    
3600       4.781e+12  15.8       291.7      1.146e+06  12.70      20.902     28.413     28.677     27.984     27.222     26.521     25.878     25.146     23.419     15.700    
5400       4.848e+12  15.8       291.7      1.146e+06  12.70      21.483     28.523     28.502     27.638     26.745     25.917     25.155     24.361     22.730     15.553    
7154.4     4.896e+12  15.8       291.7      1.146e+06  12.70      20.721     26.430     26.057     25.634     25.452     25.407     25.456     25.567     25.015     17.904    
8097.6     4.766e+12  15.8       281.2      1.175e+06  12.70      15.485     19.645     19.980     20.545     21.432     22.497     23.714     25.114     26.099     19.564    
