# ===============================================================================================================================================================================
# TIME     FASTF      PCOOL      TCOOL      GKL        PITCH      Q1         Q2         Q3         Q4         Q5         Q6         Q7         Q8         Q9         Q10       
# (h)      (n/cmWs)   (MPa)      (Celsius)  (kg/s)     (mm)       (kW/m)     (kW/m)     (kW/m)     (kW/m)     (kW/m)     (kW/m)     (kW/m)     (kW/m)     (kW/m)     (kW/m)    
# ===============================================================================================================================================================================
0          5.354e+12  15.8       291.7      1.148e+06  12.70      11.967     16.830     20.002     22.847     25.477     27.732     29.378     30.176     28.435     19.101    
144        5.374e+12  15.8       291.7      1.148e+06  12.70      16.580     21.463     23.219     24.216     24.937     25.463     25.844     25.613     24.088     16.409    
5400       5.404e+12  15.8       291.7      1.148e+06  12.70      21.467     27.871     27.949     27.159     26.321     25.530     24.787     23.965     22.133     14.465    
7281.6     5.380e+12  15.8       291.7      1.148e+06  12.70      21.171     26.777     26.303     25.740     25.376     25.142     25.032     25.052     24.495     16.472    
8017.4     5.209e+12  15.8       281.1      1.178e+06  12.70      17.618     22.161     22.339     22.665     23.268     24.018     24.905     25.982     26.683     18.672    
8019.4     4.784e+12  15.8       291.7      1.144e+06  12.70      10.045     15.913     19.238     22.288     25.105     27.476     29.139     29.850     27.818     18.296    
8162.4     4.778e+12  15.8       291.7      1.144e+06  12.70      14.373     20.960     23.040     24.311     25.231     25.857     26.238     25.923     24.096     16.055    
11618.4    4.838e+12  15.8       291.7      1.144e+06  12.70      18.107     23.129     23.239     22.968     22.722     22.532     22.409     22.298     21.494     15.553    
13778.4    4.869e+12  15.8       291.7      1.144e+06  12.70      18.578     22.597     22.276     21.906     21.611     21.367     21.184     21.070     20.539     15.456    
15081.6    4.884e+12  15.8       291.7      1.144e+06  12.70      18.391     21.609     21.239     21.006     20.955     20.996     21.130     21.449     21.806     17.103    
15503      4.813e+12  15.8       286.4      1.160e+06  12.70      15.577     18.341     18.377     18.703     19.261     19.922     20.675     21.618     22.713     18.227    
15505      5.585e+12  15.8       291.7      1.146e+06  12.70      10.733     15.406     18.274     20.972     23.423     25.436     26.783     27.319     25.842     17.342    
15648      5.574e+12  15.8       291.7      1.146e+06  12.70      14.733     19.558     21.183     22.269     23.062     23.599     23.924     23.650     22.405     15.241    
19104      5.642e+12  15.8       291.7      1.146e+06  12.70      18.014     22.107     22.452     22.116     21.868     21.648     21.463     21.241     20.447     14.557    
20904      5.676e+12  15.8       291.7      1.146e+06  12.70      18.547     22.538     22.569     22.175     21.749     21.351     20.991     20.621     19.751     14.188    
22658.4    5.682e+12  15.8       291.7      1.146e+06  12.70      17.821     20.813     20.629     20.560     20.694     20.937     21.264     21.684     21.907     16.399    
23601.6    5.513e+12  15.8       281.2      1.175e+06  12.70      13.135     15.288     15.574     16.220     17.154     18.261     19.530     21.030     22.454     17.829    
