# ===============================================================================================================================================================================
# TIME     FASTF      PCOOL      TCOOL      GKL        PITCH      Q1         Q2         Q3         Q4         Q5         Q6         Q7         Q8         Q9         Q10       
# (h)      (n/cmWs)   (MPa)      (Celsius)  (kg/s)     (mm)       (kW/m)     (kW/m)     (kW/m)     (kW/m)     (kW/m)     (kW/m)     (kW/m)     (kW/m)     (kW/m)     (kW/m)    
# ===============================================================================================================================================================================
0          5.123e+12  15.8       291.7      1.148e+06  12.70      12.455     17.516     20.817     23.778     26.515     28.862     30.575     31.406     29.593     19.879    
144        5.141e+12  15.8       291.7      1.148e+06  12.70      17.231     22.306     24.131     25.167     25.917     26.464     26.859     26.620     25.035     17.053    
5400       5.234e+12  15.8       291.7      1.148e+06  12.70      22.265     28.907     28.989     28.169     27.300     26.480     25.709     24.857     22.957     15.003    
7281.6     5.239e+12  15.8       291.7      1.148e+06  12.70      21.875     27.668     27.178     26.597     26.220     25.978     25.865     25.886     25.310     17.020    
8017.4     5.089e+12  15.8       281.1      1.178e+06  12.70      18.170     22.855     23.039     23.375     23.997     24.771     25.685     26.795     27.518     19.256    
8019.4     5.135e+12  15.8       291.7      1.144e+06  12.70      9.875      15.644     18.912     21.911     24.680     27.011     28.646     29.345     27.347     17.986    
8162.4     5.136e+12  15.8       291.7      1.144e+06  12.70      14.121     20.592     22.634     23.884     24.787     25.402     25.777     25.468     23.672     15.773    
11618.4    5.198e+12  15.8       291.7      1.144e+06  12.70      17.672     22.573     22.680     22.416     22.176     21.991     21.870     21.762     20.978     15.179    
13778.4    5.226e+12  15.8       291.7      1.144e+06  12.70      18.069     21.978     21.666     21.306     21.019     20.782     20.603     20.493     19.976     15.032    
15081.6    5.241e+12  15.8       291.7      1.144e+06  12.70      17.861     20.986     20.627     20.400     20.351     20.391     20.521     20.831     21.177     16.610    
15503      5.164e+12  15.8       286.4      1.160e+06  12.70      15.131     17.816     17.851     18.168     18.709     19.351     20.083     20.999     22.063     17.705    
15505      5.809e+12  15.8       291.7      1.146e+06  12.70      9.704      13.929     16.523     18.962     21.178     22.998     24.216     24.701     23.365     15.680    
15648      5.795e+12  15.8       291.7      1.146e+06  12.70      13.412     17.805     19.284     20.273     20.995     21.483     21.779     21.530     20.396     13.875    
19104      5.848e+12  15.8       291.7      1.146e+06  12.70      16.385     20.108     20.422     20.116     19.891     19.690     19.522     19.320     18.598     13.240    
20904      5.879e+12  15.8       291.7      1.146e+06  12.70      16.788     20.400     20.428     20.072     19.686     19.326     19.000     18.666     17.877     12.842    
22658.4    5.885e+12  15.8       291.7      1.146e+06  12.70      16.171     18.886     18.718     18.656     18.778     18.999     19.295     19.676     19.879     14.881    
23601.6    5.708e+12  15.8       281.2      1.175e+06  12.70      11.860     13.804     14.062     14.645     15.489     16.488     17.634     18.989     20.275     16.098    
