# ===============================================================================================================================================================================
# TIME     FASTF      PCOOL      TCOOL      GKL        PITCH      Q1         Q2         Q3         Q4         Q5         Q6         Q7         Q8         Q9         Q10       
# (h)      (n/cmWs)   (MPa)      (Celsius)  (kg/s)     (mm)       (kW/m)     (kW/m)     (kW/m)     (kW/m)     (kW/m)     (kW/m)     (kW/m)     (kW/m)     (kW/m)     (kW/m)    
# ===============================================================================================================================================================================
0          4.344e+12  15.8       291.7      1.148e+06  12.70      13.885     19.532     23.224     26.540     29.611     32.253     34.194     35.153     33.144     22.293    
144        4.362e+12  15.8       291.7      1.148e+06  12.70      19.376     25.090     27.156     28.334     29.192     29.825     30.291     30.038     28.263     19.274    
5400       4.612e+12  15.8       291.7      1.148e+06  12.70      24.090     31.256     31.362     30.484     29.549     28.667     27.840     26.922     24.867     16.268    
7281.6     4.687e+12  15.8       291.7      1.148e+06  12.70      23.340     29.554     29.038     28.414     28.008     27.745     27.620     27.635     27.003     18.151    
8017.4     4.575e+12  15.8       281.1      1.178e+06  12.70      19.182     24.157     24.355     24.706     25.358     26.170     27.131     28.297     29.042     20.306    
8019.4     5.010e+12  15.8       291.7      1.144e+06  12.70      10.376     16.457     19.880     22.993     25.845     28.222     29.860     30.522     28.429     18.716    
8162.4     5.014e+12  15.8       291.7      1.144e+06  12.70      14.707     21.473     23.591     24.861     25.759     26.351     26.691     26.323     24.455     16.309    
11618.4    5.099e+12  15.8       291.7      1.144e+06  12.70      18.232     23.301     23.407     23.124     22.863     22.659     22.519     22.392     21.586     15.629    
13778.4    5.147e+12  15.8       291.7      1.144e+06  12.70      18.602     22.635     22.310     21.935     21.635     21.386     21.194     21.072     20.543     15.467    
15081.6    5.168e+12  15.8       291.7      1.144e+06  12.70      18.327     21.539     21.168     20.934     20.882     20.920     21.049     21.359     21.715     17.038    
15503      5.088e+12  15.8       286.4      1.160e+06  12.70      15.551     18.316     18.349     18.674     19.229     19.887     20.635     21.568     22.661     18.191    
15505      5.572e+12  15.8       291.7      1.146e+06  12.70      10.288     14.741     17.491     20.104     22.504     24.500     25.875     26.500     25.218     17.076    
15648      5.560e+12  15.8       291.7      1.146e+06  12.70      14.099     18.681     20.236     21.301     22.100     22.664     23.035     22.845     21.763     14.926    
19104      5.663e+12  15.8       291.7      1.146e+06  12.70      17.716     21.716     22.053     21.734     21.506     21.308     21.147     20.960     20.238     14.487    
20904      5.724e+12  15.8       291.7      1.146e+06  12.70      18.502     22.468     22.498     22.109     21.691     21.302     20.954     20.605     19.778     14.269    
22658.4    5.756e+12  15.8       291.7      1.146e+06  12.70      17.803     20.788     20.601     20.530     20.664     20.907     21.237     21.666     21.920     16.467    
23601.6    5.596e+12  15.8       281.2      1.175e+06  12.70      13.138     15.289     15.572     16.216     17.149     18.255     19.524     21.028     22.480     17.908    
