# ===============================================================================================================================================================================
# TIME     FASTF      PCOOL      TCOOL      GKL        PITCH      Q1         Q2         Q3         Q4         Q5         Q6         Q7         Q8         Q9         Q10       
# (h)      (n/cmWs)   (MPa)      (Celsius)  (kg/s)     (mm)       (kW/m)     (kW/m)     (kW/m)     (kW/m)     (kW/m)     (kW/m)     (kW/m)     (kW/m)     (kW/m)     (kW/m)    
# ===============================================================================================================================================================================
0          4.585e+12  15.8       291.7      1.148e+06  12.70      12.477     17.552     20.870     23.850     26.610     28.984     30.729     31.591     29.785     20.034    
144        4.592e+12  15.8       291.7      1.148e+06  12.70      17.524     22.691     24.560     25.625     26.402     26.974     27.396     27.167     25.562     17.432    
5400       4.779e+12  15.8       291.7      1.148e+06  12.70      21.793     28.275     28.371     27.577     26.731     25.933     25.184     24.354     22.495     14.716    
7281.6     4.823e+12  15.8       291.7      1.148e+06  12.70      21.295     26.964     26.494     25.925     25.554     25.314     25.199     25.214     24.636     16.560    
8017.4     4.696e+12  15.8       281.1      1.178e+06  12.70      17.482     22.016     22.196     22.516     23.110     23.851     24.727     25.789     26.467     18.506    
8019.4     5.283e+12  15.8       291.7      1.144e+06  12.70      10.730     17.021     20.566     23.794     26.755     29.226     30.934     31.633     29.476     19.412    
8162.4     5.288e+12  15.8       291.7      1.144e+06  12.70      15.209     22.207     24.401     25.719     26.653     27.271     27.630     27.257     25.331     16.897    
11618.4    5.352e+12  15.8       291.7      1.144e+06  12.70      18.868     24.116     24.224     23.931     23.660     23.448     23.303     23.171     22.337     16.173    
13778.4    5.382e+12  15.8       291.7      1.144e+06  12.70      19.259     23.434     23.097     22.708     22.396     22.136     21.935     21.807     21.258     16.005    
15081.6    5.400e+12  15.8       291.7      1.144e+06  12.70      18.927     22.246     21.862     21.619     21.564     21.601     21.732     22.049     22.415     17.586    
15503      5.313e+12  15.8       286.4      1.160e+06  12.70      16.058     18.914     18.948     19.282     19.854     20.532     21.302     22.263     23.388     18.773    
15505      5.751e+12  15.8       291.7      1.146e+06  12.70      8.832      12.657     15.021     17.267     19.330     21.047     22.230     22.769     21.669     14.674    
15648      5.730e+12  15.8       291.7      1.146e+06  12.70      12.188     16.151     17.497     18.419     19.112     19.600     19.921     19.758     18.822     12.909    
19104      5.760e+12  15.8       291.7      1.146e+06  12.70      15.614     19.139     19.436     19.155     18.954     18.779     18.637     18.472     17.835     12.765    
20904      5.790e+12  15.8       291.7      1.146e+06  12.70      16.386     19.899     19.926     19.581     19.209     18.864     18.555     18.245     17.512     12.634    
22658.4    5.798e+12  15.8       291.7      1.146e+06  12.70      15.921     18.591     18.423     18.359     18.478     18.694     18.987     19.368     19.593     14.717    
23601.6    5.633e+12  15.8       281.2      1.175e+06  12.70      11.711     13.629     13.881     14.454     15.286     16.270     17.401     18.740     20.031     15.955    
