# ===============================================================================================================================================================================
# TIME     FASTF      PCOOL      TCOOL      GKL        PITCH      Q1         Q2         Q3         Q4         Q5         Q6         Q7         Q8         Q9         Q10       
# (h)      (n/cmWs)   (MPa)      (Celsius)  (kg/s)     (mm)       (kW/m)     (kW/m)     (kW/m)     (kW/m)     (kW/m)     (kW/m)     (kW/m)     (kW/m)     (kW/m)     (kW/m)    
# ===============================================================================================================================================================================
0          4.844e+12  15.8       291.7      1.148e+06  12.70      13.095     18.421     21.902     25.030     27.926     30.418     32.249     33.154     31.259     21.025    
144        4.871e+12  15.8       291.7      1.148e+06  12.70      18.207     23.575     25.517     26.623     27.431     28.025     28.463     28.225     26.557     18.111    
5400       5.246e+12  15.8       291.7      1.148e+06  12.70      22.119     28.699     28.796     27.990     27.131     26.322     25.562     24.720     22.832     14.936    
7281.6     5.314e+12  15.8       291.7      1.148e+06  12.70      21.482     27.201     26.727     26.152     25.779     25.537     25.421     25.435     24.853     16.706    
8017.4     5.162e+12  15.8       281.1      1.178e+06  12.70      17.752     22.356     22.539     22.864     23.468     24.220     25.109     26.187     26.877     18.792    
8019.4     5.638e+12  15.8       291.7      1.144e+06  12.70      9.815      15.569     18.812     21.764     24.473     26.733     28.295     28.934     26.961     17.756    
8162.4     5.641e+12  15.8       291.7      1.144e+06  12.70      13.949     20.368     22.379     23.588     24.445     25.012     25.341     24.999     23.232     15.497    
11618.4    5.656e+12  15.8       291.7      1.144e+06  12.70      17.476     22.337     22.438     22.166     21.915     21.719     21.584     21.462     20.690     14.980    
13778.4    5.665e+12  15.8       291.7      1.144e+06  12.70      17.897     21.777     21.464     21.102     20.812     20.570     20.384     20.265     19.755     14.873    
15081.6    5.673e+12  15.8       291.7      1.144e+06  12.70      17.669     20.767     20.409     20.181     20.130     20.165     20.287     20.583     20.925     16.416    
15503      5.573e+12  15.8       286.4      1.160e+06  12.70      15.002     17.670     17.703     18.015     18.549     19.182     19.901     20.799     21.850     17.539    
15505      6.089e+12  15.8       291.7      1.146e+06  12.70      8.467      12.134     14.400     16.554     18.531     20.177     21.312     21.828     20.773     14.067    
15648      6.069e+12  15.8       291.7      1.146e+06  12.70      11.727     15.540     16.835     17.722     18.388     18.858     19.167     19.010     18.110     12.421    
19104      6.058e+12  15.8       291.7      1.146e+06  12.70      15.019     18.410     18.696     18.425     18.232     18.064     17.927     17.768     17.155     12.279    
20904      6.070e+12  15.8       291.7      1.146e+06  12.70      15.750     19.127     19.152     18.821     18.464     18.132     17.835     17.537     16.832     12.144    
22658.4    6.048e+12  15.8       291.7      1.146e+06  12.70      15.351     17.926     17.765     17.703     17.817     18.026     18.308     18.675     18.892     14.191    
23601.6    5.863e+12  15.8       281.2      1.175e+06  12.70      11.290     13.139     13.382     13.935     14.737     15.686     16.776     18.067     19.312     15.382    
