# ===============================================================================================================================================================================
# TIME     FASTF      PCOOL      TCOOL      GKL        PITCH      Q1         Q2         Q3         Q4         Q5         Q6         Q7         Q8         Q9         Q10       
# (h)      (n/cmWs)   (MPa)      (Celsius)  (kg/s)     (mm)       (kW/m)     (kW/m)     (kW/m)     (kW/m)     (kW/m)     (kW/m)     (kW/m)     (kW/m)     (kW/m)     (kW/m)    
# ===============================================================================================================================================================================
0          5.319e+12  15.8       291.7      1.148e+06  12.70      11.781     16.573     19.705     22.519     25.124     27.366     29.012     29.826     28.121     18.914    
144        5.332e+12  15.8       291.7      1.148e+06  12.70      16.372     21.200     22.946     23.940     24.666     25.200     25.593     25.379     23.879     16.284    
5400       5.350e+12  15.8       291.7      1.148e+06  12.70      21.302     27.639     27.733     26.956     26.129     25.349     24.617     23.806     21.989     14.384    
7281.6     5.328e+12  15.8       291.7      1.148e+06  12.70      21.045     26.647     26.182     25.620     25.254     25.017     24.904     24.918     24.347     16.366    
8017.4     5.161e+12  15.8       281.1      1.178e+06  12.70      17.500     22.038     22.219     22.539     23.135     23.876     24.753     25.816     26.495     18.525    
8019.4     4.765e+12  15.8       291.7      1.144e+06  12.70      10.234     16.231     19.608     22.680     25.496     27.842     29.459     30.114     28.050     18.468    
8162.4     4.760e+12  15.8       291.7      1.144e+06  12.70      14.586     21.296     23.397     24.658     25.550     26.137     26.475     26.112     24.260     16.180    
11618.4    4.820e+12  15.8       291.7      1.144e+06  12.70      18.284     23.368     23.474     23.190     22.929     22.724     22.584     22.457     21.649     15.675    
13778.4    4.853e+12  15.8       291.7      1.144e+06  12.70      18.738     22.800     22.473     22.095     21.793     21.541     21.348     21.225     20.692     15.580    
15081.6    4.870e+12  15.8       291.7      1.144e+06  12.70      18.540     21.789     21.414     21.177     21.125     21.163     21.293     21.606     21.966     17.235    
15503      4.799e+12  15.8       286.4      1.160e+06  12.70      15.709     18.502     18.536     18.864     19.425     20.089     20.845     21.787     22.891     18.376    
15505      5.546e+12  15.8       291.7      1.146e+06  12.70      10.792     15.462     18.348     21.091     23.608     25.704     27.147     27.804     26.460     17.918    
15648      5.532e+12  15.8       291.7      1.146e+06  12.70      14.830     19.651     21.287     22.408     23.250     23.843     24.233     24.034     22.896     15.703    
19104      5.607e+12  15.8       291.7      1.146e+06  12.70      18.362     22.509     22.858     22.527     22.291     22.086     21.919     21.725     20.976     15.014    
20904      5.649e+12  15.8       291.7      1.146e+06  12.70      19.023     23.101     23.132     22.732     22.301     21.901     21.544     21.184     20.334     14.670    
22658.4    5.660e+12  15.8       291.7      1.146e+06  12.70      18.306     21.376     21.183     21.111     21.248     21.498     21.836     22.277     22.538     16.930    
23601.6    5.495e+12  15.8       281.2      1.175e+06  12.70      13.516     15.729     16.020     16.682     17.643     18.780     20.086     21.633     23.126     18.422    
