# ===============================================================================================================================================================================
# TIME     FASTF      PCOOL      TCOOL      GKL        PITCH      Q1         Q2         Q3         Q4         Q5         Q6         Q7         Q8         Q9         Q10       
# (h)      (n/cmWs)   (MPa)      (Celsius)  (kg/s)     (mm)       (kW/m)     (kW/m)     (kW/m)     (kW/m)     (kW/m)     (kW/m)     (kW/m)     (kW/m)     (kW/m)     (kW/m)    
# ===============================================================================================================================================================================
0          4.550e+12  15.8       291.7      1.148e+06  12.70      12.687     17.848     21.220     24.250     27.055     29.469     31.242     32.117     30.281     20.367    
144        4.559e+12  15.8       291.7      1.148e+06  12.70      17.768     23.007     24.901     25.981     26.768     27.348     27.774     27.542     25.914     17.672    
5400       4.665e+12  15.8       291.7      1.148e+06  12.70      22.746     29.513     29.613     28.783     27.901     27.068     26.287     25.421     23.480     15.360    
7281.6     4.705e+12  15.8       291.7      1.148e+06  12.70      22.241     28.162     27.670     27.076     26.689     26.439     26.319     26.334     25.731     17.296    
8017.4     4.582e+12  15.8       281.1      1.178e+06  12.70      18.290     23.033     23.222     23.557     24.179     24.953     25.870     26.981     27.692     19.362    
8019.4     5.082e+12  15.8       291.7      1.144e+06  12.70      11.200     17.766     21.465     24.834     27.924     30.503     32.285     33.015     30.764     20.261    
8162.4     5.089e+12  15.8       291.7      1.144e+06  12.70      15.903     23.220     25.513     26.891     27.868     28.515     28.890     28.500     26.487     17.669    
11618.4    5.179e+12  15.8       291.7      1.144e+06  12.70      19.548     24.985     25.098     24.794     24.514     24.294     24.144     24.008     23.144     16.758    
13778.4    5.233e+12  15.8       291.7      1.144e+06  12.70      19.804     24.099     23.752     23.352     23.031     22.764     22.558     22.427     21.863     16.461    
15081.6    5.260e+12  15.8       291.7      1.144e+06  12.70      19.413     22.816     22.423     22.173     22.118     22.156     22.290     22.616     22.992     18.039    
15503      5.181e+12  15.8       286.4      1.160e+06  12.70      16.449     19.374     19.409     19.752     20.338     21.032     21.821     22.806     23.959     19.232    
15505      5.633e+12  15.8       291.7      1.146e+06  12.70      8.222      11.783     13.984     16.077     17.999     19.599     20.701     21.204     20.181     13.666    
15648      5.615e+12  15.8       291.7      1.146e+06  12.70      11.457     15.183     16.449     17.316     17.968     18.427     18.730     18.577     17.698     12.138    
19104      5.640e+12  15.8       291.7      1.146e+06  12.70      14.695     18.013     18.293     18.027     17.838     17.674     17.540     17.384     16.785     12.014    
20904      5.668e+12  15.8       291.7      1.146e+06  12.70      15.368     18.663     18.688     18.364     18.016     17.692     17.402     17.111     16.423     11.848    
22658.4    5.669e+12  15.8       291.7      1.146e+06  12.70      14.989     17.504     17.346     17.285     17.397     17.600     17.875     18.234     18.445     13.855    
23601.6    5.502e+12  15.8       281.2      1.175e+06  12.70      10.968     12.765     13.001     13.538     14.317     15.239     16.298     17.551     18.761     14.943    
