# ===============================================================================================================================================================================
# TIME     FASTF      PCOOL      TCOOL      GKL        PITCH      Q1         Q2         Q3         Q4         Q5         Q6         Q7         Q8         Q9         Q10       
# (h)      (n/cmWs)   (MPa)      (Celsius)  (kg/s)     (mm)       (kW/m)     (kW/m)     (kW/m)     (kW/m)     (kW/m)     (kW/m)     (kW/m)     (kW/m)     (kW/m)     (kW/m)    
# ===============================================================================================================================================================================
0          5.005e+12  15.8       291.7      1.148e+06  12.70      11.555     16.255     19.326     22.085     24.640     26.838     28.453     29.251     27.578     18.549    
144        5.012e+12  15.8       291.7      1.148e+06  12.70      16.206     20.985     22.713     23.697     24.415     24.944     25.333     25.121     23.636     16.119    
5400       4.869e+12  15.8       291.7      1.148e+06  12.70      21.882     28.391     28.487     27.689     26.840     26.039     25.287     24.454     22.588     14.776    
7281.6     4.864e+12  15.8       291.7      1.148e+06  12.70      21.621     27.377     26.899     26.322     25.945     25.702     25.586     25.601     25.015     16.815    
8017.4     4.730e+12  15.8       281.1      1.178e+06  12.70      17.799     22.415     22.599     22.925     23.530     24.284     25.176     26.257     26.949     18.842    
8019.4     5.241e+12  15.8       291.7      1.144e+06  12.70      10.887     17.268     20.864     24.139     27.142     29.648     31.380     32.090     29.902     19.693    
8162.4     5.245e+12  15.8       291.7      1.144e+06  12.70      15.454     22.565     24.794     26.133     27.083     27.711     28.075     27.697     25.740     17.171    
11618.4    5.314e+12  15.8       291.7      1.144e+06  12.70      19.100     24.412     24.522     24.225     23.952     23.737     23.590     23.457     22.614     16.374    
13778.4    5.351e+12  15.8       291.7      1.144e+06  12.70      19.418     23.629     23.289     22.897     22.582     22.320     22.118     21.989     21.436     16.140    
15081.6    5.370e+12  15.8       291.7      1.144e+06  12.70      19.066     22.409     22.023     21.778     21.723     21.760     21.892     22.212     22.581     17.717    
15503      5.288e+12  15.8       286.4      1.160e+06  12.70      16.163     19.037     19.072     19.409     19.985     20.667     21.442     22.410     23.542     18.898    
15505      5.744e+12  15.8       291.7      1.146e+06  12.70      8.213      11.770     13.969     16.059     17.978     19.576     20.678     21.180     20.158     13.651    
15648      5.730e+12  15.8       291.7      1.146e+06  12.70      11.424     15.139     16.400     17.266     17.915     18.373     18.675     18.522     17.646     12.103    
19104      5.744e+12  15.8       291.7      1.146e+06  12.70      14.676     17.990     18.269     18.004     17.816     17.651     17.517     17.362     16.764     11.999    
20904      5.766e+12  15.8       291.7      1.146e+06  12.70      15.375     18.672     18.697     18.373     18.024     17.700     17.410     17.119     16.431     11.854    
22658.4    5.760e+12  15.8       291.7      1.146e+06  12.70      14.999     17.514     17.356     17.296     17.407     17.611     17.886     18.245     18.456     13.863    
23601.6    5.593e+12  15.8       281.2      1.175e+06  12.70      10.990     12.790     13.027     13.565     14.345     15.269     16.330     17.586     18.798     14.973    
