# ===============================================================================================================================================================================
# TIME     FASTF      PCOOL      TCOOL      GKL        PITCH      Q1         Q2         Q3         Q4         Q5         Q6         Q7         Q8         Q9         Q10       
# (h)      (n/cmWs)   (MPa)      (Celsius)  (kg/s)     (mm)       (kW/m)     (kW/m)     (kW/m)     (kW/m)     (kW/m)     (kW/m)     (kW/m)     (kW/m)     (kW/m)     (kW/m)    
# ===============================================================================================================================================================================
0          4.814e+12  15.8       291.7      1.148e+06  12.70      12.466     17.536     20.850     23.827     26.584     28.955     30.697     31.557     29.753     20.012    
144        4.811e+12  15.8       291.7      1.148e+06  12.70      17.354     22.471     24.322     25.376     26.145     26.711     27.128     26.901     25.311     17.261    
5400       4.835e+12  15.8       291.7      1.148e+06  12.70      22.906     29.719     29.820     28.985     28.096     27.257     26.471     25.599     23.645     15.467    
7281.6     4.865e+12  15.8       291.7      1.148e+06  12.70      22.449     28.426     27.930     27.330     26.939     26.687     26.566     26.581     25.973     17.459    
8017.4     4.744e+12  15.8       281.1      1.178e+06  12.70      18.567     23.382     23.573     23.913     24.545     25.331     26.261     27.389     28.111     19.655    
8019.4     5.315e+12  15.8       291.7      1.144e+06  12.70      10.065     15.964     19.289     22.316     25.093     27.410     29.011     29.667     27.645     18.207    
8162.4     5.322e+12  15.8       291.7      1.144e+06  12.70      14.351     20.955     23.024     24.267     25.149     25.733     26.071     25.720     23.903     15.945    
11618.4    5.378e+12  15.8       291.7      1.144e+06  12.70      17.825     22.783     22.886     22.609     22.353     22.153     22.016     21.892     21.104     15.281    
13778.4    5.412e+12  15.8       291.7      1.144e+06  12.70      18.146     22.081     21.764     21.397     21.103     20.858     20.669     20.549     20.032     15.083    
15081.6    5.428e+12  15.8       291.7      1.144e+06  12.70      17.899     21.037     20.675     20.445     20.393     20.429     20.552     20.853     21.199     16.632    
15503      5.341e+12  15.8       286.4      1.160e+06  12.70      15.166     17.863     17.895     18.211     18.752     19.391     20.119     21.027     22.090     17.732    
15505      5.788e+12  15.8       291.7      1.146e+06  12.70      8.869      12.710     15.085     17.342     19.415     21.141     22.330     22.873     21.769     14.741    
15648      5.770e+12  15.8       291.7      1.146e+06  12.70      12.383     16.410     17.777     18.715     19.419     19.916     20.243     20.077     19.128     13.119    
19104      5.815e+12  15.8       291.7      1.146e+06  12.70      15.361     18.829     19.121     18.844     18.647     18.475     18.335     18.172     17.546     12.559    
20904      5.843e+12  15.8       291.7      1.146e+06  12.70      15.783     19.166     19.192     18.860     18.502     18.169     17.871     17.573     16.866     12.168    
22658.4    5.851e+12  15.8       291.7      1.146e+06  12.70      15.280     17.843     17.682     17.620     17.734     17.941     18.221     18.587     18.802     14.123    
23601.6    5.683e+12  15.8       281.2      1.175e+06  12.70      11.159     12.987     13.227     13.773     14.565     15.503     16.580     17.856     19.086     15.202    
