# ===============================================================================================================================================================================
# TIME     FASTF      PCOOL      TCOOL      GKL        PITCH      Q1         Q2         Q3         Q4         Q5         Q6         Q7         Q8         Q9         Q10       
# (h)      (n/cmWs)   (MPa)      (Celsius)  (kg/s)     (mm)       (kW/m)     (kW/m)     (kW/m)     (kW/m)     (kW/m)     (kW/m)     (kW/m)     (kW/m)     (kW/m)     (kW/m)    
# ===============================================================================================================================================================================
0          4.515e+12  15.8       291.7      1.146e+06  12.70      7.151      12.200     14.802     16.911     18.711     20.087     20.859     20.735     18.812     11.422    
144        4.521e+12  15.8       291.7      1.146e+06  12.70      10.178     15.874     17.502     18.251     18.669     18.865     18.754     18.230     16.519     10.272    
3600       4.553e+12  15.8       291.7      1.146e+06  12.70      13.299     18.117     18.296     17.956     17.598     17.282     17.008     16.704     15.799     10.756    
5400       4.566e+12  15.8       291.7      1.146e+06  12.70      13.919     18.167     18.033     17.612     17.211     16.856     16.549     16.260     15.539     10.964    
7154.4     4.584e+12  15.8       291.7      1.146e+06  12.70      14.064     17.560     17.263     17.002     16.906     16.910     17.002     17.213     17.241     12.859    
8097.6     4.465e+12  15.8       281.2      1.175e+06  12.70      10.598     13.155     13.315     13.672     14.247     14.949     15.769     16.766     17.815     13.893    
