# ===============================================================================================================================================================================
# TIME     FASTF      PCOOL      TCOOL      GKL        PITCH      Q1         Q2         Q3         Q4         Q5         Q6         Q7         Q8         Q9         Q10       
# (h)      (n/cmWs)   (MPa)      (Celsius)  (kg/s)     (mm)       (kW/m)     (kW/m)     (kW/m)     (kW/m)     (kW/m)     (kW/m)     (kW/m)     (kW/m)     (kW/m)     (kW/m)    
# ===============================================================================================================================================================================
0          4.556e+12  15.8       291.7      1.146e+06  12.70      10.483     17.887     21.701     24.792     27.431     29.449     30.581     30.399     27.580     16.745    
144        4.567e+12  15.8       291.7      1.146e+06  12.70      14.807     23.092     25.461     26.551     27.158     27.443     27.282     26.520     24.030     14.942    
3600       4.590e+12  15.8       291.7      1.146e+06  12.70      18.552     25.273     25.523     25.048     24.549     24.109     23.726     23.302     22.040     15.004    
5400       4.614e+12  15.8       291.7      1.146e+06  12.70      18.963     24.751     24.568     23.995     23.449     22.965     22.546     22.154     21.171     14.937    
7154.4     4.643e+12  15.8       291.7      1.146e+06  12.70      18.779     23.447     23.050     22.703     22.573     22.579     22.702     22.985     23.021     17.170    
8097.6     4.512e+12  15.8       281.2      1.175e+06  12.70      14.073     17.468     17.680     18.154     18.918     19.850     20.939     22.263     23.656     18.448    
