# ===============================================================================================================================================================================
# TIME     FASTF      PCOOL      TCOOL      GKL        PITCH      Q1         Q2         Q3         Q4         Q5         Q6         Q7         Q8         Q9         Q10       
# (h)      (n/cmWs)   (MPa)      (Celsius)  (kg/s)     (mm)       (kW/m)     (kW/m)     (kW/m)     (kW/m)     (kW/m)     (kW/m)     (kW/m)     (kW/m)     (kW/m)     (kW/m)    
# ===============================================================================================================================================================================
0          4.478e+12  15.8       291.7      1.146e+06  12.70      10.794     18.417     22.345     25.527     28.245     30.323     31.488     31.301     28.398     17.241    
144        4.496e+12  15.8       291.7      1.146e+06  12.70      15.192     23.693     26.123     27.241     27.864     28.157     27.992     27.210     24.655     15.331    
3600       4.613e+12  15.8       291.7      1.146e+06  12.70      18.726     25.510     25.763     25.283     24.780     24.335     23.949     23.521     22.247     15.145    
5400       4.661e+12  15.8       291.7      1.146e+06  12.70      19.092     24.919     24.735     24.158     23.609     23.121     22.699     22.304     21.315     15.039    
7154.4     4.707e+12  15.8       291.7      1.146e+06  12.70      18.838     23.521     23.122     22.774     22.644     22.650     22.774     23.056     23.093     17.224    
8097.6     4.581e+12  15.8       281.2      1.175e+06  12.70      14.104     17.506     17.719     18.194     18.960     19.894     20.985     22.312     23.709     18.489    
