# ===============================================================================================================================================================================
# TIME     FASTF      PCOOL      TCOOL      GKL        PITCH      Q1         Q2         Q3         Q4         Q5         Q6         Q7         Q8         Q9         Q10       
# (h)      (n/cmWs)   (MPa)      (Celsius)  (kg/s)     (mm)       (kW/m)     (kW/m)     (kW/m)     (kW/m)     (kW/m)     (kW/m)     (kW/m)     (kW/m)     (kW/m)     (kW/m)    
# ===============================================================================================================================================================================
0          4.192e+12  15.8       291.7      1.146e+06  12.70      8.252      14.080     17.082     19.515     21.593     23.181     24.072     23.929     21.710     13.181    
144        4.210e+12  15.8       291.7      1.146e+06  12.70      11.707     18.257     20.130     20.992     21.472     21.698     21.570     20.968     18.999     11.814    
3600       4.304e+12  15.8       291.7      1.146e+06  12.70      14.910     20.311     20.512     20.131     19.730     19.376     19.068     18.728     17.713     12.059    
5400       4.341e+12  15.8       291.7      1.146e+06  12.70      15.424     20.131     19.983     19.516     19.073     18.679     18.338     18.019     17.219     12.149    
7154.4     4.381e+12  15.8       291.7      1.146e+06  12.70      15.465     19.309     18.982     18.696     18.589     18.594     18.696     18.928     18.958     14.140    
8097.6     4.263e+12  15.8       281.2      1.175e+06  12.70      11.641     14.449     14.625     15.017     15.649     16.420     17.320     18.416     19.568     15.260    
