# ===============================================================================================================================================================================
# TIME     FASTF      PCOOL      TCOOL      GKL        PITCH      Q1         Q2         Q3         Q4         Q5         Q6         Q7         Q8         Q9         Q10       
# (h)      (n/cmWs)   (MPa)      (Celsius)  (kg/s)     (mm)       (kW/m)     (kW/m)     (kW/m)     (kW/m)     (kW/m)     (kW/m)     (kW/m)     (kW/m)     (kW/m)     (kW/m)    
# ===============================================================================================================================================================================
0          4.495e+12  15.8       291.7      1.146e+06  12.70      8.943      15.260     18.514     21.151     23.402     25.124     26.090     25.935     23.529     14.285    
144        4.516e+12  15.8       291.7      1.146e+06  12.70      12.622     19.685     21.705     22.634     23.151     23.395     23.257     22.608     20.485     12.738    
3600       4.623e+12  15.8       291.7      1.146e+06  12.70      15.911     21.674     21.889     21.482     21.054     20.676     20.348     19.984     18.901     12.868    
5400       4.666e+12  15.8       291.7      1.146e+06  12.70      16.401     21.406     21.248     20.752     20.281     19.862     19.500     19.160     18.310     12.919    
7154.4     4.702e+12  15.8       291.7      1.146e+06  12.70      16.357     20.423     20.077     19.774     19.662     19.667     19.774     20.020     20.052     14.956    
8097.6     4.581e+12  15.8       281.2      1.175e+06  12.70      12.322     15.295     15.481     15.896     16.565     17.381     18.334     19.494     20.714     16.153    
