# ===============================================================================================================================================================================
# TIME     FASTF      PCOOL      TCOOL      GKL        PITCH      Q1         Q2         Q3         Q4         Q5         Q6         Q7         Q8         Q9         Q10       
# (h)      (n/cmWs)   (MPa)      (Celsius)  (kg/s)     (mm)       (kW/m)     (kW/m)     (kW/m)     (kW/m)     (kW/m)     (kW/m)     (kW/m)     (kW/m)     (kW/m)     (kW/m)    
# ===============================================================================================================================================================================
0          4.266e+12  15.8       291.7      1.146e+06  12.70      8.776      14.974     18.168     20.756     22.965     24.655     25.602     25.450     23.089     14.018    
144        4.282e+12  15.8       291.7      1.146e+06  12.70      12.449     19.415     21.406     22.322     22.833     23.073     22.938     22.297     20.203     12.563    
3600       4.378e+12  15.8       291.7      1.146e+06  12.70      15.729     21.427     21.639     21.237     20.814     20.440     20.116     19.756     18.686     12.721    
5400       4.418e+12  15.8       291.7      1.146e+06  12.70      16.201     21.145     20.989     20.499     20.033     19.619     19.261     18.926     18.086     12.761    
7154.4     4.455e+12  15.8       291.7      1.146e+06  12.70      16.200     20.227     19.884     19.584     19.473     19.477     19.584     19.827     19.859     14.812    
8097.6     4.338e+12  15.8       281.2      1.175e+06  12.70      12.174     15.110     15.294     15.704     16.365     17.171     18.113     19.259     20.464     15.959    
