# ===============================================================================================================================================================================
# TIME     FASTF      PCOOL      TCOOL      GKL        PITCH      Q1         Q2         Q3         Q4         Q5         Q6         Q7         Q8         Q9         Q10       
# (h)      (n/cmWs)   (MPa)      (Celsius)  (kg/s)     (mm)       (kW/m)     (kW/m)     (kW/m)     (kW/m)     (kW/m)     (kW/m)     (kW/m)     (kW/m)     (kW/m)     (kW/m)    
# ===============================================================================================================================================================================
0          4.304e+12  15.8       291.7      1.146e+06  12.70      11.096     18.932     22.970     26.241     29.035     31.171     32.369     32.176     29.192     17.724    
144        4.324e+12  15.8       291.7      1.146e+06  12.70      15.610     24.345     26.842     27.991     28.631     28.932     28.763     27.959     25.334     15.753    
3600       4.456e+12  15.8       291.7      1.146e+06  12.70      19.183     26.133     26.391     25.901     25.385     24.929     24.534     24.095     22.790     15.515    
5400       4.512e+12  15.8       291.7      1.146e+06  12.70      19.530     25.490     25.302     24.711     24.150     23.651     23.220     22.815     21.803     15.383    
7154.4     4.565e+12  15.8       291.7      1.146e+06  12.70      19.233     24.014     23.608     23.252     23.119     23.125     23.251     23.540     23.578     17.585    
8097.6     4.453e+12  15.8       281.2      1.175e+06  12.70      14.391     17.862     18.080     18.565     19.346     20.299     21.412     22.766     24.191     18.865    
