# ===============================================================================================================================================================================
# TIME     FASTF      PCOOL      TCOOL      GKL        PITCH      Q1         Q2         Q3         Q4         Q5         Q6         Q7         Q8         Q9         Q10       
# (h)      (n/cmWs)   (MPa)      (Celsius)  (kg/s)     (mm)       (kW/m)     (kW/m)     (kW/m)     (kW/m)     (kW/m)     (kW/m)     (kW/m)     (kW/m)     (kW/m)     (kW/m)    
# ===============================================================================================================================================================================
0          4.757e+12  15.8       291.7      1.146e+06  12.70      9.657      16.477     19.991     22.838     25.269     27.128     28.171     28.004     25.406     15.425    
144        4.781e+12  15.8       291.7      1.146e+06  12.70      13.591     21.195     23.369     24.370     24.927     25.189     25.041     24.342     22.056     13.715    
3600       4.925e+12  15.8       291.7      1.146e+06  12.70      16.823     22.917     23.144     22.713     22.261     21.862     21.515     21.130     19.985     13.606    
5400       4.970e+12  15.8       291.7      1.146e+06  12.70      17.204     22.454     22.289     21.768     21.274     20.834     20.454     20.098     19.206     13.551    
7154.4     5.010e+12  15.8       291.7      1.146e+06  12.70      17.078     21.324     20.962     20.646     20.529     20.534     20.646     20.903     20.936     15.615    
8097.6     4.875e+12  15.8       281.2      1.175e+06  12.70      12.856     15.958     16.152     16.585     17.283     18.134     19.129     20.339     21.612     16.854    
