* data point #1847 begin
*
*---+----+-------------------+-------------------+---------+---------------------
*   1: printout of the result at time [hours]
*---+----+-------------------+-------------------+---------+---------------------
    1    0 0.0000000000000D+00
*---+----+-------------------+-------------------+---------+---------------------
    2    1 0.0000000000000D+00 8.1061000000000D+00
    0.4509   0.70996   0.87083    1.0053    1.1231    1.2191    1.2838    1.3077
     1.217   0.81235
    3    1 0.0000000000000D+00 9.4598187000000D+12
    0.4509   0.70996   0.87083    1.0053    1.1231    1.2191    1.2838    1.3077
     1.217   0.81235
    9    0 0.0000000000000D+00 2.9060000000000D+02
   10    0 0.0000000000000D+00 1.5760000000000D+01
*---+----+-------------------+-------------------+---------+---------------------
*   1: printout of the result at time [hours]
*---+----+-------------------+-------------------+---------+---------------------
    1    0 1.5120000000000D+02
*---+----+-------------------+-------------------+---------+---------------------
    2    1 1.5120000000000D+02 8.3039000000000D+00
   0.64416   0.92258    1.0254      1.08    1.1155    1.1383     1.151     1.135
    1.0606   0.72749
    3    1 1.5120000000000D+02 9.3751031000000D+12
   0.64416   0.92258    1.0254      1.08    1.1155    1.1383     1.151     1.135
    1.0606   0.72749
    9    0 1.5120000000000D+02 2.9060000000000D+02
   10    0 1.5120000000000D+02 1.5760000000000D+01
*---+----+-------------------+-------------------+---------+---------------------
*   1: printout of the result at time [hours]
*---+----+-------------------+-------------------+---------+---------------------
    1    0 6.8208000000000D+03
*---+----+-------------------+-------------------+---------+---------------------
    2    1 6.8208000000000D+03 2.0081900000000D+01
    0.8419    1.1267    1.1345    1.1071    1.0797    1.0553    1.0339    1.0112
    0.9512   0.65855
    3    1 6.8208000000000D+03 1.0193572440000D+13
    0.8419    1.1267    1.1345    1.1071    1.0797    1.0553    1.0339    1.0112
    0.9512   0.65855
    9    0 6.8208000000000D+03 2.9060000000000D+02
   10    0 6.8208000000000D+03 1.5760000000000D+01
*---+----+-------------------+-------------------+---------+---------------------
*   1: printout of the result at time [hours]
*---+----+-------------------+-------------------+---------+---------------------
    1    0 1.0098200000000D+04
*---+----+-------------------+-------------------+---------+---------------------
    2    1 1.0098200000000D+04 2.1450300000000D+01
   0.92945    1.1374    1.0776    1.0442    1.0259    1.0145    1.0094    1.0138
    1.0051   0.74279
    3    1 1.0098200000000D+04 1.0403395500000D+13
   0.92945    1.1374    1.0776    1.0442    1.0259    1.0145    1.0094    1.0138
    1.0051   0.74279
    9    0 1.0098200000000D+04 2.9060000000000D+02
   10    0 1.0098200000000D+04 1.5760000000000D+01
*---+----+-------------------+-------------------+---------+---------------------
*   1: printout of the result at time [hours]
*---+----+-------------------+-------------------+---------+---------------------
    1    0 1.0100200000000D+04
*---+----+-------------------+-------------------+---------+---------------------
    2    1 1.0100200000000D+04 2.0666300000000D+01
   0.46515   0.72529   0.86237   0.98547    1.0952    1.1867    1.2546    1.2969
    1.2596   0.86866
    3    1 1.0100200000000D+04 1.1112269510000D+13
   0.46515   0.72529   0.86237   0.98547    1.0952    1.1867    1.2546    1.2969
    1.2596   0.86866
    9    0 1.0100200000000D+04 2.9290000000000D+02
   10    0 1.0100200000000D+04 1.5760000000000D+01
*---+----+-------------------+-------------------+---------+---------------------
*   1: printout of the result at time [hours]
*---+----+-------------------+-------------------+---------+---------------------
    1    0 1.0243200000000D+04
*---+----+-------------------+-------------------+---------+---------------------
    2    1 1.0243200000000D+04 2.0755000000000D+01
     0.637    0.9192     1.005    1.0598    1.0983    1.1243    1.1431    1.1399
    1.1019   0.77148
    3    1 1.0243200000000D+04 1.1116378000000D+13
     0.637    0.9192     1.005    1.0598    1.0983    1.1243    1.1431    1.1399
    1.1019   0.77148
    9    0 1.0243200000000D+04 2.9290000000000D+02
   10    0 1.0243200000000D+04 1.5760000000000D+01
*---+----+-------------------+-------------------+---------+---------------------
*   1: printout of the result at time [hours]
*---+----+-------------------+-------------------+---------+---------------------
    1    0 1.3699200000000D+04
*---+----+-------------------+-------------------+---------+---------------------
    2    1 1.3699200000000D+04 2.0729400000000D+01
   0.77696    1.0313    1.0627    1.0699    1.0718    1.0721    1.0709    1.0649
    1.0303   0.74913
    3    1 1.3699200000000D+04 1.0696370400000D+13
   0.77696    1.0313    1.0627    1.0699    1.0718    1.0721    1.0709    1.0649
    1.0303   0.74913
    9    0 1.3699200000000D+04 2.9290000000000D+02
   10    0 1.3699200000000D+04 1.5760000000000D+01
*---+----+-------------------+-------------------+---------+---------------------
*   1: printout of the result at time [hours]
*---+----+-------------------+-------------------+---------+---------------------
    1    0 1.5499200000000D+04
*---+----+-------------------+-------------------+---------+---------------------
    2    1 1.5499200000000D+04 2.0391300000000D+01
   0.81152    1.0542    1.0788    1.0782     1.072    1.0642    1.0555    1.0425
     1.003   0.74002
    3    1 1.5499200000000D+04 1.0399563000000D+13
   0.81152    1.0542    1.0788    1.0782     1.072    1.0642    1.0555    1.0425
     1.003   0.74002
    9    0 1.5499200000000D+04 2.9290000000000D+02
   10    0 1.5499200000000D+04 1.5760000000000D+01
*---+----+-------------------+-------------------+---------+---------------------
*   1: printout of the result at time [hours]
*---+----+-------------------+-------------------+---------+---------------------
    1    0 1.9893600000000D+04
*---+----+-------------------+-------------------+---------+---------------------
    2    1 1.9893600000000D+04 2.0094600000000D+01
   0.96737     1.073    1.0247   0.99932   0.99116   0.99251    1.0028    1.0252
    1.0486   0.87536
    3    1 1.9893600000000D+04 1.0073422980000D+13
   0.96737     1.073    1.0247   0.99932   0.99116   0.99251    1.0028    1.0252
    1.0486   0.87536
    9    0 1.9893600000000D+04 2.9290000000000D+02
   10    0 1.9893600000000D+04 1.5760000000000D+01
*---+----+-------------------+-------------------+---------+---------------------
*   1: printout of the result at time [hours]
*---+----+-------------------+-------------------+---------+---------------------
    1    0 2.0181600000000D+04
*---+----+-------------------+-------------------+---------+---------------------
    2    1 2.0181600000000D+04 1.9183900000000D+01
    0.9104    1.0109   0.97723   0.96972   0.97952   0.99829    1.0257     1.066
    1.1187    0.9436
    3    1 2.0181600000000D+04 9.5132960100000D+12
    0.9104    1.0109   0.97723   0.96972   0.97952   0.99829    1.0257     1.066
    1.1187    0.9436
    9    0 2.0181600000000D+04 2.8960000000000D+02
   10    0 2.0181600000000D+04 1.5760000000000D+01
* data point #1847 end
*  00:  last line of data set (finishing the program)
*---+----+-------------------+-------------------+---------+---------------------
00000    0 2.0181600000000D+04
*---+----+-------------------+-------------------+---------+---------------------
