* data point #121 begin
*
*---+----+-------------------+-------------------+---------+---------------------
*   1: printout of the result at time [hours]
*---+----+-------------------+-------------------+---------+---------------------
    1    0 0.0000000000000D+00
*---+----+-------------------+-------------------+---------+---------------------
    2    1 0.0000000000000D+00 2.2712300000000D+01
   0.55336   0.86411    1.0242     1.126    1.1908    1.2237    1.2182     1.166
    1.0261    0.6076
    3    1 0.0000000000000D+00 7.6563163300000D+12
   0.55336   0.86411    1.0242     1.126    1.1908    1.2237    1.2182     1.166
    1.0261    0.6076
    9    0 0.0000000000000D+00 2.9290000000000D+02
   10    0 0.0000000000000D+00 1.5800000000000D+01
*---+----+-------------------+-------------------+---------+---------------------
*   1: printout of the result at time [hours]
*---+----+-------------------+-------------------+---------+---------------------
    1    0 1.4400000000000D+02
*---+----+-------------------+-------------------+---------+---------------------
    2    1 1.4400000000000D+02 2.2987800000000D+01
   0.69924    1.0044    1.1038      1.14    1.1499    1.1437     1.122    1.0753
   0.96529    0.5964
    3    1 1.4400000000000D+02 7.7606812800000D+12
   0.69924    1.0044    1.1038      1.14    1.1499    1.1437     1.122    1.0753
   0.96529    0.5964
    9    0 1.4400000000000D+02 2.9290000000000D+02
   10    0 1.4400000000000D+02 1.5800000000000D+01
*---+----+-------------------+-------------------+---------+---------------------
*   1: printout of the result at time [hours]
*---+----+-------------------+-------------------+---------+---------------------
    1    0 3.6000000000000D+03
*---+----+-------------------+-------------------+---------+---------------------
    2    1 3.6000000000000D+03 2.3368600000000D+01
   0.82829    1.0892    1.1118    1.0988    1.0835    1.0701    1.0578    1.0398
   0.97806   0.64257
    3    1 3.6000000000000D+03 7.9593451600000D+12
   0.82829    1.0892    1.1118    1.0988    1.0835    1.0701    1.0578    1.0398
   0.97806   0.64257
    9    0 3.6000000000000D+03 2.9290000000000D+02
   10    0 3.6000000000000D+03 1.5800000000000D+01
*---+----+-------------------+-------------------+---------+---------------------
*   1: printout of the result at time [hours]
*---+----+-------------------+-------------------+---------+---------------------
    1    0 7.3968000000000D+03
*---+----+-------------------+-------------------+---------+---------------------
    2    1 7.3968000000000D+03 2.4373100000000D+01
    0.8909    1.1318    1.1121    1.0816     1.059    1.0421    1.0289    1.0163
   0.97337   0.66372
    3    1 7.3968000000000D+03 8.3331628900000D+12
    0.8909    1.1318    1.1121    1.0816     1.059    1.0421    1.0289    1.0163
   0.97337   0.66372
    9    0 7.3968000000000D+03 2.9290000000000D+02
   10    0 7.3968000000000D+03 1.5800000000000D+01
*---+----+-------------------+-------------------+---------+---------------------
*   1: printout of the result at time [hours]
*---+----+-------------------+-------------------+---------+---------------------
    1    0 7.9742000000000D+03
*---+----+-------------------+-------------------+---------+---------------------
    2    1 7.9742000000000D+03 2.3188900000000D+01
   0.82048    1.0487     1.048    1.0423    1.0464    1.0558    1.0681    1.0803
    1.0581   0.73182
    3    1 7.9742000000000D+03 7.8192970800000D+12
   0.82048    1.0487     1.048    1.0423    1.0464    1.0558    1.0681    1.0803
    1.0581   0.73182
    9    0 7.9742000000000D+03 2.8810000000000D+02
   10    0 7.9742000000000D+03 1.5800000000000D+01
*---+----+-------------------+-------------------+---------+---------------------
*   1: printout of the result at time [hours]
*---+----+-------------------+-------------------+---------+---------------------
    1    0 7.9762000000000D+03
*---+----+-------------------+-------------------+---------+---------------------
    2    1 7.9762000000000D+03 3.1668900000000D+01
   0.52373   0.83157   0.96975    1.0718     1.155    1.2145    1.2466    1.2239
    1.1054   0.65771
    3    1 7.9762000000000D+03 1.1543314050000D+13
   0.52373   0.83157   0.96975    1.0718     1.155    1.2145    1.2466    1.2239
    1.1054   0.65771
    9    0 7.9762000000000D+03 2.9290000000000D+02
   10    0 7.9762000000000D+03 1.5800000000000D+01
*---+----+-------------------+-------------------+---------+---------------------
*   1: printout of the result at time [hours]
*---+----+-------------------+-------------------+---------+---------------------
    1    0 8.1192000000000D+03
*---+----+-------------------+-------------------+---------+---------------------
    2    1 8.1192000000000D+03 3.1754000000000D+01
   0.69298    1.0132    1.0886    1.1165    1.1304    1.1341    1.1255    1.0942
   0.99452    0.6101
    3    1 8.1192000000000D+03 1.1577508400000D+13
   0.69298    1.0132    1.0886    1.1165    1.1304    1.1341    1.1255    1.0942
   0.99452    0.6101
    9    0 8.1192000000000D+03 2.9290000000000D+02
   10    0 8.1192000000000D+03 1.5800000000000D+01
*---+----+-------------------+-------------------+---------+---------------------
*   1: printout of the result at time [hours]
*---+----+-------------------+-------------------+---------+---------------------
    1    0 1.1575200000000D+04
*---+----+-------------------+-------------------+---------+---------------------
    2    1 1.1575200000000D+04 3.0494000000000D+01
    0.8786    1.1139    1.0894    1.0648    1.0494    1.0403    1.0371    1.0383
    1.0107   0.67744
    3    1 1.1575200000000D+04 1.1325471600000D+13
    0.8786    1.1139    1.0894    1.0648    1.0494    1.0403    1.0371    1.0383
    1.0107   0.67744
    9    0 1.1575200000000D+04 2.9290000000000D+02
   10    0 1.1575200000000D+04 1.5800000000000D+01
*---+----+-------------------+-------------------+---------+---------------------
*   1: printout of the result at time [hours]
*---+----+-------------------+-------------------+---------+---------------------
    1    0 1.1952000000000D+04
*---+----+-------------------+-------------------+---------+---------------------
    2    1 1.1952000000000D+04 3.0325800000000D+01
   0.89604    1.1231    1.0877    1.0607    1.0438    1.0335    1.0295    1.0315
    1.0088   0.68526
    3    1 1.1952000000000D+04 1.1287262760000D+13
   0.89604    1.1231    1.0877    1.0607    1.0438    1.0335    1.0295    1.0315
    1.0088   0.68526
    9    0 1.1952000000000D+04 2.9290000000000D+02
   10    0 1.1952000000000D+04 1.5800000000000D+01
*---+----+-------------------+-------------------+---------+---------------------
*   1: printout of the result at time [hours]
*---+----+-------------------+-------------------+---------+---------------------
    1    0 1.2935000000000D+04
*---+----+-------------------+-------------------+---------+---------------------
    2    1 1.2935000000000D+04 2.6206400000000D+01
     0.785   0.97205   0.97259   0.98575     1.012    1.0452    1.0855    1.1355
    1.1701    0.8364
    3    1 1.2935000000000D+04 9.5234057600000D+12
     0.785   0.97205   0.97259   0.98575     1.012    1.0452    1.0855    1.1355
    1.1701    0.8364
    9    0 1.2935000000000D+04 2.8270000000000D+02
   10    0 1.2935000000000D+04 1.5800000000000D+01
*---+----+-------------------+-------------------+---------+---------------------
*   1: printout of the result at time [hours]
*---+----+-------------------+-------------------+---------+---------------------
    1    0 1.2937000000000D+04
*---+----+-------------------+-------------------+---------+---------------------
    2    1 1.2937000000000D+04 2.7734400000000D+01
   0.46891   0.71355   0.84837   0.97168    1.0833    1.1779    1.2504    1.2931
    1.2753   0.91742
    3    1 1.2937000000000D+04 1.1274033600000D+13
   0.46891   0.71355   0.84837   0.97168    1.0833    1.1779    1.2504    1.2931
    1.2753   0.91742
    9    0 1.2937000000000D+04 2.9290000000000D+02
   10    0 1.2937000000000D+04 1.5800000000000D+01
*---+----+-------------------+-------------------+---------+---------------------
*   1: printout of the result at time [hours]
*---+----+-------------------+-------------------+---------+---------------------
    1    0 1.3080000000000D+04
*---+----+-------------------+-------------------+---------+---------------------
    2    1 1.3080000000000D+04 2.7761000000000D+01
   0.64227   0.90479   0.98955    1.0461    1.0875    1.1169    1.1359    1.1488
    1.1152    0.8129
    3    1 1.3080000000000D+04 1.1287622600000D+13
   0.64227   0.90479   0.98955    1.0461    1.0875    1.1169    1.1359    1.1488
    1.1152    0.8129
    9    0 1.3080000000000D+04 2.9290000000000D+02
   10    0 1.3080000000000D+04 1.5800000000000D+01
*---+----+-------------------+-------------------+---------+---------------------
*   1: printout of the result at time [hours]
*---+----+-------------------+-------------------+---------+---------------------
    1    0 1.6536000000000D+04
*---+----+-------------------+-------------------+---------+---------------------
    2    1 1.6536000000000D+04 2.6300700000000D+01
   0.78371    1.0194    1.0502    1.0591    1.0632    1.0659     1.071    1.0658
    1.0398   0.78199
    3    1 1.6536000000000D+04 1.0927940850000D+13
   0.78371    1.0194    1.0502    1.0591    1.0632    1.0659     1.071    1.0658
    1.0398   0.78199
    9    0 1.6536000000000D+04 2.9290000000000D+02
   10    0 1.6536000000000D+04 1.5800000000000D+01
*---+----+-------------------+-------------------+---------+---------------------
*   1: printout of the result at time [hours]
*---+----+-------------------+-------------------+---------+---------------------
    1    0 1.8336000000000D+04
*---+----+-------------------+-------------------+---------+---------------------
    2    1 1.8336000000000D+04 2.5380400000000D+01
   0.81985    1.0442    1.0676    1.0683     1.064    1.0584    1.0521    1.0429
    1.0118   0.77083
    3    1 1.8336000000000D+04 1.0659768000000D+13
   0.81985    1.0442    1.0676    1.0683     1.064    1.0584    1.0521    1.0429
    1.0118   0.77083
    9    0 1.8336000000000D+04 2.9290000000000D+02
   10    0 1.8336000000000D+04 1.5800000000000D+01
*---+----+-------------------+-------------------+---------+---------------------
*   1: printout of the result at time [hours]
*---+----+-------------------+-------------------+---------+---------------------
    1    0 2.2730400000000D+04
*---+----+-------------------+-------------------+---------+---------------------
    2    1 2.2730400000000D+04 2.4446400000000D+01
   0.97945    1.0673    1.0177   0.99274   0.98493   0.98669   0.99757    1.0217
    1.0513   0.90058
    3    1 2.2730400000000D+04 1.0360384320000D+13
   0.97945    1.0673    1.0177   0.99274   0.98493   0.98669   0.99757    1.0217
    1.0513   0.90058
    9    0 2.2730400000000D+04 2.9290000000000D+02
   10    0 2.2730400000000D+04 1.5800000000000D+01
*---+----+-------------------+-------------------+---------+---------------------
*   1: printout of the result at time [hours]
*---+----+-------------------+-------------------+---------+---------------------
    1    0 2.3018400000000D+04
*---+----+-------------------+-------------------+---------+---------------------
    2    1 2.3018400000000D+04 2.3317900000000D+01
     0.922    1.0058   0.97076   0.96325   0.97312   0.99203    1.0198    1.0617
    1.1219   0.96968
    3    1 2.3018400000000D+04 9.7818590500000D+12
     0.922    1.0058   0.97076   0.96325   0.97312   0.99203    1.0198    1.0617
    1.1219   0.96968
    9    0 2.3018400000000D+04 2.8960000000000D+02
   10    0 2.3018400000000D+04 1.5800000000000D+01
* data point #121 end
*  00:  last line of data set (finishing the program)
*---+----+-------------------+-------------------+---------+---------------------
00000    0 2.3018400000000D+04
*---+----+-------------------+-------------------+---------+---------------------
