* data point #1099 begin
*
*---+----+-------------------+-------------------+---------+---------------------
*   1: printout of the result at time [hours]
*---+----+-------------------+-------------------+---------+---------------------
    1    0 0.0000000000000D+00
*---+----+-------------------+-------------------+---------+---------------------
    2    1 0.0000000000000D+00 3.1094000000000D+01
   0.45202   0.73542   0.90886    1.0443    1.1552    1.2386    1.2907    1.2771
    1.1584   0.73947
    3    1 0.0000000000000D+00 1.1262246800000D+13
   0.45202   0.73542   0.90886    1.0443    1.1552    1.2386    1.2907    1.2771
    1.1584   0.73947
    9    0 0.0000000000000D+00 2.9060000000000D+02
   10    0 0.0000000000000D+00 1.5760000000000D+01
*---+----+-------------------+-------------------+---------+---------------------
*   1: printout of the result at time [hours]
*---+----+-------------------+-------------------+---------+---------------------
    1    0 1.5120000000000D+02
*---+----+-------------------+-------------------+---------+---------------------
    2    1 1.5120000000000D+02 3.0359200000000D+01
    0.6379   0.94334    1.0575    1.1109    1.1396    1.1537    1.1494    1.1195
    1.0182   0.67001
    3    1 1.5120000000000D+02 1.1032533280000D+13
    0.6379   0.94334    1.0575    1.1109    1.1396    1.1537    1.1494    1.1195
    1.0182   0.67001
    9    0 1.5120000000000D+02 2.9060000000000D+02
   10    0 1.5120000000000D+02 1.5760000000000D+01
*---+----+-------------------+-------------------+---------+---------------------
*   1: printout of the result at time [hours]
*---+----+-------------------+-------------------+---------+---------------------
    1    0 6.8208000000000D+03
*---+----+-------------------+-------------------+---------+---------------------
    2    1 6.8208000000000D+03 2.7189200000000D+01
   0.83695    1.1272    1.1299    1.1022    1.0771    1.0555    1.0369    1.0173
   0.95854   0.65839
    3    1 6.8208000000000D+03 1.0576598800000D+13
   0.83695    1.1272    1.1299    1.1022    1.0771    1.0555    1.0369    1.0173
   0.95854   0.65839
    9    0 6.8208000000000D+03 2.9060000000000D+02
   10    0 6.8208000000000D+03 1.5760000000000D+01
*---+----+-------------------+-------------------+---------+---------------------
*   1: printout of the result at time [hours]
*---+----+-------------------+-------------------+---------+---------------------
    1    0 1.0098200000000D+04
*---+----+-------------------+-------------------+---------+---------------------
    2    1 1.0098200000000D+04 2.6722700000000D+01
   0.93112    1.1331    1.0713    1.0386    1.0218    1.0122    1.0093    1.0168
    1.0133   0.75251
    3    1 1.0098200000000D+04 1.0566155580000D+13
   0.93112    1.1331    1.0713    1.0386    1.0218    1.0122    1.0093    1.0168
    1.0133   0.75251
    9    0 1.0098200000000D+04 2.9060000000000D+02
   10    0 1.0098200000000D+04 1.5760000000000D+01
*---+----+-------------------+-------------------+---------+---------------------
*   1: printout of the result at time [hours]
*---+----+-------------------+-------------------+---------+---------------------
    1    0 1.0100200000000D+04
*---+----+-------------------+-------------------+---------+---------------------
    2    1 1.0100200000000D+04 2.6359700000000D+01
   0.48885   0.75039   0.88931    1.0092    1.1115    1.1921     1.246    1.2709
    1.2173   0.82448
    3    1 1.0100200000000D+04 1.1461197560000D+13
   0.48885   0.75039   0.88931    1.0092    1.1115    1.1921     1.246    1.2709
    1.2173   0.82448
    9    0 1.0100200000000D+04 2.9290000000000D+02
   10    0 1.0100200000000D+04 1.5760000000000D+01
*---+----+-------------------+-------------------+---------+---------------------
*   1: printout of the result at time [hours]
*---+----+-------------------+-------------------+---------+---------------------
    1    0 1.0243200000000D+04
*---+----+-------------------+-------------------+---------+---------------------
    2    1 1.0243200000000D+04 2.6284200000000D+01
   0.66432    0.9422    1.0261    1.0756    1.1065    1.1239    1.1328    1.1191
    1.0709   0.73843
    3    1 1.0243200000000D+04 1.1417856480000D+13
   0.66432    0.9422    1.0261    1.0756    1.1065    1.1239    1.1328    1.1191
    1.0709   0.73843
    9    0 1.0243200000000D+04 2.9290000000000D+02
   10    0 1.0243200000000D+04 1.5760000000000D+01
*---+----+-------------------+-------------------+---------+---------------------
*   1: printout of the result at time [hours]
*---+----+-------------------+-------------------+---------+---------------------
    1    0 1.3699200000000D+04
*---+----+-------------------+-------------------+---------+---------------------
    2    1 1.3699200000000D+04 2.5377900000000D+01
   0.79152    1.0453     1.078    1.0826    1.0803    1.0758     1.069    1.0551
    1.0084   0.71409
    3    1 1.3699200000000D+04 1.1158662630000D+13
   0.79152    1.0453     1.078    1.0826    1.0803    1.0758     1.069    1.0551
    1.0084   0.71409
    9    0 1.3699200000000D+04 2.9290000000000D+02
   10    0 1.3699200000000D+04 1.5760000000000D+01
*---+----+-------------------+-------------------+---------+---------------------
*   1: printout of the result at time [hours]
*---+----+-------------------+-------------------+---------+---------------------
    1    0 1.5499200000000D+04
*---+----+-------------------+-------------------+---------+---------------------
    2    1 1.5499200000000D+04 2.4811500000000D+01
   0.81724    1.0691    1.0984    1.0955    1.0847    1.0714    1.0561    1.0338
   0.97822   0.69556
    3    1 1.5499200000000D+04 1.0991494500000D+13
   0.81724    1.0691    1.0984    1.0955    1.0847    1.0714    1.0561    1.0338
   0.97822   0.69556
    9    0 1.5499200000000D+04 2.9290000000000D+02
   10    0 1.5499200000000D+04 1.5760000000000D+01
*---+----+-------------------+-------------------+---------+---------------------
*   1: printout of the result at time [hours]
*---+----+-------------------+-------------------+---------+---------------------
    1    0 1.9893600000000D+04
*---+----+-------------------+-------------------+---------+---------------------
    2    1 1.9893600000000D+04 2.3775000000000D+01
   0.95542    1.0684    1.0239    1.0013   0.99664    1.0019     1.016    1.0403
    1.0543   0.84181
    3    1 1.9893600000000D+04 1.0565610000000D+13
   0.95542    1.0684    1.0239    1.0013   0.99664    1.0019     1.016    1.0403
    1.0543   0.84181
    9    0 1.9893600000000D+04 2.9290000000000D+02
   10    0 1.9893600000000D+04 1.5760000000000D+01
*---+----+-------------------+-------------------+---------+---------------------
*   1: printout of the result at time [hours]
*---+----+-------------------+-------------------+---------+---------------------
    1    0 2.0181600000000D+04
*---+----+-------------------+-------------------+---------+---------------------
    2    1 2.0181600000000D+04 2.2736100000000D+01
   0.89738    1.0047   0.97523   0.97097   0.98487    1.0082      1.04     1.083
    1.1261   0.90948
    3    1 2.0181600000000D+04 9.9947895600000D+12
   0.89738    1.0047   0.97523   0.97097   0.98487    1.0082      1.04     1.083
    1.1261   0.90948
    9    0 2.0181600000000D+04 2.8960000000000D+02
   10    0 2.0181600000000D+04 1.5760000000000D+01
* data point #1099 end
*  00:  last line of data set (finishing the program)
*---+----+-------------------+-------------------+---------+---------------------
00000    0 2.0181600000000D+04
*---+----+-------------------+-------------------+---------+---------------------
