* data point #1812 begin
*
*---+----+-------------------+-------------------+---------+---------------------
*   1: printout of the result at time [hours]
*---+----+-------------------+-------------------+---------+---------------------
    1    0 0.0000000000000D+00
*---+----+-------------------+-------------------+---------+---------------------
    2    1 0.0000000000000D+00 2.8597500000000D+01
   0.45343    0.7365   0.90893    1.0436    1.1539     1.237    1.2891    1.2762
    1.1592   0.74206
    3    1 0.0000000000000D+00 9.8232412500000D+12
   0.45343    0.7365   0.90893    1.0436    1.1539     1.237    1.2891    1.2762
    1.1592   0.74206
    9    0 0.0000000000000D+00 2.9060000000000D+02
   10    0 0.0000000000000D+00 1.5760000000000D+01
*---+----+-------------------+-------------------+---------+---------------------
*   1: printout of the result at time [hours]
*---+----+-------------------+-------------------+---------+---------------------
    1    0 1.5120000000000D+02
*---+----+-------------------+-------------------+---------+---------------------
    2    1 1.5120000000000D+02 2.7898600000000D+01
   0.63867   0.94327    1.0564    1.1095    1.1382    1.1526    1.1487    1.1196
      1.02   0.67304
    3    1 1.5120000000000D+02 9.6026981200000D+12
   0.63867   0.94327    1.0564    1.1095    1.1382    1.1526    1.1487    1.1196
      1.02   0.67304
    9    0 1.5120000000000D+02 2.9060000000000D+02
   10    0 1.5120000000000D+02 1.5760000000000D+01
*---+----+-------------------+-------------------+---------+---------------------
*   1: printout of the result at time [hours]
*---+----+-------------------+-------------------+---------+---------------------
    1    0 6.8208000000000D+03
*---+----+-------------------+-------------------+---------+---------------------
    2    1 6.8208000000000D+03 2.6367400000000D+01
   0.83736    1.1263    1.1282    1.1007    1.0758    1.0547    1.0366    1.0178
   0.96073   0.66176
    3    1 6.8208000000000D+03 9.3894311400000D+12
   0.83736    1.1263    1.1282    1.1007    1.0758    1.0547    1.0366    1.0178
   0.96073   0.66176
    9    0 6.8208000000000D+03 2.9060000000000D+02
   10    0 6.8208000000000D+03 1.5760000000000D+01
*---+----+-------------------+-------------------+---------+---------------------
*   1: printout of the result at time [hours]
*---+----+-------------------+-------------------+---------+---------------------
    1    0 1.0098200000000D+04
*---+----+-------------------+-------------------+---------+---------------------
    2    1 1.0098200000000D+04 2.6250400000000D+01
   0.93176    1.1326    1.0702    1.0377     1.021    1.0116    1.0087    1.0166
    1.0142   0.75572
    3    1 1.0098200000000D+04 9.4816444800000D+12
   0.93176    1.1326    1.0702    1.0377     1.021    1.0116    1.0087    1.0166
    1.0142   0.75572
    9    0 1.0098200000000D+04 2.9060000000000D+02
   10    0 1.0098200000000D+04 1.5760000000000D+01
*---+----+-------------------+-------------------+---------+---------------------
*   1: printout of the result at time [hours]
*---+----+-------------------+-------------------+---------+---------------------
    1    0 1.0100200000000D+04
*---+----+-------------------+-------------------+---------+---------------------
    2    1 1.0100200000000D+04 2.7546200000000D+01
   0.48823    0.7494   0.88843    1.0086    1.1111    1.1921    1.2465    1.2718
    1.2184   0.82552
    3    1 1.0100200000000D+04 1.0897276720000D+13
   0.48823    0.7494   0.88843    1.0086    1.1111    1.1921    1.2465    1.2718
    1.2184   0.82552
    9    0 1.0100200000000D+04 2.9290000000000D+02
   10    0 1.0100200000000D+04 1.5760000000000D+01
*---+----+-------------------+-------------------+---------+---------------------
*   1: printout of the result at time [hours]
*---+----+-------------------+-------------------+---------+---------------------
    1    0 1.0243200000000D+04
*---+----+-------------------+-------------------+---------+---------------------
    2    1 1.0243200000000D+04 2.7479700000000D+01
   0.66384   0.94146    1.0256    1.0753    1.1064    1.1241    1.1331    1.1196
    1.0716   0.73909
    3    1 1.0243200000000D+04 1.0873717290000D+13
   0.66384   0.94146    1.0256    1.0753    1.1064    1.1241    1.1331    1.1196
    1.0716   0.73909
    9    0 1.0243200000000D+04 2.9290000000000D+02
   10    0 1.0243200000000D+04 1.5760000000000D+01
*---+----+-------------------+-------------------+---------+---------------------
*   1: printout of the result at time [hours]
*---+----+-------------------+-------------------+---------+---------------------
    1    0 1.3699200000000D+04
*---+----+-------------------+-------------------+---------+---------------------
    2    1 1.3699200000000D+04 2.6432000000000D+01
   0.79139    1.0452    1.0781    1.0827    1.0805    1.0759     1.069     1.055
    1.0081   0.71395
    3    1 1.3699200000000D+04 1.0736678400000D+13
   0.79139    1.0452    1.0781    1.0827    1.0805    1.0759     1.069     1.055
    1.0081   0.71395
    9    0 1.3699200000000D+04 2.9290000000000D+02
   10    0 1.3699200000000D+04 1.5760000000000D+01
*---+----+-------------------+-------------------+---------+---------------------
*   1: printout of the result at time [hours]
*---+----+-------------------+-------------------+---------+---------------------
    1    0 1.5499200000000D+04
*---+----+-------------------+-------------------+---------+---------------------
    2    1 1.5499200000000D+04 2.5823400000000D+01
   0.81717    1.0691    1.0987    1.0958    1.0849    1.0716    1.0561    1.0337
    0.9778   0.69518
    3    1 1.5499200000000D+04 1.0618582080000D+13
   0.81717    1.0691    1.0987    1.0958    1.0849    1.0716    1.0561    1.0337
    0.9778   0.69518
    9    0 1.5499200000000D+04 2.9290000000000D+02
   10    0 1.5499200000000D+04 1.5760000000000D+01
*---+----+-------------------+-------------------+---------+---------------------
*   1: printout of the result at time [hours]
*---+----+-------------------+-------------------+---------+---------------------
    1    0 1.9893600000000D+04
*---+----+-------------------+-------------------+---------+---------------------
    2    1 1.9893600000000D+04 2.4629500000000D+01
   0.95536    1.0686    1.0241    1.0015   0.99677     1.002     1.016    1.0402
    1.0539   0.84163
    3    1 1.9893600000000D+04 1.0275427400000D+13
   0.95536    1.0686    1.0241    1.0015   0.99677     1.002     1.016    1.0402
    1.0539   0.84163
    9    0 1.9893600000000D+04 2.9290000000000D+02
   10    0 1.9893600000000D+04 1.5760000000000D+01
*---+----+-------------------+-------------------+---------+---------------------
*   1: printout of the result at time [hours]
*---+----+-------------------+-------------------+---------+---------------------
    1    0 2.0181600000000D+04
*---+----+-------------------+-------------------+---------+---------------------
    2    1 2.0181600000000D+04 2.3518000000000D+01
    0.8974    1.0049   0.97551   0.97117   0.98499    1.0082    1.0399    1.0828
    1.1258   0.90926
    3    1 2.0181600000000D+04 9.7152858000000D+12
    0.8974    1.0049   0.97551   0.97117   0.98499    1.0082    1.0399    1.0828
    1.1258   0.90926
    9    0 2.0181600000000D+04 2.8960000000000D+02
   10    0 2.0181600000000D+04 1.5760000000000D+01
* data point #1812 end
*  00:  last line of data set (finishing the program)
*---+----+-------------------+-------------------+---------+---------------------
00000    0 2.0181600000000D+04
*---+----+-------------------+-------------------+---------+---------------------
