* data point #1582 begin
*
*---+----+-------------------+-------------------+---------+---------------------
*   1: printout of the result at time [hours]
*---+----+-------------------+-------------------+---------+---------------------
    1    0 0.0000000000000D+00
*---+----+-------------------+-------------------+---------+---------------------
    2    1 0.0000000000000D+00 2.7897500000000D+01
   0.59518   0.88671    1.0396    1.1333    1.1851    1.2116    1.1779    1.1149
   0.99317   0.66264
    3    1 0.0000000000000D+00 1.0589891000000D+13
   0.59518   0.88671    1.0396    1.1333    1.1851    1.2116    1.1779    1.1149
   0.99317   0.66264
    9    0 0.0000000000000D+00 2.9290000000000D+02
   10    0 0.0000000000000D+00 1.5780769230769D+01
*---+----+-------------------+-------------------+---------+---------------------
*   1: printout of the result at time [hours]
*---+----+-------------------+-------------------+---------+---------------------
    1    0 1.4400000000000D+02
*---+----+-------------------+-------------------+---------+---------------------
    2    1 1.4400000000000D+02 2.7566000000000D+01
   0.74548    1.0247    1.1143    1.1421    1.1412    1.1223    1.0878     1.033
   0.93822   0.65077
    3    1 1.4400000000000D+02 1.0491619600000D+13
   0.74548    1.0247    1.1143    1.1421    1.1412    1.1223    1.0878     1.033
   0.93822   0.65077
    9    0 1.4400000000000D+02 2.9290000000000D+02
   10    0 1.4400000000000D+02 1.5780769230769D+01
*---+----+-------------------+-------------------+---------+---------------------
*   1: printout of the result at time [hours]
*---+----+-------------------+-------------------+---------+---------------------
    1    0 3.6000000000000D+03
*---+----+-------------------+-------------------+---------+---------------------
    2    1 3.6000000000000D+03 2.9508800000000D+01
   0.86327     1.119    1.1313    1.1062    1.0791    1.0547     1.032    1.0049
   0.94267   0.66689
    3    1 3.6000000000000D+03 1.1275312480000D+13
   0.86327     1.119    1.1313    1.1062    1.0791    1.0547     1.032    1.0049
   0.94267   0.66689
    9    0 3.6000000000000D+03 2.9290000000000D+02
   10    0 3.6000000000000D+03 1.5780769230769D+01
*---+----+-------------------+-------------------+---------+---------------------
*   1: printout of the result at time [hours]
*---+----+-------------------+-------------------+---------+---------------------
    1    0 6.7920000000000D+03
*---+----+-------------------+-------------------+---------+---------------------
    2    1 6.7920000000000D+03 3.2238100000000D+01
   0.91001    1.1775    1.1493    1.1065    1.0692    1.0362    1.0065   0.97717
   0.91736   0.65019
    3    1 6.7920000000000D+03 1.2166658940000D+13
   0.91001    1.1775    1.1493    1.1065    1.0692    1.0362    1.0065   0.97717
   0.91736   0.65019
    9    0 6.7920000000000D+03 2.9290000000000D+02
   10    0 6.7920000000000D+03 1.5780769230769D+01
*---+----+-------------------+-------------------+---------+---------------------
*   1: printout of the result at time [hours]
*---+----+-------------------+-------------------+---------+---------------------
    1    0 7.2878000000000D+03
*---+----+-------------------+-------------------+---------+---------------------
    2    1 7.2878000000000D+03 3.0997000000000D+01
    0.8425    1.0909    1.0774    1.0635    1.0584    1.0557    1.0524    1.0445
   0.99945    0.7153
    3    1 7.2878000000000D+03 1.1577379500000D+13
    0.8425    1.0909    1.0774    1.0635    1.0584    1.0557    1.0524    1.0445
   0.99945    0.7153
    9    0 7.2878000000000D+03 2.8920000000000D+02
   10    0 7.2878000000000D+03 1.5780769230769D+01
*---+----+-------------------+-------------------+---------+---------------------
*   1: printout of the result at time [hours]
*---+----+-------------------+-------------------+---------+---------------------
    1    0 7.2898000000000D+03
*---+----+-------------------+-------------------+---------+---------------------
    2    1 7.2898000000000D+03 2.4961400000000D+01
   0.46368   0.74639   0.89682     1.025     1.135     1.221    1.2744    1.2782
    1.1849   0.77464
    3    1 7.2898000000000D+03 9.8447761600000D+12
   0.46368   0.74639   0.89682     1.025     1.135     1.221    1.2744    1.2782
    1.1849   0.77464
    9    0 7.2898000000000D+03 2.9290000000000D+02
   10    0 7.2898000000000D+03 1.5780769230769D+01
*---+----+-------------------+-------------------+---------+---------------------
*   1: printout of the result at time [hours]
*---+----+-------------------+-------------------+---------+---------------------
    1    0 7.4328000000000D+03
*---+----+-------------------+-------------------+---------+---------------------
    2    1 7.4328000000000D+03 2.5673600000000D+01
   0.60428    0.8989     0.999    1.0659    1.1166    1.1534    1.1778    1.1664
    1.0879   0.72985
    3    1 7.4328000000000D+03 1.0138504640000D+13
   0.60428    0.8989     0.999    1.0659    1.1166    1.1534    1.1778    1.1664
    1.0879   0.72985
    9    0 7.4328000000000D+03 2.9290000000000D+02
   10    0 7.4328000000000D+03 1.5780769230769D+01
*---+----+-------------------+-------------------+---------+---------------------
*   1: printout of the result at time [hours]
*---+----+-------------------+-------------------+---------+---------------------
    1    0 1.0888800000000D+04
*---+----+-------------------+-------------------+---------+---------------------
    2    1 1.0888800000000D+04 2.5568200000000D+01
   0.77327    1.0186    1.0404    1.0467    1.0546    1.0651    1.0781    1.0948
    1.0643   0.76415
    3    1 1.0888800000000D+04 1.0176143600000D+13
   0.77327    1.0186    1.0404    1.0467    1.0546    1.0651    1.0781    1.0948
    1.0643   0.76415
    9    0 1.0888800000000D+04 2.9290000000000D+02
   10    0 1.0888800000000D+04 1.5780769230769D+01
*---+----+-------------------+-------------------+---------+---------------------
*   1: printout of the result at time [hours]
*---+----+-------------------+-------------------+---------+---------------------
    1    0 1.4685600000000D+04
*---+----+-------------------+-------------------+---------+---------------------
    2    1 1.4685600000000D+04 2.4578400000000D+01
   0.90283      1.07    1.0353     1.019    1.0145    1.0168    1.0255    1.0418
    1.0479   0.82621
    3    1 1.4685600000000D+04 9.8756011200000D+12
   0.90283      1.07    1.0353     1.019    1.0145    1.0168    1.0255    1.0418
    1.0479   0.82621
    9    0 1.4685600000000D+04 2.9290000000000D+02
   10    0 1.4685600000000D+04 1.5780769230769D+01
*---+----+-------------------+-------------------+---------+---------------------
*   1: printout of the result at time [hours]
*---+----+-------------------+-------------------+---------+---------------------
    1    0 1.5263000000000D+04
*---+----+-------------------+-------------------+---------+---------------------
    2    1 1.5263000000000D+04 2.2712400000000D+01
   0.83888   0.98374   0.97242   0.97718   0.99567    1.0215    1.0542    1.0968
    1.1409   0.91875
    3    1 1.5263000000000D+04 8.9986528800000D+12
   0.83888   0.98374   0.97242   0.97718   0.99567    1.0215    1.0542    1.0968
    1.1409   0.91875
    9    0 1.5263000000000D+04 2.8810000000000D+02
   10    0 1.5263000000000D+04 1.5780769230769D+01
*---+----+-------------------+-------------------+---------+---------------------
*   1: printout of the result at time [hours]
*---+----+-------------------+-------------------+---------+---------------------
    1    0 1.5265000000000D+04
*---+----+-------------------+-------------------+---------+---------------------
    2    1 1.5265000000000D+04 2.8083400000000D+01
   0.53929   0.79189   0.90933    1.0171    1.1166    1.1976    1.2505    1.2688
     1.181   0.72801
    3    1 1.5265000000000D+04 1.2148878840000D+13
   0.53929   0.79189   0.90933    1.0171    1.1166    1.1976    1.2505    1.2688
     1.181   0.72801
    9    0 1.5265000000000D+04 2.9290000000000D+02
   10    0 1.5265000000000D+04 1.5780769230769D+01
*---+----+-------------------+-------------------+---------+---------------------
*   1: printout of the result at time [hours]
*---+----+-------------------+-------------------+---------+---------------------
    1    0 1.5408000000000D+04
*---+----+-------------------+-------------------+---------+---------------------
    2    1 1.5408000000000D+04 2.8115800000000D+01
    0.7165   0.97237    1.0301    1.0678    1.0992    1.1226    1.1385    1.1268
    1.0574    0.6687
    3    1 1.5408000000000D+04 1.2160083500000D+13
    0.7165   0.97237    1.0301    1.0678    1.0992    1.1226    1.1385    1.1268
    1.0574    0.6687
    9    0 1.5408000000000D+04 2.9290000000000D+02
   10    0 1.5408000000000D+04 1.5780769230769D+01
*---+----+-------------------+-------------------+---------+---------------------
*   1: printout of the result at time [hours]
*---+----+-------------------+-------------------+---------+---------------------
    1    0 1.8864000000000D+04
*---+----+-------------------+-------------------+---------+---------------------
    2    1 1.8864000000000D+04 2.6448000000000D+01
   0.91583    1.0749    1.0412    1.0262     1.023    1.0268    1.0372    1.0549
    1.0523   0.74766
    3    1 1.8864000000000D+04 1.1502235200000D+13
   0.91583    1.0749    1.0412    1.0262     1.023    1.0268    1.0372    1.0549
    1.0523   0.74766
    9    0 1.8864000000000D+04 2.9290000000000D+02
   10    0 1.8864000000000D+04 1.5780769230769D+01
*---+----+-------------------+-------------------+---------+---------------------
*   1: printout of the result at time [hours]
*---+----+-------------------+-------------------+---------+---------------------
    1    0 1.9240800000000D+04
*---+----+-------------------+-------------------+---------+---------------------
    2    1 1.9240800000000D+04 2.6312800000000D+01
   0.93555    1.0818    1.0407     1.023    1.0179      1.02    1.0292    1.0472
    1.0491   0.75545
    3    1 1.9240800000000D+04 1.1451330560000D+13
   0.93555    1.0818    1.0407     1.023    1.0179      1.02    1.0292    1.0472
    1.0491   0.75545
    9    0 1.9240800000000D+04 2.9290000000000D+02
   10    0 1.9240800000000D+04 1.5780769230769D+01
*---+----+-------------------+-------------------+---------+---------------------
*   1: printout of the result at time [hours]
*---+----+-------------------+-------------------+---------+---------------------
    1    0 2.0223800000000D+04
*---+----+-------------------+-------------------+---------+---------------------
    2    1 2.0223800000000D+04 2.2482500000000D+01
   0.81499   0.92814   0.92436   0.94473   0.98103     1.026    1.0804    1.1495
    1.2226   0.92841
    3    1 2.0223800000000D+04 9.4988562500000D+12
   0.81499   0.92814   0.92436   0.94473   0.98103     1.026    1.0804    1.1495
    1.2226   0.92841
    9    0 2.0223800000000D+04 2.8270000000000D+02
   10    0 2.0223800000000D+04 1.5780769230769D+01
*---+----+-------------------+-------------------+---------+---------------------
*   1: printout of the result at time [hours]
*---+----+-------------------+-------------------+---------+---------------------
    1    0 2.0225800000000D+04
*---+----+-------------------+-------------------+---------+---------------------
    2    1 2.0225800000000D+04 2.0582200000000D+01
   0.48858   0.70046   0.82192   0.93673    1.0483    1.1523    1.2428    1.3091
    1.3178   0.98196
    3    1 2.0225800000000D+04 9.6592264600000D+12
   0.48858   0.70046   0.82192   0.93673    1.0483    1.1523    1.2428    1.3091
    1.3178   0.98196
    9    0 2.0225800000000D+04 2.9060000000000D+02
   10    0 2.0225800000000D+04 1.5780769230769D+01
*---+----+-------------------+-------------------+---------+---------------------
*   1: printout of the result at time [hours]
*---+----+-------------------+-------------------+---------+---------------------
    1    0 2.0376000000000D+04
*---+----+-------------------+-------------------+---------+---------------------
    2    1 2.0376000000000D+04 2.0839000000000D+01
   0.66112   0.88162   0.95768    1.0119    1.0584       1.1    1.1365    1.1641
    1.1546   0.87418
    3    1 2.0376000000000D+04 9.7547359000000D+12
   0.66112   0.88162   0.95768    1.0119    1.0584       1.1    1.1365    1.1641
    1.1546   0.87418
    9    0 2.0376000000000D+04 2.9060000000000D+02
   10    0 2.0376000000000D+04 1.5780769230769D+01
*---+----+-------------------+-------------------+---------+---------------------
*   1: printout of the result at time [hours]
*---+----+-------------------+-------------------+---------+---------------------
    1    0 2.4014400000000D+04
*---+----+-------------------+-------------------+---------+---------------------
    2    1 2.4014400000000D+04 2.0790600000000D+01
   0.84062    1.0247      1.03    1.0256    1.0273    1.0353    1.0492    1.0675
     1.066   0.83374
    3    1 2.4014400000000D+04 9.7736610600000D+12
   0.84062    1.0247      1.03    1.0256    1.0273    1.0353    1.0492    1.0675
     1.066   0.83374
    9    0 2.4014400000000D+04 2.9060000000000D+02
   10    0 2.4014400000000D+04 1.5780769230769D+01
*---+----+-------------------+-------------------+---------+---------------------
*   1: printout of the result at time [hours]
*---+----+-------------------+-------------------+---------+---------------------
    1    0 2.7424800000000D+04
*---+----+-------------------+-------------------+---------+---------------------
    2    1 2.7424800000000D+04 2.0560900000000D+01
   0.93464    1.0669    1.0376    1.0217    1.0145    1.0117    1.0139    1.0241
     1.029   0.84597
    3    1 2.7424800000000D+04 9.6924082600000D+12
   0.93464    1.0669    1.0376    1.0217    1.0145    1.0117    1.0139    1.0241
     1.029   0.84597
    9    0 2.7424800000000D+04 2.9060000000000D+02
   10    0 2.7424800000000D+04 1.5780769230769D+01
*---+----+-------------------+-------------------+---------+---------------------
*   1: printout of the result at time [hours]
*---+----+-------------------+-------------------+---------+---------------------
    1    0 2.9108600000000D+04
*---+----+-------------------+-------------------+---------+---------------------
    2    1 2.9108600000000D+04 2.0441200000000D+01
   0.99417     1.056    1.0174   0.99891   0.99309    0.9926   0.99789    1.0149
    1.0387   0.89628
    3    1 2.9108600000000D+04 9.6155404800000D+12
   0.99417     1.056    1.0174   0.99891   0.99309    0.9926   0.99789    1.0149
    1.0387   0.89628
    9    0 2.9108600000000D+04 2.9060000000000D+02
   10    0 2.9108600000000D+04 1.5780769230769D+01
*---+----+-------------------+-------------------+---------+---------------------
*   1: printout of the result at time [hours]
*---+----+-------------------+-------------------+---------+---------------------
    1    0 2.9110600000000D+04
*---+----+-------------------+-------------------+---------+---------------------
    2    1 2.9110600000000D+04 6.4595000000000D+00
   0.52605   0.71848   0.85719   0.97794      1.08    1.1617    1.2187    1.2489
     1.229   0.98212
    3    1 2.9110600000000D+04 3.2517123000000D+12
   0.52605   0.71848   0.85719   0.97794      1.08    1.1617    1.2187    1.2489
     1.229   0.98212
    9    0 2.9110600000000D+04 2.9290000000000D+02
   10    0 2.9110600000000D+04 1.5780769230769D+01
*---+----+-------------------+-------------------+---------+---------------------
*   1: printout of the result at time [hours]
*---+----+-------------------+-------------------+---------+---------------------
    1    0 2.9253600000000D+04
*---+----+-------------------+-------------------+---------+---------------------
    2    1 2.9253600000000D+04 6.7583000000000D+00
   0.71157   0.89549   0.98176    1.0369    1.0725    1.0955    1.1123    1.1069
    1.0938   0.89327
    3    1 2.9253600000000D+04 3.3433310100000D+12
   0.71157   0.89549   0.98176    1.0369    1.0725    1.0955    1.1123    1.1069
    1.0938   0.89327
    9    0 2.9253600000000D+04 2.9290000000000D+02
   10    0 2.9253600000000D+04 1.5780769230769D+01
*---+----+-------------------+-------------------+---------+---------------------
*   1: printout of the result at time [hours]
*---+----+-------------------+-------------------+---------+---------------------
    1    0 3.2709600000000D+04
*---+----+-------------------+-------------------+---------+---------------------
    2    1 3.2709600000000D+04 7.8743000000000D+00
   0.81658   0.99285    1.0415    1.0572    1.0619    1.0632    1.0619    1.0532
    1.0252   0.82636
    3    1 3.2709600000000D+04 3.8347841000000D+12
   0.81658   0.99285    1.0415    1.0572    1.0619    1.0632    1.0619    1.0532
    1.0252   0.82636
    9    0 3.2709600000000D+04 2.9290000000000D+02
   10    0 3.2709600000000D+04 1.5780769230769D+01
*---+----+-------------------+-------------------+---------+---------------------
*   1: printout of the result at time [hours]
*---+----+-------------------+-------------------+---------+---------------------
    1    0 3.4509600000000D+04
*---+----+-------------------+-------------------+---------+---------------------
    2    1 3.4509600000000D+04 8.4339000000000D+00
   0.83508    1.0224    1.0728    1.0809    1.0753    1.0655    1.0523    1.0307
   0.98412    0.7809
    3    1 3.4509600000000D+04 4.0845377700000D+12
   0.83508    1.0224    1.0728    1.0809    1.0753    1.0655    1.0523    1.0307
   0.98412    0.7809
    9    0 3.4509600000000D+04 2.9290000000000D+02
   10    0 3.4509600000000D+04 1.5780769230769D+01
*---+----+-------------------+-------------------+---------+---------------------
*   1: printout of the result at time [hours]
*---+----+-------------------+-------------------+---------+---------------------
    1    0 3.8904000000000D+04
*---+----+-------------------+-------------------+---------+---------------------
    2    1 3.8904000000000D+04 1.0307900000000D+01
   0.93142    1.0377    1.0158   0.99962   0.99972    1.0098    1.0281     1.053
    1.0565   0.86836
    3    1 3.8904000000000D+04 4.8529593200000D+12
   0.93142    1.0377    1.0158   0.99962   0.99972    1.0098    1.0281     1.053
    1.0565   0.86836
    9    0 3.8904000000000D+04 2.9290000000000D+02
   10    0 3.8904000000000D+04 1.5780769230769D+01
*---+----+-------------------+-------------------+---------+---------------------
*   1: printout of the result at time [hours]
*---+----+-------------------+-------------------+---------+---------------------
    1    0 3.9192000000000D+04
*---+----+-------------------+-------------------+---------+---------------------
    2    1 3.9192000000000D+04 9.9361000000000D+00
   0.87861   0.97956   0.96919    0.9702   0.98832    1.0161    1.0522    1.0959
    1.1176   0.93226
    3    1 3.9192000000000D+04 4.6322098200000D+12
   0.87861   0.97956   0.96919    0.9702   0.98832    1.0161    1.0522    1.0959
    1.1176   0.93226
    9    0 3.9192000000000D+04 2.8960000000000D+02
   10    0 3.9192000000000D+04 1.5780769230769D+01
* data point #1582 end
*  00:  last line of data set (finishing the program)
*---+----+-------------------+-------------------+---------+---------------------
00000    0 3.9192000000000D+04
*---+----+-------------------+-------------------+---------+---------------------
