* data point #1088 begin
*
*---+----+-------------------+-------------------+---------+---------------------
*   1: printout of the result at time [hours]
*---+----+-------------------+-------------------+---------+---------------------
    1    0 0.0000000000000D+00
*---+----+-------------------+-------------------+---------+---------------------
    2    1 0.0000000000000D+00 2.7067400000000D+01
   0.55284   0.86292    1.0229     1.125    1.1903    1.2238    1.2188    1.1673
    1.0277   0.60833
    3    1 0.0000000000000D+00 9.8471201200000D+12
   0.55284   0.86292    1.0229     1.125    1.1903    1.2238    1.2188    1.1673
    1.0277   0.60833
    9    0 0.0000000000000D+00 2.9290000000000D+02
   10    0 0.0000000000000D+00 1.5800000000000D+01
*---+----+-------------------+-------------------+---------+---------------------
*   1: printout of the result at time [hours]
*---+----+-------------------+-------------------+---------+---------------------
    1    0 1.4400000000000D+02
*---+----+-------------------+-------------------+---------+---------------------
    2    1 1.4400000000000D+02 2.7145300000000D+01
    0.6988    1.0032    1.1025     1.139    1.1494    1.1437    1.1227    1.0765
   0.96694   0.59719
    3    1 1.4400000000000D+02 9.8917473200000D+12
    0.6988    1.0032    1.1025     1.139    1.1494    1.1437    1.1227    1.0765
   0.96694   0.59719
    9    0 1.4400000000000D+02 2.9290000000000D+02
   10    0 1.4400000000000D+02 1.5800000000000D+01
*---+----+-------------------+-------------------+---------+---------------------
*   1: printout of the result at time [hours]
*---+----+-------------------+-------------------+---------+---------------------
    1    0 3.6000000000000D+03
*---+----+-------------------+-------------------+---------+---------------------
    2    1 3.6000000000000D+03 2.6929600000000D+01
   0.82764    1.0876      1.11    1.0975    1.0828    1.0701    1.0586    1.0413
   0.98037   0.64401
    3    1 3.6000000000000D+03 9.8993209600000D+12
   0.82764    1.0876      1.11    1.0975    1.0828    1.0701    1.0586    1.0413
   0.98037   0.64401
    9    0 3.6000000000000D+03 2.9290000000000D+02
   10    0 3.6000000000000D+03 1.5800000000000D+01
*---+----+-------------------+-------------------+---------+---------------------
*   1: printout of the result at time [hours]
*---+----+-------------------+-------------------+---------+---------------------
    1    0 7.3968000000000D+03
*---+----+-------------------+-------------------+---------+---------------------
    2    1 7.3968000000000D+03 2.7508200000000D+01
   0.89035    1.1305    1.1106    1.0805    1.0584    1.0421    1.0295    1.0176
   0.97545   0.66497
    3    1 7.3968000000000D+03 1.0117515960000D+13
   0.89035    1.1305    1.1106    1.0805    1.0584    1.0421    1.0295    1.0176
   0.97545   0.66497
    9    0 7.3968000000000D+03 2.9290000000000D+02
   10    0 7.3968000000000D+03 1.5800000000000D+01
*---+----+-------------------+-------------------+---------+---------------------
*   1: printout of the result at time [hours]
*---+----+-------------------+-------------------+---------+---------------------
    1    0 7.9742000000000D+03
*---+----+-------------------+-------------------+---------+---------------------
    2    1 7.9742000000000D+03 2.6096700000000D+01
   0.81999    1.0474    1.0465    1.0412    1.0457    1.0556    1.0685    1.0817
    1.0604    0.7332
    3    1 7.9742000000000D+03 9.4731021000000D+12
   0.81999    1.0474    1.0465    1.0412    1.0457    1.0556    1.0685    1.0817
    1.0604    0.7332
    9    0 7.9742000000000D+03 2.8810000000000D+02
   10    0 7.9742000000000D+03 1.5800000000000D+01
*---+----+-------------------+-------------------+---------+---------------------
*   1: printout of the result at time [hours]
*---+----+-------------------+-------------------+---------+---------------------
    1    0 7.9762000000000D+03
*---+----+-------------------+-------------------+---------+---------------------
    2    1 7.9762000000000D+03 3.2768200000000D+01
   0.53534   0.84799   0.98483    1.0826    1.1598    1.2126    1.2376    1.2087
    1.0864   0.64413
    3    1 7.9762000000000D+03 1.2769767540000D+13
   0.53534   0.84799   0.98483    1.0826    1.1598    1.2126    1.2376    1.2087
    1.0864   0.64413
    9    0 7.9762000000000D+03 2.9290000000000D+02
   10    0 7.9762000000000D+03 1.5800000000000D+01
*---+----+-------------------+-------------------+---------+---------------------
*   1: printout of the result at time [hours]
*---+----+-------------------+-------------------+---------+---------------------
    1    0 8.1192000000000D+03
*---+----+-------------------+-------------------+---------+---------------------
    2    1 8.1192000000000D+03 3.2421500000000D+01
   0.70003    1.0229    1.0972    1.1224    1.1329    1.1329    1.1206    1.0857
   0.98345   0.60185
    3    1 8.1192000000000D+03 1.2641142850000D+13
   0.70003    1.0229    1.0972    1.1224    1.1329    1.1329    1.1206    1.0857
   0.98345   0.60185
    9    0 8.1192000000000D+03 2.9290000000000D+02
   10    0 8.1192000000000D+03 1.5800000000000D+01
*---+----+-------------------+-------------------+---------+---------------------
*   1: printout of the result at time [hours]
*---+----+-------------------+-------------------+---------+---------------------
    1    0 1.1575200000000D+04
*---+----+-------------------+-------------------+---------+---------------------
    2    1 1.1575200000000D+04 3.0448500000000D+01
   0.87791    1.1131    1.0892     1.065    1.0497    1.0407    1.0375    1.0385
    1.0106   0.67767
    3    1 1.1575200000000D+04 1.2075875100000D+13
   0.87791    1.1131    1.0892     1.065    1.0497    1.0407    1.0375    1.0385
    1.0106   0.67767
    9    0 1.1575200000000D+04 2.9290000000000D+02
   10    0 1.1575200000000D+04 1.5800000000000D+01
*---+----+-------------------+-------------------+---------+---------------------
*   1: printout of the result at time [hours]
*---+----+-------------------+-------------------+---------+---------------------
    1    0 1.1952000000000D+04
*---+----+-------------------+-------------------+---------+---------------------
    2    1 1.1952000000000D+04 3.0275800000000D+01
   0.89517    1.1222    1.0874    1.0607     1.044    1.0339      1.03    1.0319
     1.009   0.68573
    3    1 1.1952000000000D+04 1.2028575340000D+13
   0.89517    1.1222    1.0874    1.0607     1.044    1.0339      1.03    1.0319
     1.009   0.68573
    9    0 1.1952000000000D+04 2.9290000000000D+02
   10    0 1.1952000000000D+04 1.5800000000000D+01
*---+----+-------------------+-------------------+---------+---------------------
*   1: printout of the result at time [hours]
*---+----+-------------------+-------------------+---------+---------------------
    1    0 1.2935000000000D+04
*---+----+-------------------+-------------------+---------+---------------------
    2    1 1.2935000000000D+04 2.6292200000000D+01
   0.78381   0.97074   0.97177   0.98535    1.0119    1.0454     1.086    1.1363
     1.171   0.83774
    3    1 1.2935000000000D+04 1.0146159980000D+13
   0.78381   0.97074   0.97177   0.98535    1.0119    1.0454     1.086    1.1363
     1.171   0.83774
    9    0 1.2935000000000D+04 2.8270000000000D+02
   10    0 1.2935000000000D+04 1.5800000000000D+01
*---+----+-------------------+-------------------+---------+---------------------
*   1: printout of the result at time [hours]
*---+----+-------------------+-------------------+---------+---------------------
    1    0 1.2937000000000D+04
*---+----+-------------------+-------------------+---------+---------------------
    2    1 1.2937000000000D+04 2.4371900000000D+01
   0.46857   0.71279   0.84762   0.97104    1.0829    1.1777    1.2505    1.2937
    1.2763    0.9188
    3    1 1.2937000000000D+04 1.0538409560000D+13
   0.46857   0.71279   0.84762   0.97104    1.0829    1.1777    1.2505    1.2937
    1.2763    0.9188
    9    0 1.2937000000000D+04 2.9290000000000D+02
   10    0 1.2937000000000D+04 1.5800000000000D+01
*---+----+-------------------+-------------------+---------+---------------------
*   1: printout of the result at time [hours]
*---+----+-------------------+-------------------+---------+---------------------
    1    0 1.3080000000000D+04
*---+----+-------------------+-------------------+---------+---------------------
    2    1 1.3080000000000D+04 2.4527600000000D+01
   0.64197   0.90404   0.98889    1.0456    1.0871    1.1169    1.1361    1.1492
     1.116   0.81406
    3    1 1.3080000000000D+04 1.0603281480000D+13
   0.64197   0.90404   0.98889    1.0456    1.0871    1.1169    1.1361    1.1492
     1.116   0.81406
    9    0 1.3080000000000D+04 2.9290000000000D+02
   10    0 1.3080000000000D+04 1.5800000000000D+01
*---+----+-------------------+-------------------+---------+---------------------
*   1: printout of the result at time [hours]
*---+----+-------------------+-------------------+---------+---------------------
    1    0 1.6536000000000D+04
*---+----+-------------------+-------------------+---------+---------------------
    2    1 1.6536000000000D+04 2.3614900000000D+01
   0.78353    1.0188    1.0497    1.0587     1.063    1.0658    1.0712     1.066
    1.0404   0.78281
    3    1 1.6536000000000D+04 1.0253589580000D+13
   0.78353    1.0188    1.0497    1.0587     1.063    1.0658    1.0712     1.066
    1.0404   0.78281
    9    0 1.6536000000000D+04 2.9290000000000D+02
   10    0 1.6536000000000D+04 1.5800000000000D+01
*---+----+-------------------+-------------------+---------+---------------------
*   1: printout of the result at time [hours]
*---+----+-------------------+-------------------+---------+---------------------
    1    0 1.8336000000000D+04
*---+----+-------------------+-------------------+---------+---------------------
    2    1 1.8336000000000D+04 2.2865900000000D+01
   0.81969    1.0437    1.0671    1.0681    1.0639    1.0583    1.0522    1.0432
    1.0123   0.77154
    3    1 1.8336000000000D+04 9.9649592200000D+12
   0.81969    1.0437    1.0671    1.0681    1.0639    1.0583    1.0522    1.0432
    1.0123   0.77154
    9    0 1.8336000000000D+04 2.9290000000000D+02
   10    0 1.8336000000000D+04 1.5800000000000D+01
*---+----+-------------------+-------------------+---------+---------------------
*   1: printout of the result at time [hours]
*---+----+-------------------+-------------------+---------+---------------------
    1    0 2.2730400000000D+04
*---+----+-------------------+-------------------+---------+---------------------
    2    1 2.2730400000000D+04 2.2488700000000D+01
   0.97934     1.067    1.0175   0.99254   0.98481   0.98667   0.99766    1.0218
    1.0516   0.90107
    3    1 2.2730400000000D+04 9.7893311100000D+12
   0.97934     1.067    1.0175   0.99254   0.98481   0.98667   0.99766    1.0218
    1.0516   0.90107
    9    0 2.2730400000000D+04 2.9290000000000D+02
   10    0 2.2730400000000D+04 1.5800000000000D+01
*---+----+-------------------+-------------------+---------+---------------------
*   1: printout of the result at time [hours]
*---+----+-------------------+-------------------+---------+---------------------
    1    0 2.3018400000000D+04
*---+----+-------------------+-------------------+---------+---------------------
    2    1 2.3018400000000D+04 2.1451500000000D+01
   0.92189    1.0055   0.97051   0.96306   0.97299   0.99201    1.0198    1.0618
    1.1222   0.97024
    3    1 2.3018400000000D+04 9.2391610500000D+12
   0.92189    1.0055   0.97051   0.96306   0.97299   0.99201    1.0198    1.0618
    1.1222   0.97024
    9    0 2.3018400000000D+04 2.8960000000000D+02
   10    0 2.3018400000000D+04 1.5800000000000D+01
* data point #1088 end
*  00:  last line of data set (finishing the program)
*---+----+-------------------+-------------------+---------+---------------------
00000    0 2.3018400000000D+04
*---+----+-------------------+-------------------+---------+---------------------
