* data point #1720 begin
*
*---+----+-------------------+-------------------+---------+---------------------
*   1: printout of the result at time [hours]
*---+----+-------------------+-------------------+---------+---------------------
    1    0 0.0000000000000D+00
*---+----+-------------------+-------------------+---------+---------------------
    2    1 0.0000000000000D+00 2.6916200000000D+01
   0.59518   0.88672    1.0396    1.1333     1.185    1.2116    1.1779    1.1149
   0.99319   0.66261
    3    1 0.0000000000000D+00 9.5014186000000D+12
   0.59518   0.88672    1.0396    1.1333     1.185    1.2116    1.1779    1.1149
   0.99319   0.66261
    9    0 0.0000000000000D+00 2.9290000000000D+02
   10    0 0.0000000000000D+00 1.5780769230769D+01
*---+----+-------------------+-------------------+---------+---------------------
*   1: printout of the result at time [hours]
*---+----+-------------------+-------------------+---------+---------------------
    1    0 1.4400000000000D+02
*---+----+-------------------+-------------------+---------+---------------------
    2    1 1.4400000000000D+02 2.6759200000000D+01
    0.7455    1.0247    1.1143    1.1421    1.1412    1.1223    1.0878     1.033
   0.93822   0.65077
    3    1 1.4400000000000D+02 9.4727568000000D+12
    0.7455    1.0247    1.1143    1.1421    1.1412    1.1223    1.0878     1.033
   0.93822   0.65077
    9    0 1.4400000000000D+02 2.9290000000000D+02
   10    0 1.4400000000000D+02 1.5780769230769D+01
*---+----+-------------------+-------------------+---------+---------------------
*   1: printout of the result at time [hours]
*---+----+-------------------+-------------------+---------+---------------------
    1    0 3.6000000000000D+03
*---+----+-------------------+-------------------+---------+---------------------
    2    1 3.6000000000000D+03 2.8493000000000D+01
   0.86326     1.119    1.1313    1.1062    1.0791    1.0546     1.032    1.0049
   0.94265    0.6669
    3    1 3.6000000000000D+03 1.0331561800000D+13
   0.86326     1.119    1.1313    1.1062    1.0791    1.0546     1.032    1.0049
   0.94265    0.6669
    9    0 3.6000000000000D+03 2.9290000000000D+02
   10    0 3.6000000000000D+03 1.5780769230769D+01
*---+----+-------------------+-------------------+---------+---------------------
*   1: printout of the result at time [hours]
*---+----+-------------------+-------------------+---------+---------------------
    1    0 6.7920000000000D+03
*---+----+-------------------+-------------------+---------+---------------------
    2    1 6.7920000000000D+03 2.9856700000000D+01
   0.91001    1.1775    1.1493    1.1066    1.0692    1.0362    1.0065   0.97717
   0.91735   0.65021
    3    1 6.7920000000000D+03 1.1023093640000D+13
   0.91001    1.1775    1.1493    1.1066    1.0692    1.0362    1.0065   0.97717
   0.91735   0.65021
    9    0 6.7920000000000D+03 2.9290000000000D+02
   10    0 6.7920000000000D+03 1.5780769230769D+01
*---+----+-------------------+-------------------+---------+---------------------
*   1: printout of the result at time [hours]
*---+----+-------------------+-------------------+---------+---------------------
    1    0 7.2878000000000D+03
*---+----+-------------------+-------------------+---------+---------------------
    2    1 7.2878000000000D+03 2.8683100000000D+01
   0.84252     1.091    1.0774    1.0635    1.0584    1.0557    1.0524    1.0444
   0.99944    0.7153
    3    1 7.2878000000000D+03 1.0475068120000D+13
   0.84252     1.091    1.0774    1.0635    1.0584    1.0557    1.0524    1.0444
   0.99944    0.7153
    9    0 7.2878000000000D+03 2.8920000000000D+02
   10    0 7.2878000000000D+03 1.5780769230769D+01
*---+----+-------------------+-------------------+---------+---------------------
*   1: printout of the result at time [hours]
*---+----+-------------------+-------------------+---------+---------------------
    1    0 7.2898000000000D+03
*---+----+-------------------+-------------------+---------+---------------------
    2    1 7.2898000000000D+03 2.5770100000000D+01
   0.46364   0.74641   0.89685     1.025     1.135     1.221    1.2743    1.2782
     1.185   0.77462
    3    1 7.2898000000000D+03 1.0006529830000D+13
   0.46364   0.74641   0.89685     1.025     1.135     1.221    1.2743    1.2782
     1.185   0.77462
    9    0 7.2898000000000D+03 2.9290000000000D+02
   10    0 7.2898000000000D+03 1.5780769230769D+01
*---+----+-------------------+-------------------+---------+---------------------
*   1: printout of the result at time [hours]
*---+----+-------------------+-------------------+---------+---------------------
    1    0 7.4328000000000D+03
*---+----+-------------------+-------------------+---------+---------------------
    2    1 7.4328000000000D+03 2.6708700000000D+01
    0.6043   0.89888     0.999    1.0659    1.1166    1.1534    1.1778    1.1664
    1.0879   0.72984
    3    1 7.4328000000000D+03 1.0379000820000D+13
    0.6043   0.89888     0.999    1.0659    1.1166    1.1534    1.1778    1.1664
    1.0879   0.72984
    9    0 7.4328000000000D+03 2.9290000000000D+02
   10    0 7.4328000000000D+03 1.5780769230769D+01
*---+----+-------------------+-------------------+---------+---------------------
*   1: printout of the result at time [hours]
*---+----+-------------------+-------------------+---------+---------------------
    1    0 1.0888800000000D+04
*---+----+-------------------+-------------------+---------+---------------------
    2    1 1.0888800000000D+04 2.6349200000000D+01
   0.77327    1.0186    1.0404    1.0467    1.0546    1.0651    1.0781    1.0948
    1.0643   0.76416
    3    1 1.0888800000000D+04 1.0389489560000D+13
   0.77327    1.0186    1.0404    1.0467    1.0546    1.0651    1.0781    1.0948
    1.0643   0.76416
    9    0 1.0888800000000D+04 2.9290000000000D+02
   10    0 1.0888800000000D+04 1.5780769230769D+01
*---+----+-------------------+-------------------+---------+---------------------
*   1: printout of the result at time [hours]
*---+----+-------------------+-------------------+---------+---------------------
    1    0 1.4685600000000D+04
*---+----+-------------------+-------------------+---------+---------------------
    2    1 1.4685600000000D+04 2.5070700000000D+01
   0.90281      1.07    1.0354     1.019    1.0145    1.0168    1.0255    1.0419
    1.0479   0.82622
    3    1 1.4685600000000D+04 9.9856598100000D+12
   0.90281      1.07    1.0354     1.019    1.0145    1.0168    1.0255    1.0419
    1.0479   0.82622
    9    0 1.4685600000000D+04 2.9290000000000D+02
   10    0 1.4685600000000D+04 1.5780769230769D+01
*---+----+-------------------+-------------------+---------+---------------------
*   1: printout of the result at time [hours]
*---+----+-------------------+-------------------+---------+---------------------
    1    0 1.5263000000000D+04
*---+----+-------------------+-------------------+---------+---------------------
    2    1 1.5263000000000D+04 2.3138200000000D+01
   0.83887   0.98374   0.97242   0.97717   0.99567    1.0215    1.0542    1.0968
    1.1409   0.91874
    3    1 1.5263000000000D+04 9.0886849600000D+12
   0.83887   0.98374   0.97242   0.97717   0.99567    1.0215    1.0542    1.0968
    1.1409   0.91874
    9    0 1.5263000000000D+04 2.8810000000000D+02
   10    0 1.5263000000000D+04 1.5780769230769D+01
*---+----+-------------------+-------------------+---------+---------------------
*   1: printout of the result at time [hours]
*---+----+-------------------+-------------------+---------+---------------------
    1    0 1.5265000000000D+04
*---+----+-------------------+-------------------+---------+---------------------
    2    1 1.5265000000000D+04 2.8695100000000D+01
   0.53929   0.79188   0.90932    1.0171    1.1166    1.1976    1.2505    1.2688
     1.181     0.728
    3    1 1.5265000000000D+04 1.2307328390000D+13
   0.53929   0.79188   0.90932    1.0171    1.1166    1.1976    1.2505    1.2688
     1.181     0.728
    9    0 1.5265000000000D+04 2.9290000000000D+02
   10    0 1.5265000000000D+04 1.5780769230769D+01
*---+----+-------------------+-------------------+---------+---------------------
*   1: printout of the result at time [hours]
*---+----+-------------------+-------------------+---------+---------------------
    1    0 1.5408000000000D+04
*---+----+-------------------+-------------------+---------+---------------------
    2    1 1.5408000000000D+04 2.8620300000000D+01
   0.71652   0.97239    1.0301    1.0678    1.0992    1.1226    1.1385    1.1268
    1.0574   0.66872
    3    1 1.5408000000000D+04 1.2260936520000D+13
   0.71652   0.97239    1.0301    1.0678    1.0992    1.1226    1.1385    1.1268
    1.0574   0.66872
    9    0 1.5408000000000D+04 2.9290000000000D+02
   10    0 1.5408000000000D+04 1.5780769230769D+01
*---+----+-------------------+-------------------+---------+---------------------
*   1: printout of the result at time [hours]
*---+----+-------------------+-------------------+---------+---------------------
    1    0 1.8864000000000D+04
*---+----+-------------------+-------------------+---------+---------------------
    2    1 1.8864000000000D+04 2.6924500000000D+01
   0.91586    1.0749    1.0412    1.0262     1.023    1.0268    1.0372    1.0549
    1.0523   0.74765
    3    1 1.8864000000000D+04 1.1582919900000D+13
   0.91586    1.0749    1.0412    1.0262     1.023    1.0268    1.0372    1.0549
    1.0523   0.74765
    9    0 1.8864000000000D+04 2.9290000000000D+02
   10    0 1.8864000000000D+04 1.5780769230769D+01
*---+----+-------------------+-------------------+---------+---------------------
*   1: printout of the result at time [hours]
*---+----+-------------------+-------------------+---------+---------------------
    1    0 1.9240800000000D+04
*---+----+-------------------+-------------------+---------+---------------------
    2    1 1.9240800000000D+04 2.6785000000000D+01
   0.93556    1.0818    1.0407     1.023     1.018      1.02    1.0292    1.0472
    1.0492   0.75542
    3    1 1.9240800000000D+04 1.1530942500000D+13
   0.93556    1.0818    1.0407     1.023     1.018      1.02    1.0292    1.0472
    1.0492   0.75542
    9    0 1.9240800000000D+04 2.9290000000000D+02
   10    0 1.9240800000000D+04 1.5780769230769D+01
*---+----+-------------------+-------------------+---------+---------------------
*   1: printout of the result at time [hours]
*---+----+-------------------+-------------------+---------+---------------------
    1    0 2.0223800000000D+04
*---+----+-------------------+-------------------+---------+---------------------
    2    1 2.0223800000000D+04 2.2859900000000D+01
   0.81501   0.92813   0.92437   0.94471   0.98102    1.0259    1.0804    1.1495
    1.2225   0.92844
    3    1 2.0223800000000D+04 9.5485802300000D+12
   0.81501   0.92813   0.92437   0.94471   0.98102    1.0259    1.0804    1.1495
    1.2225   0.92844
    9    0 2.0223800000000D+04 2.8270000000000D+02
   10    0 2.0223800000000D+04 1.5780769230769D+01
*---+----+-------------------+-------------------+---------+---------------------
*   1: printout of the result at time [hours]
*---+----+-------------------+-------------------+---------+---------------------
    1    0 2.0225800000000D+04
*---+----+-------------------+-------------------+---------+---------------------
    2    1 2.0225800000000D+04 1.9763600000000D+01
   0.48857   0.70043   0.82192   0.93672    1.0483    1.1523    1.2428    1.3091
    1.3178   0.98196
    3    1 2.0225800000000D+04 9.1940267200000D+12
   0.48857   0.70043   0.82192   0.93672    1.0483    1.1523    1.2428    1.3091
    1.3178   0.98196
    9    0 2.0225800000000D+04 2.9060000000000D+02
   10    0 2.0225800000000D+04 1.5780769230769D+01
*---+----+-------------------+-------------------+---------+---------------------
*   1: printout of the result at time [hours]
*---+----+-------------------+-------------------+---------+---------------------
    1    0 2.0376000000000D+04
*---+----+-------------------+-------------------+---------+---------------------
    2    1 2.0376000000000D+04 2.0159500000000D+01
   0.66113   0.88162   0.95766    1.0118    1.0584    1.0999    1.1365    1.1641
    1.1546   0.87418
    3    1 2.0376000000000D+04 9.3600558500000D+12
   0.66113   0.88162   0.95766    1.0118    1.0584    1.0999    1.1365    1.1641
    1.1546   0.87418
    9    0 2.0376000000000D+04 2.9060000000000D+02
   10    0 2.0376000000000D+04 1.5780769230769D+01
*---+----+-------------------+-------------------+---------+---------------------
*   1: printout of the result at time [hours]
*---+----+-------------------+-------------------+---------+---------------------
    1    0 2.4014400000000D+04
*---+----+-------------------+-------------------+---------+---------------------
    2    1 2.4014400000000D+04 2.0386600000000D+01
   0.84065    1.0247      1.03    1.0256    1.0273    1.0353    1.0492    1.0675
     1.066   0.83373
    3    1 2.4014400000000D+04 9.5103489000000D+12
   0.84065    1.0247      1.03    1.0256    1.0273    1.0353    1.0492    1.0675
     1.066   0.83373
    9    0 2.4014400000000D+04 2.9060000000000D+02
   10    0 2.4014400000000D+04 1.5780769230769D+01
*---+----+-------------------+-------------------+---------+---------------------
*   1: printout of the result at time [hours]
*---+----+-------------------+-------------------+---------+---------------------
    1    0 2.7424800000000D+04
*---+----+-------------------+-------------------+---------+---------------------
    2    1 2.7424800000000D+04 2.0303600000000D+01
   0.93466    1.0669    1.0375    1.0218    1.0145    1.0117    1.0139    1.0241
     1.029   0.84596
    3    1 2.7424800000000D+04 9.5000544400000D+12
   0.93466    1.0669    1.0375    1.0218    1.0145    1.0117    1.0139    1.0241
     1.029   0.84596
    9    0 2.7424800000000D+04 2.9060000000000D+02
   10    0 2.7424800000000D+04 1.5780769230769D+01
*---+----+-------------------+-------------------+---------+---------------------
*   1: printout of the result at time [hours]
*---+----+-------------------+-------------------+---------+---------------------
    1    0 2.9108600000000D+04
*---+----+-------------------+-------------------+---------+---------------------
    2    1 2.9108600000000D+04 2.0268000000000D+01
   0.99418     1.056    1.0174   0.99891   0.99309    0.9926   0.99788    1.0149
    1.0387   0.89629
    3    1 2.9108600000000D+04 9.4631292000000D+12
   0.99418     1.056    1.0174   0.99891   0.99309    0.9926   0.99788    1.0149
    1.0387   0.89629
    9    0 2.9108600000000D+04 2.9060000000000D+02
   10    0 2.9108600000000D+04 1.5780769230769D+01
*---+----+-------------------+-------------------+---------+---------------------
*   1: printout of the result at time [hours]
*---+----+-------------------+-------------------+---------+---------------------
    1    0 2.9110600000000D+04
*---+----+-------------------+-------------------+---------+---------------------
    2    1 2.9110600000000D+04 1.8061000000000D+00
     0.526   0.71868    0.8571    0.9778    1.0802    1.1616    1.2186    1.2485
    1.2292   0.98223
    3    1 2.9110600000000D+04 9.0919074000000D+11
     0.526   0.71868    0.8571    0.9778    1.0802    1.1616    1.2186    1.2485
    1.2292   0.98223
    9    0 2.9110600000000D+04 2.9290000000000D+02
   10    0 2.9110600000000D+04 1.5780769230769D+01
*---+----+-------------------+-------------------+---------+---------------------
*   1: printout of the result at time [hours]
*---+----+-------------------+-------------------+---------+---------------------
    1    0 2.9253600000000D+04
*---+----+-------------------+-------------------+---------+---------------------
    2    1 2.9253600000000D+04 1.9588000000000D+00
   0.71166   0.89545   0.98172    1.0369    1.0726    1.0956    1.1124    1.1068
    1.0935    0.8934
    3    1 2.9253600000000D+04 9.5961612000000D+11
   0.71166   0.89545   0.98172    1.0369    1.0726    1.0956    1.1124    1.1068
    1.0935    0.8934
    9    0 2.9253600000000D+04 2.9290000000000D+02
   10    0 2.9253600000000D+04 1.5780769230769D+01
*---+----+-------------------+-------------------+---------+---------------------
*   1: printout of the result at time [hours]
*---+----+-------------------+-------------------+---------+---------------------
    1    0 3.2709600000000D+04
*---+----+-------------------+-------------------+---------+---------------------
    2    1 3.2709600000000D+04 2.4171000000000D+00
   0.81668   0.99293    1.0413    1.0571     1.062    1.0633     1.062    1.0533
    1.0252    0.8262
    3    1 3.2709600000000D+04 1.1505396000000D+12
   0.81668   0.99293    1.0413    1.0571     1.062    1.0633     1.062    1.0533
    1.0252    0.8262
    9    0 3.2709600000000D+04 2.9290000000000D+02
   10    0 3.2709600000000D+04 1.5780769230769D+01
*---+----+-------------------+-------------------+---------+---------------------
*   1: printout of the result at time [hours]
*---+----+-------------------+-------------------+---------+---------------------
    1    0 3.4509600000000D+04
*---+----+-------------------+-------------------+---------+---------------------
    2    1 3.4509600000000D+04 2.6572000000000D+00
   0.83509    1.0225    1.0729    1.0808    1.0752    1.0654    1.0522    1.0308
   0.98412    0.7809
    3    1 3.4509600000000D+04 1.2403809600000D+12
   0.83509    1.0225    1.0729    1.0808    1.0752    1.0654    1.0522    1.0308
   0.98412    0.7809
    9    0 3.4509600000000D+04 2.9290000000000D+02
   10    0 3.4509600000000D+04 1.5780769230769D+01
*---+----+-------------------+-------------------+---------+---------------------
*   1: printout of the result at time [hours]
*---+----+-------------------+-------------------+---------+---------------------
    1    0 3.8904000000000D+04
*---+----+-------------------+-------------------+---------+---------------------
    2    1 3.8904000000000D+04 3.5691000000000D+00
   0.93161    1.0375    1.0159   0.99969   0.99969    1.0098     1.028    1.0529
    1.0566   0.86829
    3    1 3.8904000000000D+04 1.5707609100000D+12
   0.93161    1.0375    1.0159   0.99969   0.99969    1.0098     1.028    1.0529
    1.0566   0.86829
    9    0 3.8904000000000D+04 2.9290000000000D+02
   10    0 3.8904000000000D+04 1.5780769230769D+01
*---+----+-------------------+-------------------+---------+---------------------
*   1: printout of the result at time [hours]
*---+----+-------------------+-------------------+---------+---------------------
    1    0 3.9192000000000D+04
*---+----+-------------------+-------------------+---------+---------------------
    2    1 3.9192000000000D+04 3.4227000000000D+00
   0.87855   0.97964   0.96912   0.97029    0.9884    1.0162    1.0521    1.0959
    1.1175    0.9323
    3    1 3.9192000000000D+04 1.4902435800000D+12
   0.87855   0.97964   0.96912   0.97029    0.9884    1.0162    1.0521    1.0959
    1.1175    0.9323
    9    0 3.9192000000000D+04 2.8960000000000D+02
   10    0 3.9192000000000D+04 1.5780769230769D+01
* data point #1720 end
*  00:  last line of data set (finishing the program)
*---+----+-------------------+-------------------+---------+---------------------
00000    0 3.9192000000000D+04
*---+----+-------------------+-------------------+---------+---------------------
