* data point #1517 begin
*
*---+----+-------------------+-------------------+---------+---------------------
*   1: printout of the result at time [hours]
*---+----+-------------------+-------------------+---------+---------------------
    1    0 0.0000000000000D+00
*---+----+-------------------+-------------------+---------+---------------------
    2    1 0.0000000000000D+00 2.0025700000000D+01
   0.45097   0.70999   0.87078    1.0053    1.1232     1.219    1.2839    1.3077
    1.2169   0.81236
    3    1 0.0000000000000D+00 7.1611903200000D+12
   0.45097   0.70999   0.87078    1.0053    1.1232     1.219    1.2839    1.3077
    1.2169   0.81236
    9    0 0.0000000000000D+00 2.9060000000000D+02
   10    0 0.0000000000000D+00 1.5760000000000D+01
*---+----+-------------------+-------------------+---------+---------------------
*   1: printout of the result at time [hours]
*---+----+-------------------+-------------------+---------+---------------------
    1    0 1.5120000000000D+02
*---+----+-------------------+-------------------+---------+---------------------
    2    1 1.5120000000000D+02 1.9994800000000D+01
   0.64417   0.92259    1.0255      1.08    1.1155    1.1382     1.151    1.1349
    1.0606   0.72744
    3    1 1.5120000000000D+02 7.1521399600000D+12
   0.64417   0.92259    1.0255      1.08    1.1155    1.1382     1.151    1.1349
    1.0606   0.72744
    9    0 1.5120000000000D+02 2.9060000000000D+02
   10    0 1.5120000000000D+02 1.5760000000000D+01
*---+----+-------------------+-------------------+---------+---------------------
*   1: printout of the result at time [hours]
*---+----+-------------------+-------------------+---------+---------------------
    1    0 6.8208000000000D+03
*---+----+-------------------+-------------------+---------+---------------------
    2    1 6.8208000000000D+03 2.1278200000000D+01
   0.84189    1.1267    1.1345     1.107    1.0797    1.0554    1.0339    1.0112
   0.95121   0.65856
    3    1 6.8208000000000D+03 7.8325054200000D+12
   0.84189    1.1267    1.1345     1.107    1.0797    1.0554    1.0339    1.0112
   0.95121   0.65856
    9    0 6.8208000000000D+03 2.9060000000000D+02
   10    0 6.8208000000000D+03 1.5760000000000D+01
*---+----+-------------------+-------------------+---------+---------------------
*   1: printout of the result at time [hours]
*---+----+-------------------+-------------------+---------+---------------------
    1    0 1.0098200000000D+04
*---+----+-------------------+-------------------+---------+---------------------
    2    1 1.0098200000000D+04 2.2162800000000D+01
   0.92944    1.1374    1.0776    1.0442    1.0259    1.0145    1.0094    1.0138
    1.0051   0.74278
    3    1 1.0098200000000D+04 8.1935871600000D+12
   0.92944    1.1374    1.0776    1.0442    1.0259    1.0145    1.0094    1.0138
    1.0051   0.74278
    9    0 1.0098200000000D+04 2.9060000000000D+02
   10    0 1.0098200000000D+04 1.5760000000000D+01
*---+----+-------------------+-------------------+---------+---------------------
*   1: printout of the result at time [hours]
*---+----+-------------------+-------------------+---------+---------------------
    1    0 1.0100200000000D+04
*---+----+-------------------+-------------------+---------+---------------------
    2    1 1.0100200000000D+04 2.7120000000000D+01
   0.46515   0.72529   0.86235   0.98547    1.0952    1.1867    1.2546    1.2969
    1.2596   0.86866
    3    1 1.0100200000000D+04 1.1303616000000D+13
   0.46515   0.72529   0.86235   0.98547    1.0952    1.1867    1.2546    1.2969
    1.2596   0.86866
    9    0 1.0100200000000D+04 2.9290000000000D+02
   10    0 1.0100200000000D+04 1.5760000000000D+01
*---+----+-------------------+-------------------+---------+---------------------
*   1: printout of the result at time [hours]
*---+----+-------------------+-------------------+---------+---------------------
    1    0 1.0243200000000D+04
*---+----+-------------------+-------------------+---------+---------------------
    2    1 1.0243200000000D+04 2.7166400000000D+01
   0.63704   0.91919     1.005    1.0598    1.0983    1.1243    1.1431    1.1399
    1.1019   0.77147
    3    1 1.0243200000000D+04 1.1306655680000D+13
   0.63704   0.91919     1.005    1.0598    1.0983    1.1243    1.1431    1.1399
    1.1019   0.77147
    9    0 1.0243200000000D+04 2.9290000000000D+02
   10    0 1.0243200000000D+04 1.5760000000000D+01
*---+----+-------------------+-------------------+---------+---------------------
*   1: printout of the result at time [hours]
*---+----+-------------------+-------------------+---------+---------------------
    1    0 1.3699200000000D+04
*---+----+-------------------+-------------------+---------+---------------------
    2    1 1.3699200000000D+04 2.5744700000000D+01
   0.77698    1.0313    1.0627    1.0699    1.0718    1.0721    1.0709    1.0649
    1.0303   0.74909
    3    1 1.3699200000000D+04 1.0918327270000D+13
   0.77698    1.0313    1.0627    1.0699    1.0718    1.0721    1.0709    1.0649
    1.0303   0.74909
    9    0 1.3699200000000D+04 2.9290000000000D+02
   10    0 1.3699200000000D+04 1.5760000000000D+01
*---+----+-------------------+-------------------+---------+---------------------
*   1: printout of the result at time [hours]
*---+----+-------------------+-------------------+---------+---------------------
    1    0 1.5499200000000D+04
*---+----+-------------------+-------------------+---------+---------------------
    2    1 1.5499200000000D+04 2.4865800000000D+01
   0.81156    1.0542    1.0788    1.0782     1.072    1.0642    1.0555    1.0425
    1.0031   0.74001
    3    1 1.5499200000000D+04 1.0640075820000D+13
   0.81156    1.0542    1.0788    1.0782     1.072    1.0642    1.0555    1.0425
    1.0031   0.74001
    9    0 1.5499200000000D+04 2.9290000000000D+02
   10    0 1.5499200000000D+04 1.5760000000000D+01
*---+----+-------------------+-------------------+---------+---------------------
*   1: printout of the result at time [hours]
*---+----+-------------------+-------------------+---------+---------------------
    1    0 1.9893600000000D+04
*---+----+-------------------+-------------------+---------+---------------------
    2    1 1.9893600000000D+04 2.3975600000000D+01
    0.9674     1.073    1.0246   0.99935   0.99117   0.99251    1.0028    1.0252
    1.0486   0.87535
    3    1 1.9893600000000D+04 1.0323893360000D+13
    0.9674     1.073    1.0246   0.99935   0.99117   0.99251    1.0028    1.0252
    1.0486   0.87535
    9    0 1.9893600000000D+04 2.9290000000000D+02
   10    0 1.9893600000000D+04 1.5760000000000D+01
*---+----+-------------------+-------------------+---------+---------------------
*   1: printout of the result at time [hours]
*---+----+-------------------+-------------------+---------+---------------------
    1    0 2.0181600000000D+04
*---+----+-------------------+-------------------+---------+---------------------
    2    1 2.0181600000000D+04 2.2860600000000D+01
   0.91039    1.0109   0.97723    0.9697   0.97955   0.99831    1.0256     1.066
    1.1187   0.94363
    3    1 2.0181600000000D+04 9.7454737800000D+12
   0.91039    1.0109   0.97723    0.9697   0.97955   0.99831    1.0256     1.066
    1.1187   0.94363
    9    0 2.0181600000000D+04 2.8960000000000D+02
   10    0 2.0181600000000D+04 1.5760000000000D+01
* data point #1517 end
*  00:  last line of data set (finishing the program)
*---+----+-------------------+-------------------+---------+---------------------
00000    0 2.0181600000000D+04
*---+----+-------------------+-------------------+---------+---------------------
