* data point #1057 begin
*
*---+----+-------------------+-------------------+---------+---------------------
*   1: printout of the result at time [hours]
*---+----+-------------------+-------------------+---------+---------------------
    1    0 0.0000000000000D+00
*---+----+-------------------+-------------------+---------+---------------------
    2    1 0.0000000000000D+00 2.5726900000000D+01
    0.5687   0.87962    1.0398    1.1346    1.1894     1.212    1.1973    1.1374
   0.99903   0.64225
    3    1 0.0000000000000D+00 8.7522913800000D+12
    0.5687   0.87962    1.0398    1.1346    1.1894     1.212    1.1973    1.1374
   0.99903   0.64225
    9    0 0.0000000000000D+00 2.9290000000000D+02
   10    0 0.0000000000000D+00 1.5761290322581D+01
*---+----+-------------------+-------------------+---------+---------------------
*   1: printout of the result at time [hours]
*---+----+-------------------+-------------------+---------+---------------------
    1    0 1.4400000000000D+02
*---+----+-------------------+-------------------+---------+---------------------
    2    1 1.4400000000000D+02 2.5574800000000D+01
   0.71136    1.0133    1.1122    1.1427    1.1457     1.133    1.1057    1.0538
   0.94605   0.63606
    3    1 1.4400000000000D+02 8.7056619200000D+12
   0.71136    1.0133    1.1122    1.1427    1.1457     1.133    1.1057    1.0538
   0.94605   0.63606
    9    0 1.4400000000000D+02 2.9290000000000D+02
   10    0 1.4400000000000D+02 1.5761290322581D+01
*---+----+-------------------+-------------------+---------+---------------------
*   1: printout of the result at time [hours]
*---+----+-------------------+-------------------+---------+---------------------
    1    0 3.6000000000000D+03
*---+----+-------------------+-------------------+---------+---------------------
    2    1 3.6000000000000D+03 2.6258500000000D+01
   0.82099    1.0974    1.1345    1.1113    1.0894    1.0687    1.0487    1.0208
   0.94807   0.66028
    3    1 3.6000000000000D+03 9.0696859000000D+12
   0.82099    1.0974    1.1345    1.1113    1.0894    1.0687    1.0487    1.0208
   0.94807   0.66028
    9    0 3.6000000000000D+03 2.9290000000000D+02
   10    0 3.6000000000000D+03 1.5761290322581D+01
*---+----+-------------------+-------------------+---------+---------------------
*   1: printout of the result at time [hours]
*---+----+-------------------+-------------------+---------+---------------------
    1    0 7.3968000000000D+03
*---+----+-------------------+-------------------+---------+---------------------
    2    1 7.3968000000000D+03 2.7380100000000D+01
   0.86577    1.1453    1.1312    1.0973    1.0707    1.0492    1.0301    1.0068
    0.9416   0.66212
    3    1 7.3968000000000D+03 9.5720829600000D+12
   0.86577    1.1453    1.1312    1.0973    1.0707    1.0492    1.0301    1.0068
    0.9416   0.66212
    9    0 7.3968000000000D+03 2.9290000000000D+02
   10    0 7.3968000000000D+03 1.5761290322581D+01
*---+----+-------------------+-------------------+---------+---------------------
*   1: printout of the result at time [hours]
*---+----+-------------------+-------------------+---------+---------------------
    1    0 7.9742000000000D+03
*---+----+-------------------+-------------------+---------+---------------------
    2    1 7.9742000000000D+03 2.6080000000000D+01
   0.79413    1.0548    1.0594     1.053    1.0556    1.0626    1.0712    1.0815
    1.0326   0.73512
    3    1 7.9742000000000D+03 9.0028160000000D+12
   0.79413    1.0548    1.0594     1.053    1.0556    1.0626    1.0712    1.0815
    1.0326   0.73512
    9    0 7.9742000000000D+03 2.8810000000000D+02
   10    0 7.9742000000000D+03 1.5761290322581D+01
*---+----+-------------------+-------------------+---------+---------------------
*   1: printout of the result at time [hours]
*---+----+-------------------+-------------------+---------+---------------------
    1    0 7.9762000000000D+03
*---+----+-------------------+-------------------+---------+---------------------
    2    1 7.9762000000000D+03 3.1598300000000D+01
   0.51541   0.84106   0.98474    1.0854    1.1635    1.2167    1.2415    1.2102
    1.0786   0.66288
    3    1 7.9762000000000D+03 1.1618694910000D+13
   0.51541   0.84106   0.98474    1.0854    1.1635    1.2167    1.2415    1.2102
    1.0786   0.66288
    9    0 7.9762000000000D+03 2.9290000000000D+02
   10    0 7.9762000000000D+03 1.5761290322581D+01
*---+----+-------------------+-------------------+---------+---------------------
*   1: printout of the result at time [hours]
*---+----+-------------------+-------------------+---------+---------------------
    1    0 8.1192000000000D+03
*---+----+-------------------+-------------------+---------+---------------------
    2    1 8.1192000000000D+03 3.1250400000000D+01
   0.67007    1.0088    1.0921    1.1225    1.1366    1.1391    1.1284    1.0927
   0.98344   0.62626
    3    1 8.1192000000000D+03 1.1490772080000D+13
   0.67007    1.0088    1.0921    1.1225    1.1366    1.1391    1.1284    1.0927
   0.98344   0.62626
    9    0 8.1192000000000D+03 2.9290000000000D+02
   10    0 8.1192000000000D+03 1.5761290322581D+01
*---+----+-------------------+-------------------+---------+---------------------
*   1: printout of the result at time [hours]
*---+----+-------------------+-------------------+---------+---------------------
    1    0 1.1575200000000D+04
*---+----+-------------------+-------------------+---------+---------------------
    2    1 1.1575200000000D+04 2.9891700000000D+01
   0.83963    1.0992    1.0862    1.0662    1.0539    1.0475    1.0464    1.0476
    1.0119    0.7014
    3    1 1.1575200000000D+04 1.1278138410000D+13
   0.83963    1.0992    1.0862    1.0662    1.0539    1.0475    1.0464    1.0476
    1.0119    0.7014
    9    0 1.1575200000000D+04 2.9290000000000D+02
   10    0 1.1575200000000D+04 1.5761290322581D+01
*---+----+-------------------+-------------------+---------+---------------------
*   1: printout of the result at time [hours]
*---+----+-------------------+-------------------+---------+---------------------
    1    0 1.1952000000000D+04
*---+----+-------------------+-------------------+---------+---------------------
    2    1 1.1952000000000D+04 2.9720300000000D+01
   0.85675    1.1048    1.0855    1.0627    1.0487     1.041    1.0393    1.0413
    1.0105   0.70948
    3    1 1.1952000000000D+04 1.1246161520000D+13
   0.85675    1.1048    1.0855    1.0627    1.0487     1.041    1.0393    1.0413
    1.0105   0.70948
    9    0 1.1952000000000D+04 2.9290000000000D+02
   10    0 1.1952000000000D+04 1.5761290322581D+01
*---+----+-------------------+-------------------+---------+---------------------
*   1: printout of the result at time [hours]
*---+----+-------------------+-------------------+---------+---------------------
    1    0 1.2935000000000D+04
*---+----+-------------------+-------------------+---------+---------------------
    2    1 1.2935000000000D+04 2.5970000000000D+01
   0.75406   0.96484   0.97312   0.98845    1.0159    1.0505    1.0919    1.1408
    1.1639   0.85645
    3    1 1.2935000000000D+04 9.5881240000000D+12
   0.75406   0.96484   0.97312   0.98845    1.0159    1.0505    1.0919    1.1408
    1.1639   0.85645
    9    0 1.2935000000000D+04 2.8270000000000D+02
   10    0 1.2935000000000D+04 1.5761290322581D+01
*---+----+-------------------+-------------------+---------+---------------------
*   1: printout of the result at time [hours]
*---+----+-------------------+-------------------+---------+---------------------
    1    0 1.2937000000000D+04
*---+----+-------------------+-------------------+---------+---------------------
    2    1 1.2937000000000D+04 2.2481200000000D+01
   0.51554   0.79689   0.93901    1.0479    1.1316    1.1914    1.2258    1.2277
    1.1623   0.76188
    3    1 1.2937000000000D+04 9.5117957200000D+12
   0.51554   0.79689   0.93901    1.0479    1.1316    1.1914    1.2258    1.2277
    1.1623   0.76188
    9    0 1.2937000000000D+04 2.9480000000000D+02
   10    0 1.2937000000000D+04 1.5761290322581D+01
*---+----+-------------------+-------------------+---------+---------------------
*   1: printout of the result at time [hours]
*---+----+-------------------+-------------------+---------+---------------------
    1    0 1.3099200000000D+04
*---+----+-------------------+-------------------+---------+---------------------
    2    1 1.3099200000000D+04 2.2622800000000D+01
   0.67777   0.96496    1.0481    1.0886    1.1093    1.1198     1.119    1.1074
    1.0542   0.71079
    3    1 1.3099200000000D+04 9.5649198400000D+12
   0.67777   0.96496    1.0481    1.0886    1.1093    1.1198     1.119    1.1074
    1.0542   0.71079
    9    0 1.3099200000000D+04 2.9480000000000D+02
   10    0 1.3099200000000D+04 1.5761290322581D+01
*---+----+-------------------+-------------------+---------+---------------------
*   1: printout of the result at time [hours]
*---+----+-------------------+-------------------+---------+---------------------
    1    0 1.4025600000000D+04
*---+----+-------------------+-------------------+---------+---------------------
    2    1 1.4025600000000D+04 2.2470700000000D+01
    0.7091   0.99022    1.0591    1.0879    1.1007    1.1065    1.1037    1.0924
    1.0419   0.70848
    3    1 1.4025600000000D+04 9.5343180100000D+12
    0.7091   0.99022    1.0591    1.0879    1.1007    1.1065    1.1037    1.0924
    1.0419   0.70848
    9    0 1.4025600000000D+04 2.9480000000000D+02
   10    0 1.4025600000000D+04 1.5761290322581D+01
*---+----+-------------------+-------------------+---------+---------------------
*   1: printout of the result at time [hours]
*---+----+-------------------+-------------------+---------+---------------------
    1    0 1.4028000000000D+04
*---+----+-------------------+-------------------+---------+---------------------
    2    1 1.4028000000000D+04 2.4309300000000D+01
   0.72544    1.0054    1.0684    1.0918    1.0998    1.1001    1.0952    1.0815
    1.0308    0.7015
    3    1 1.4028000000000D+04 1.0248800880000D+13
   0.72544    1.0054    1.0684    1.0918    1.0998    1.1001    1.0952    1.0815
    1.0308    0.7015
    9    0 1.4028000000000D+04 2.9060000000000D+02
   10    0 1.4028000000000D+04 1.5761290322581D+01
*---+----+-------------------+-------------------+---------+---------------------
*   1: printout of the result at time [hours]
*---+----+-------------------+-------------------+---------+---------------------
    1    0 1.6804800000000D+04
*---+----+-------------------+-------------------+---------+---------------------
    2    1 1.6804800000000D+04 2.3743600000000D+01
   0.81138    1.0625    1.0927    1.0834     1.075     1.066    1.0571    1.0453
    1.0032   0.70347
    3    1 1.6804800000000D+04 1.0131394120000D+13
   0.81138    1.0625    1.0927    1.0834     1.075     1.066    1.0571    1.0453
    1.0032   0.70347
    9    0 1.6804800000000D+04 2.9060000000000D+02
   10    0 1.6804800000000D+04 1.5761290322581D+01
*---+----+-------------------+-------------------+---------+---------------------
*   1: printout of the result at time [hours]
*---+----+-------------------+-------------------+---------+---------------------
    1    0 1.8488600000000D+04
*---+----+-------------------+-------------------+---------+---------------------
    2    1 1.8488600000000D+04 2.3262800000000D+01
   0.83429    1.0767    1.1018    1.0882    1.0752    1.0616    1.0479    1.0313
   0.98531   0.69781
    3    1 1.8488600000000D+04 1.0026266800000D+13
   0.83429    1.0767    1.1018    1.0882    1.0752    1.0616    1.0479    1.0313
   0.98531   0.69781
    9    0 1.8488600000000D+04 2.9060000000000D+02
   10    0 1.8488600000000D+04 1.5761290322581D+01
*---+----+-------------------+-------------------+---------+---------------------
*   1: printout of the result at time [hours]
*---+----+-------------------+-------------------+---------+---------------------
    1    0 1.8490600000000D+04
*---+----+-------------------+-------------------+---------+---------------------
    2    1 1.8490600000000D+04 2.3411900000000D+01
   0.50555   0.73868   0.85662   0.96677    1.0718    1.1662    1.2437    1.2935
    1.2721   0.88515
    3    1 1.8490600000000D+04 1.0266118150000D+13
   0.50555   0.73868   0.85662   0.96677    1.0718    1.1662    1.2437    1.2935
    1.2721   0.88515
    9    0 1.8490600000000D+04 2.9060000000000D+02
   10    0 1.8490600000000D+04 1.5761290322581D+01
*---+----+-------------------+-------------------+---------+---------------------
*   1: printout of the result at time [hours]
*---+----+-------------------+-------------------+---------+---------------------
    1    0 1.8640800000000D+04
*---+----+-------------------+-------------------+---------+---------------------
    2    1 1.8640800000000D+04 2.3462400000000D+01
   0.67657   0.91922    0.9869    1.0337    1.0728    1.1061    1.1331    1.1553
    1.1219   0.79455
    3    1 1.8640800000000D+04 1.0290608640000D+13
   0.67657   0.91922    0.9869    1.0337    1.0728    1.1061    1.1331    1.1553
    1.1219   0.79455
    9    0 1.8640800000000D+04 2.9060000000000D+02
   10    0 1.8640800000000D+04 1.5761290322581D+01
*---+----+-------------------+-------------------+---------+---------------------
*   1: printout of the result at time [hours]
*---+----+-------------------+-------------------+---------+---------------------
    1    0 2.2279200000000D+04
*---+----+-------------------+-------------------+---------+---------------------
    2    1 2.2279200000000D+04 2.2670900000000D+01
   0.85012    1.0436    1.0394     1.031    1.0308    1.0374    1.0496    1.0657
    1.0587   0.79362
    3    1 2.2279200000000D+04 1.0084016320000D+13
   0.85012    1.0436    1.0394     1.031    1.0308    1.0374    1.0496    1.0657
    1.0587   0.79362
    9    0 2.2279200000000D+04 2.9060000000000D+02
   10    0 2.2279200000000D+04 1.5761290322581D+01
*---+----+-------------------+-------------------+---------+---------------------
*   1: printout of the result at time [hours]
*---+----+-------------------+-------------------+---------+---------------------
    1    0 2.5689600000000D+04
*---+----+-------------------+-------------------+---------+---------------------
    2    1 2.5689600000000D+04 2.2375100000000D+01
   0.93725    1.0784    1.0411    1.0236    1.0163     1.014    1.0165    1.0266
    1.0288   0.81738
    3    1 2.5689600000000D+04 1.0050894920000D+13
   0.93725    1.0784    1.0411    1.0236    1.0163     1.014    1.0165    1.0266
    1.0288   0.81738
    9    0 2.5689600000000D+04 2.9060000000000D+02
   10    0 2.5689600000000D+04 1.5761290322581D+01
*---+----+-------------------+-------------------+---------+---------------------
*   1: printout of the result at time [hours]
*---+----+-------------------+-------------------+---------+---------------------
    1    0 2.7373400000000D+04
*---+----+-------------------+-------------------+---------+---------------------
    2    1 2.7373400000000D+04 2.2189100000000D+01
   0.99085    1.0622    1.0176   0.99873   0.99441   0.99594    1.0032    1.0219
    1.0441    0.8711
    3    1 2.7373400000000D+04 9.9784382700000D+12
   0.99085    1.0622    1.0176   0.99873   0.99441   0.99594    1.0032    1.0219
    1.0441    0.8711
    9    0 2.7373400000000D+04 2.9060000000000D+02
   10    0 2.7373400000000D+04 1.5761290322581D+01
*---+----+-------------------+-------------------+---------+---------------------
*   1: printout of the result at time [hours]
*---+----+-------------------+-------------------+---------+---------------------
    1    0 2.7375400000000D+04
*---+----+-------------------+-------------------+---------+---------------------
    2    1 2.7375400000000D+04 1.9810000000000D+00
   0.42958   0.66431   0.82181   0.96416    1.0944     1.208    1.2933    1.3402
    1.2802   0.90409
    3    1 2.7375400000000D+04 9.6771850000000D+11
   0.42958   0.66431   0.82181   0.96416    1.0944     1.208    1.2933    1.3402
    1.2802   0.90409
    9    0 2.7375400000000D+04 2.9060000000000D+02
   10    0 2.7375400000000D+04 1.5761290322581D+01
*---+----+-------------------+-------------------+---------+---------------------
*   1: printout of the result at time [hours]
*---+----+-------------------+-------------------+---------+---------------------
    1    0 2.7525600000000D+04
*---+----+-------------------+-------------------+---------+---------------------
    2    1 2.7525600000000D+04 2.0736000000000D+00
   0.60957   0.86034   0.96692    1.0383    1.0928    1.1352    1.1656     1.182
     1.129   0.82031
    3    1 2.7525600000000D+04 9.9843840000000D+11
   0.60957   0.86034   0.96692    1.0383    1.0928    1.1352    1.1656     1.182
     1.129   0.82031
    9    0 2.7525600000000D+04 2.9060000000000D+02
   10    0 2.7525600000000D+04 1.5761290322581D+01
*---+----+-------------------+-------------------+---------+---------------------
*   1: printout of the result at time [hours]
*---+----+-------------------+-------------------+---------+---------------------
    1    0 3.4195200000000D+04
*---+----+-------------------+-------------------+---------+---------------------
    2    1 3.4195200000000D+04 2.5090000000000D+00
   0.84815    1.0359    1.0494    1.0442    1.0411    1.0407    1.0434    1.0486
    1.0323   0.81626
    3    1 3.4195200000000D+04 1.1280464000000D+12
   0.84815    1.0359    1.0494    1.0442    1.0411    1.0407    1.0434    1.0486
    1.0323   0.81626
    9    0 3.4195200000000D+04 2.9060000000000D+02
   10    0 3.4195200000000D+04 1.5761290322581D+01
*---+----+-------------------+-------------------+---------+---------------------
*   1: printout of the result at time [hours]
*---+----+-------------------+-------------------+---------+---------------------
    1    0 3.7472600000000D+04
*---+----+-------------------+-------------------+---------+---------------------
    2    1 3.7472600000000D+04 2.9614000000000D+00
   0.94719    1.0414    1.0056   0.98906   0.98838   0.99514    1.0097    1.0373
    1.0738   0.91241
    3    1 3.7472600000000D+04 1.2784363800000D+12
   0.94719    1.0414    1.0056   0.98906   0.98838   0.99514    1.0097    1.0373
    1.0738   0.91241
    9    0 3.7472600000000D+04 2.9060000000000D+02
   10    0 3.7472600000000D+04 1.5761290322581D+01
*---+----+-------------------+-------------------+---------+---------------------
*   1: printout of the result at time [hours]
*---+----+-------------------+-------------------+---------+---------------------
    1    0 3.7474600000000D+04
*---+----+-------------------+-------------------+---------+---------------------
    2    1 3.7474600000000D+04 1.1175400000000D+01
   0.53188   0.71863   0.84999     0.969    1.0724     1.157    1.2181    1.2549
    1.2422   0.98592
    3    1 3.7474600000000D+04 5.5441159400000D+12
   0.53188   0.71863   0.84999     0.969    1.0724     1.157    1.2181    1.2549
    1.2422   0.98592
    9    0 3.7474600000000D+04 2.9290000000000D+02
   10    0 3.7474600000000D+04 1.5761290322581D+01
*---+----+-------------------+-------------------+---------+---------------------
*   1: printout of the result at time [hours]
*---+----+-------------------+-------------------+---------+---------------------
    1    0 3.7617600000000D+04
*---+----+-------------------+-------------------+---------+---------------------
    2    1 3.7617600000000D+04 1.1413700000000D+01
   0.72045   0.89804   0.97637      1.03    1.0668     1.092    1.1117    1.1105
    1.1017   0.89244
    3    1 3.7617600000000D+04 5.5949957400000D+12
   0.72045   0.89804   0.97637      1.03    1.0668     1.092    1.1117    1.1105
    1.1017   0.89244
    9    0 3.7617600000000D+04 2.9290000000000D+02
   10    0 3.7617600000000D+04 1.5761290322581D+01
*---+----+-------------------+-------------------+---------+---------------------
*   1: printout of the result at time [hours]
*---+----+-------------------+-------------------+---------+---------------------
    1    0 4.1073600000000D+04
*---+----+-------------------+-------------------+---------+---------------------
    2    1 4.1073600000000D+04 1.2463500000000D+01
    0.8289   0.99868    1.0386     1.052    1.0572    1.0609    1.0597    1.0535
    1.0278   0.82288
    3    1 4.1073600000000D+04 6.0634927500000D+12
    0.8289   0.99868    1.0386     1.052    1.0572    1.0609    1.0597    1.0535
    1.0278   0.82288
    9    0 4.1073600000000D+04 2.9290000000000D+02
   10    0 4.1073600000000D+04 1.5761290322581D+01
*---+----+-------------------+-------------------+---------+---------------------
*   1: printout of the result at time [hours]
*---+----+-------------------+-------------------+---------+---------------------
    1    0 4.2873600000000D+04
*---+----+-------------------+-------------------+---------+---------------------
    2    1 4.2873600000000D+04 1.3050700000000D+01
   0.84463    1.0299    1.0731    1.0789    1.0727    1.0629    1.0501    1.0299
    0.9837   0.77413
    3    1 4.2873600000000D+04 6.3400300600000D+12
   0.84463    1.0299    1.0731    1.0789    1.0727    1.0629    1.0501    1.0299
    0.9837   0.77413
    9    0 4.2873600000000D+04 2.9290000000000D+02
   10    0 4.2873600000000D+04 1.5761290322581D+01
*---+----+-------------------+-------------------+---------+---------------------
*   1: printout of the result at time [hours]
*---+----+-------------------+-------------------+---------+---------------------
    1    0 4.7268000000000D+04
*---+----+-------------------+-------------------+---------+---------------------
    2    1 4.7268000000000D+04 1.4133900000000D+01
   0.95862    1.0317   0.99746   0.98168   0.98423   0.99718    1.0194     1.052
    1.0743   0.90343
    3    1 4.7268000000000D+04 6.7008819900000D+12
   0.95862    1.0317   0.99746   0.98168   0.98423   0.99718    1.0194     1.052
    1.0743   0.90343
    9    0 4.7268000000000D+04 2.9290000000000D+02
   10    0 4.7268000000000D+04 1.5761290322581D+01
*---+----+-------------------+-------------------+---------+---------------------
*   1: printout of the result at time [hours]
*---+----+-------------------+-------------------+---------+---------------------
    1    0 4.7556000000000D+04
*---+----+-------------------+-------------------+---------+---------------------
    2    1 4.7556000000000D+04 1.3571600000000D+01
   0.90299   0.97255   0.95118   0.95243   0.97247    1.0025    1.0418    1.0928
    1.1407   0.97056
    3    1 4.7556000000000D+04 6.3840806400000D+12
   0.90299   0.97255   0.95118   0.95243   0.97247    1.0025    1.0418    1.0928
    1.1407   0.97056
    9    0 4.7556000000000D+04 2.8960000000000D+02
   10    0 4.7556000000000D+04 1.5761290322581D+01
* data point #1057 end
*  00:  last line of data set (finishing the program)
*---+----+-------------------+-------------------+---------+---------------------
00000    0 4.7556000000000D+04
*---+----+-------------------+-------------------+---------+---------------------
