* data point #1044 begin
*
*---+----+-------------------+-------------------+---------+---------------------
*   1: printout of the result at time [hours]
*---+----+-------------------+-------------------+---------+---------------------
    1    0 0.0000000000000D+00
*---+----+-------------------+-------------------+---------+---------------------
    2    1 0.0000000000000D+00 2.8075900000000D+01
   0.44533   0.66634   0.80792   0.94155    1.0696    1.1843    1.2765    1.3327
    1.3142   0.96168
    3    1 0.0000000000000D+00 1.0295432530000D+13
   0.44533   0.66634   0.80792   0.94155    1.0696    1.1843    1.2765    1.3327
    1.3142   0.96168
    9    0 0.0000000000000D+00 2.9060000000000D+02
   10    0 0.0000000000000D+00 1.5760000000000D+01
*---+----+-------------------+-------------------+---------+---------------------
*   1: printout of the result at time [hours]
*---+----+-------------------+-------------------+---------+---------------------
    1    0 1.5120000000000D+02
*---+----+-------------------+-------------------+---------+---------------------
    2    1 1.5120000000000D+02 2.8218000000000D+01
   0.64335   0.88302   0.97239    1.0321    1.0798    1.1179    1.1457    1.1638
    1.1264    0.8356
    3    1 1.5120000000000D+02 1.0392689400000D+13
   0.64335   0.88302   0.97239    1.0321    1.0798    1.1179    1.1457    1.1638
    1.1264    0.8356
    9    0 1.5120000000000D+02 2.9060000000000D+02
   10    0 1.5120000000000D+02 1.5760000000000D+01
*---+----+-------------------+-------------------+---------+---------------------
*   1: printout of the result at time [hours]
*---+----+-------------------+-------------------+---------+---------------------
    1    0 6.8208000000000D+03
*---+----+-------------------+-------------------+---------+---------------------
    2    1 6.8208000000000D+03 3.0258400000000D+01
   0.84879    1.1221    1.1211    1.0951     1.071    1.0502    1.0321    1.0135
   0.96287   0.68315
    3    1 6.8208000000000D+03 1.1525424560000D+13
   0.84879    1.1221    1.1211    1.0951     1.071    1.0502    1.0321    1.0135
   0.96287   0.68315
    9    0 6.8208000000000D+03 2.9060000000000D+02
   10    0 6.8208000000000D+03 1.5760000000000D+01
*---+----+-------------------+-------------------+---------+---------------------
*   1: printout of the result at time [hours]
*---+----+-------------------+-------------------+---------+---------------------
    1    0 1.0098200000000D+04
*---+----+-------------------+-------------------+---------+---------------------
    2    1 1.0098200000000D+04 2.8726300000000D+01
   0.94318    1.1107    1.0644    1.0343    1.0184     1.009    1.0057    1.0118
    1.0114   0.79116
    3    1 1.0098200000000D+04 1.1094097060000D+13
   0.94318    1.1107    1.0644    1.0343    1.0184     1.009    1.0057    1.0118
    1.0114   0.79116
    9    0 1.0098200000000D+04 2.9060000000000D+02
   10    0 1.0098200000000D+04 1.5760000000000D+01
*---+----+-------------------+-------------------+---------+---------------------
*   1: printout of the result at time [hours]
*---+----+-------------------+-------------------+---------+---------------------
    1    0 1.0100200000000D+04
*---+----+-------------------+-------------------+---------+---------------------
    2    1 1.0100200000000D+04 2.6681000000000D+01
   0.49091   0.76331   0.90986    1.0299    1.1283    1.2028    1.2488    1.2559
    1.1895   0.78071
    3    1 1.0100200000000D+04 1.1312744000000D+13
   0.49091   0.76331   0.90986    1.0299    1.1283    1.2028    1.2488    1.2559
    1.1895   0.78071
    9    0 1.0100200000000D+04 2.9290000000000D+02
   10    0 1.0100200000000D+04 1.5760000000000D+01
*---+----+-------------------+-------------------+---------+---------------------
*   1: printout of the result at time [hours]
*---+----+-------------------+-------------------+---------+---------------------
    1    0 1.0243200000000D+04
*---+----+-------------------+-------------------+---------+---------------------
    2    1 1.0243200000000D+04 2.6693900000000D+01
   0.66551   0.95464     1.045    1.0928     1.119     1.132    1.1297    1.1114
    1.0483   0.70173
    3    1 1.0243200000000D+04 1.1302197260000D+13
   0.66551   0.95464     1.045    1.0928     1.119     1.132    1.1297    1.1114
    1.0483   0.70173
    9    0 1.0243200000000D+04 2.9290000000000D+02
   10    0 1.0243200000000D+04 1.5760000000000D+01
*---+----+-------------------+-------------------+---------+---------------------
*   1: printout of the result at time [hours]
*---+----+-------------------+-------------------+---------+---------------------
    1    0 1.3699200000000D+04
*---+----+-------------------+-------------------+---------+---------------------
    2    1 1.3699200000000D+04 2.5997000000000D+01
   0.79178    1.0557     1.093    1.0956    1.0895    1.0806    1.0691    1.0493
   0.99146   0.68396
    3    1 1.3699200000000D+04 1.1168311200000D+13
   0.79178    1.0557     1.093    1.0956    1.0895    1.0806    1.0691    1.0493
   0.99146   0.68396
    9    0 1.3699200000000D+04 2.9290000000000D+02
   10    0 1.3699200000000D+04 1.5760000000000D+01
*---+----+-------------------+-------------------+---------+---------------------
*   1: printout of the result at time [hours]
*---+----+-------------------+-------------------+---------+---------------------
    1    0 1.5499200000000D+04
*---+----+-------------------+-------------------+---------+---------------------
    2    1 1.5499200000000D+04 2.5502300000000D+01
   0.81706    1.0787    1.1181     1.107    1.0925    1.0753    1.0555    1.0276
   0.96168   0.66653
    3    1 1.5499200000000D+04 1.1060347510000D+13
   0.81706    1.0787    1.1181     1.107    1.0925    1.0753    1.0555    1.0276
   0.96168   0.66653
    9    0 1.5499200000000D+04 2.9290000000000D+02
   10    0 1.5499200000000D+04 1.5760000000000D+01
*---+----+-------------------+-------------------+---------+---------------------
*   1: printout of the result at time [hours]
*---+----+-------------------+-------------------+---------+---------------------
    1    0 1.9893600000000D+04
*---+----+-------------------+-------------------+---------+---------------------
    2    1 1.9893600000000D+04 2.4660300000000D+01
   0.95137     1.073    1.0323    1.0095    1.0044     1.009    1.0221    1.0434
    1.0459   0.80911
    3    1 1.9893600000000D+04 1.0801211400000D+13
   0.95137     1.073    1.0323    1.0095    1.0044     1.009    1.0221    1.0434
    1.0459   0.80911
    9    0 1.9893600000000D+04 2.9290000000000D+02
   10    0 1.9893600000000D+04 1.5760000000000D+01
*---+----+-------------------+-------------------+---------+---------------------
*   1: printout of the result at time [hours]
*---+----+-------------------+-------------------+---------+---------------------
    1    0 2.0181600000000D+04
*---+----+-------------------+-------------------+---------+---------------------
    2    1 2.0181600000000D+04 2.3622400000000D+01
   0.89394    1.0093   0.98352   0.97941   0.99321    1.0163    1.0474    1.0877
    1.1139   0.87527
    3    1 2.0181600000000D+04 1.0245034880000D+13
   0.89394    1.0093   0.98352   0.97941   0.99321    1.0163    1.0474    1.0877
    1.1139   0.87527
    9    0 2.0181600000000D+04 2.8960000000000D+02
   10    0 2.0181600000000D+04 1.5760000000000D+01
* data point #1044 end
*  00:  last line of data set (finishing the program)
*---+----+-------------------+-------------------+---------+---------------------
00000    0 2.0181600000000D+04
*---+----+-------------------+-------------------+---------+---------------------
