* data point #1941 begin
*
*---+----+-------------------+-------------------+---------+---------------------
*   1: printout of the result at time [hours]
*---+----+-------------------+-------------------+---------+---------------------
    1    0 0.0000000000000D+00
*---+----+-------------------+-------------------+---------+---------------------
    2    1 0.0000000000000D+00 2.5785200000000D+01
    0.5687   0.87961    1.0398    1.1346    1.1894     1.212    1.1973    1.1374
   0.99902   0.64227
    3    1 0.0000000000000D+00 9.4760610000000D+12
    0.5687   0.87961    1.0398    1.1346    1.1894     1.212    1.1973    1.1374
   0.99902   0.64227
    9    0 0.0000000000000D+00 2.9290000000000D+02
   10    0 0.0000000000000D+00 1.5761290322581D+01
*---+----+-------------------+-------------------+---------+---------------------
*   1: printout of the result at time [hours]
*---+----+-------------------+-------------------+---------+---------------------
    1    0 1.4400000000000D+02
*---+----+-------------------+-------------------+---------+---------------------
    2    1 1.4400000000000D+02 2.5574000000000D+01
   0.71139    1.0133    1.1122    1.1427    1.1457     1.133    1.1057    1.0538
   0.94604   0.63608
    3    1 1.4400000000000D+02 9.3882154000000D+12
   0.71139    1.0133    1.1122    1.1427    1.1457     1.133    1.1057    1.0538
   0.94604   0.63608
    9    0 1.4400000000000D+02 2.9290000000000D+02
   10    0 1.4400000000000D+02 1.5761290322581D+01
*---+----+-------------------+-------------------+---------+---------------------
*   1: printout of the result at time [hours]
*---+----+-------------------+-------------------+---------+---------------------
    1    0 3.6000000000000D+03
*---+----+-------------------+-------------------+---------+---------------------
    2    1 3.6000000000000D+03 2.6779600000000D+01
     0.821    1.0974    1.1344    1.1113    1.0894    1.0687    1.0487    1.0208
   0.94807   0.66028
    3    1 3.6000000000000D+03 9.7236727600000D+12
     0.821    1.0974    1.1344    1.1113    1.0894    1.0687    1.0487    1.0208
   0.94807   0.66028
    9    0 3.6000000000000D+03 2.9290000000000D+02
   10    0 3.6000000000000D+03 1.5761290322581D+01
*---+----+-------------------+-------------------+---------+---------------------
*   1: printout of the result at time [hours]
*---+----+-------------------+-------------------+---------+---------------------
    1    0 7.3968000000000D+03
*---+----+-------------------+-------------------+---------+---------------------
    2    1 7.3968000000000D+03 2.8545500000000D+01
   0.86578    1.1453    1.1312    1.0973    1.0707    1.0492      1.03    1.0067
   0.94162    0.6621
    3    1 7.3968000000000D+03 1.0202161700000D+13
   0.86578    1.1453    1.1312    1.0973    1.0707    1.0492      1.03    1.0067
   0.94162    0.6621
    9    0 7.3968000000000D+03 2.9290000000000D+02
   10    0 7.3968000000000D+03 1.5761290322581D+01
*---+----+-------------------+-------------------+---------+---------------------
*   1: printout of the result at time [hours]
*---+----+-------------------+-------------------+---------+---------------------
    1    0 7.9742000000000D+03
*---+----+-------------------+-------------------+---------+---------------------
    2    1 7.9742000000000D+03 2.7211300000000D+01
   0.79412    1.0548    1.0594    1.0529    1.0556    1.0626    1.0711    1.0815
    1.0326   0.73514
    3    1 7.9742000000000D+03 9.5838198600000D+12
   0.79412    1.0548    1.0594    1.0529    1.0556    1.0626    1.0711    1.0815
    1.0326   0.73514
    9    0 7.9742000000000D+03 2.8810000000000D+02
   10    0 7.9742000000000D+03 1.5761290322581D+01
*---+----+-------------------+-------------------+---------+---------------------
*   1: printout of the result at time [hours]
*---+----+-------------------+-------------------+---------+---------------------
    1    0 7.9762000000000D+03
*---+----+-------------------+-------------------+---------+---------------------
    2    1 7.9762000000000D+03 3.1391400000000D+01
    0.5154   0.84106   0.98473    1.0855    1.1635    1.2167    1.2415    1.2102
    1.0786   0.66289
    3    1 7.9762000000000D+03 1.1699574780000D+13
    0.5154   0.84106   0.98473    1.0855    1.1635    1.2167    1.2415    1.2102
    1.0786   0.66289
    9    0 7.9762000000000D+03 2.9290000000000D+02
   10    0 7.9762000000000D+03 1.5761290322581D+01
*---+----+-------------------+-------------------+---------+---------------------
*   1: printout of the result at time [hours]
*---+----+-------------------+-------------------+---------+---------------------
    1    0 8.1192000000000D+03
*---+----+-------------------+-------------------+---------+---------------------
    2    1 8.1192000000000D+03 3.0956300000000D+01
   0.67007    1.0088    1.0922    1.1226    1.1365    1.1391    1.1284    1.0927
   0.98345   0.62627
    3    1 8.1192000000000D+03 1.1540508640000D+13
   0.67007    1.0088    1.0922    1.1226    1.1365    1.1391    1.1284    1.0927
   0.98345   0.62627
    9    0 8.1192000000000D+03 2.9290000000000D+02
   10    0 8.1192000000000D+03 1.5761290322581D+01
*---+----+-------------------+-------------------+---------+---------------------
*   1: printout of the result at time [hours]
*---+----+-------------------+-------------------+---------+---------------------
    1    0 1.1575200000000D+04
*---+----+-------------------+-------------------+---------+---------------------
    2    1 1.1575200000000D+04 2.9741600000000D+01
   0.83963    1.0992    1.0862    1.0662    1.0539    1.0475    1.0464    1.0476
    1.0119   0.70141
    3    1 1.1575200000000D+04 1.1319652960000D+13
   0.83963    1.0992    1.0862    1.0662    1.0539    1.0475    1.0464    1.0476
    1.0119   0.70141
    9    0 1.1575200000000D+04 2.9290000000000D+02
   10    0 1.1575200000000D+04 1.5761290322581D+01
*---+----+-------------------+-------------------+---------+---------------------
*   1: printout of the result at time [hours]
*---+----+-------------------+-------------------+---------+---------------------
    1    0 1.1952000000000D+04
*---+----+-------------------+-------------------+---------+---------------------
    2    1 1.1952000000000D+04 2.9584000000000D+01
   0.85678    1.1048    1.0855    1.0627    1.0487     1.041    1.0392    1.0413
    1.0104   0.70947
    3    1 1.1952000000000D+04 1.1295171200000D+13
   0.85678    1.1048    1.0855    1.0627    1.0487     1.041    1.0392    1.0413
    1.0104   0.70947
    9    0 1.1952000000000D+04 2.9290000000000D+02
   10    0 1.1952000000000D+04 1.5761290322581D+01
*---+----+-------------------+-------------------+---------+---------------------
*   1: printout of the result at time [hours]
*---+----+-------------------+-------------------+---------+---------------------
    1    0 1.2935000000000D+04
*---+----+-------------------+-------------------+---------+---------------------
    2    1 1.2935000000000D+04 2.5894900000000D+01
   0.75405   0.96486   0.97313   0.98842     1.016    1.0505    1.0919    1.1408
    1.1639   0.85642
    3    1 1.2935000000000D+04 9.6380817800000D+12
   0.75405   0.96486   0.97313   0.98842     1.016    1.0505    1.0919    1.1408
    1.1639   0.85642
    9    0 1.2935000000000D+04 2.8270000000000D+02
   10    0 1.2935000000000D+04 1.5761290322581D+01
*---+----+-------------------+-------------------+---------+---------------------
*   1: printout of the result at time [hours]
*---+----+-------------------+-------------------+---------+---------------------
    1    0 1.2937000000000D+04
*---+----+-------------------+-------------------+---------+---------------------
    2    1 1.2937000000000D+04 2.3689000000000D+01
   0.51556   0.79691     0.939    1.0479    1.1316    1.1914    1.2258    1.2277
    1.1623   0.76187
    3    1 1.2937000000000D+04 9.7124900000000D+12
   0.51556   0.79691     0.939    1.0479    1.1316    1.1914    1.2258    1.2277
    1.1623   0.76187
    9    0 1.2937000000000D+04 2.9480000000000D+02
   10    0 1.2937000000000D+04 1.5761290322581D+01
*---+----+-------------------+-------------------+---------+---------------------
*   1: printout of the result at time [hours]
*---+----+-------------------+-------------------+---------+---------------------
    1    0 1.3099200000000D+04
*---+----+-------------------+-------------------+---------+---------------------
    2    1 1.3099200000000D+04 2.3804100000000D+01
   0.67778   0.96496    1.0481    1.0886    1.1093    1.1198     1.119    1.1074
    1.0542   0.71076
    3    1 1.3099200000000D+04 9.7668222300000D+12
   0.67778   0.96496    1.0481    1.0886    1.1093    1.1198     1.119    1.1074
    1.0542   0.71076
    9    0 1.3099200000000D+04 2.9480000000000D+02
   10    0 1.3099200000000D+04 1.5761290322581D+01
*---+----+-------------------+-------------------+---------+---------------------
*   1: printout of the result at time [hours]
*---+----+-------------------+-------------------+---------+---------------------
    1    0 1.4025600000000D+04
*---+----+-------------------+-------------------+---------+---------------------
    2    1 1.4025600000000D+04 2.3551700000000D+01
   0.70912    0.9902    1.0591    1.0879    1.1007    1.1065    1.1037    1.0924
    1.0419   0.70848
    3    1 1.4025600000000D+04 9.7244969300000D+12
   0.70912    0.9902    1.0591    1.0879    1.1007    1.1065    1.1037    1.0924
    1.0419   0.70848
    9    0 1.4025600000000D+04 2.9480000000000D+02
   10    0 1.4025600000000D+04 1.5761290322581D+01
*---+----+-------------------+-------------------+---------+---------------------
*   1: printout of the result at time [hours]
*---+----+-------------------+-------------------+---------+---------------------
    1    0 1.4028000000000D+04
*---+----+-------------------+-------------------+---------+---------------------
    2    1 1.4028000000000D+04 2.5489400000000D+01
   0.72544    1.0054    1.0684    1.0917    1.0998    1.1001    1.0952    1.0815
    1.0308   0.70151
    3    1 1.4028000000000D+04 1.0460849760000D+13
   0.72544    1.0054    1.0684    1.0917    1.0998    1.1001    1.0952    1.0815
    1.0308   0.70151
    9    0 1.4028000000000D+04 2.9060000000000D+02
   10    0 1.4028000000000D+04 1.5761290322581D+01
*---+----+-------------------+-------------------+---------+---------------------
*   1: printout of the result at time [hours]
*---+----+-------------------+-------------------+---------+---------------------
    1    0 1.6804800000000D+04
*---+----+-------------------+-------------------+---------+---------------------
    2    1 1.6804800000000D+04 2.4663700000000D+01
   0.81139    1.0625    1.0927    1.0834     1.075     1.066    1.0571    1.0453
    1.0032   0.70346
    3    1 1.6804800000000D+04 1.0324224820000D+13
   0.81139    1.0625    1.0927    1.0834     1.075     1.066    1.0571    1.0453
    1.0032   0.70346
    9    0 1.6804800000000D+04 2.9060000000000D+02
   10    0 1.6804800000000D+04 1.5761290322581D+01
*---+----+-------------------+-------------------+---------+---------------------
*   1: printout of the result at time [hours]
*---+----+-------------------+-------------------+---------+---------------------
    1    0 1.8488600000000D+04
*---+----+-------------------+-------------------+---------+---------------------
    2    1 1.8488600000000D+04 2.4078500000000D+01
   0.83427    1.0767    1.1018    1.0882    1.0752    1.0616    1.0479    1.0313
   0.98532    0.6978
    3    1 1.8488600000000D+04 1.0206876150000D+13
   0.83427    1.0767    1.1018    1.0882    1.0752    1.0616    1.0479    1.0313
   0.98532    0.6978
    9    0 1.8488600000000D+04 2.9060000000000D+02
   10    0 1.8488600000000D+04 1.5761290322581D+01
*---+----+-------------------+-------------------+---------+---------------------
*   1: printout of the result at time [hours]
*---+----+-------------------+-------------------+---------+---------------------
    1    0 1.8490600000000D+04
*---+----+-------------------+-------------------+---------+---------------------
    2    1 1.8490600000000D+04 2.3691000000000D+01
   0.50559   0.73868   0.85661   0.96678    1.0718    1.1662    1.2437    1.2935
    1.2721   0.88515
    3    1 1.8490600000000D+04 1.0305585000000D+13
   0.50559   0.73868   0.85661   0.96678    1.0718    1.1662    1.2437    1.2935
    1.2721   0.88515
    9    0 1.8490600000000D+04 2.9060000000000D+02
   10    0 1.8490600000000D+04 1.5761290322581D+01
*---+----+-------------------+-------------------+---------+---------------------
*   1: printout of the result at time [hours]
*---+----+-------------------+-------------------+---------+---------------------
    1    0 1.8640800000000D+04
*---+----+-------------------+-------------------+---------+---------------------
    2    1 1.8640800000000D+04 2.3707300000000D+01
   0.67658   0.91921   0.98687    1.0336    1.0728    1.1061    1.1331    1.1553
    1.1219   0.79457
    3    1 1.8640800000000D+04 1.0322158420000D+13
   0.67658   0.91921   0.98687    1.0336    1.0728    1.1061    1.1331    1.1553
    1.1219   0.79457
    9    0 1.8640800000000D+04 2.9060000000000D+02
   10    0 1.8640800000000D+04 1.5761290322581D+01
*---+----+-------------------+-------------------+---------+---------------------
*   1: printout of the result at time [hours]
*---+----+-------------------+-------------------+---------+---------------------
    1    0 2.2279200000000D+04
*---+----+-------------------+-------------------+---------+---------------------
    2    1 2.2279200000000D+04 2.2882800000000D+01
   0.85011    1.0436    1.0395     1.031    1.0308    1.0374    1.0497    1.0657
    1.0587   0.79361
    3    1 2.2279200000000D+04 1.0153098360000D+13
   0.85011    1.0436    1.0395     1.031    1.0308    1.0374    1.0497    1.0657
    1.0587   0.79361
    9    0 2.2279200000000D+04 2.9060000000000D+02
   10    0 2.2279200000000D+04 1.5761290322581D+01
*---+----+-------------------+-------------------+---------+---------------------
*   1: printout of the result at time [hours]
*---+----+-------------------+-------------------+---------+---------------------
    1    0 2.5689600000000D+04
*---+----+-------------------+-------------------+---------+---------------------
    2    1 2.5689600000000D+04 2.2664100000000D+01
   0.93725    1.0784    1.0411    1.0236    1.0163     1.014    1.0165    1.0266
    1.0289   0.81737
    3    1 2.5689600000000D+04 1.0182980130000D+13
   0.93725    1.0784    1.0411    1.0236    1.0163     1.014    1.0165    1.0266
    1.0289   0.81737
    9    0 2.5689600000000D+04 2.9060000000000D+02
   10    0 2.5689600000000D+04 1.5761290322581D+01
*---+----+-------------------+-------------------+---------+---------------------
*   1: printout of the result at time [hours]
*---+----+-------------------+-------------------+---------+---------------------
    1    0 2.7373400000000D+04
*---+----+-------------------+-------------------+---------+---------------------
    2    1 2.7373400000000D+04 2.2452900000000D+01
   0.99083    1.0622    1.0176   0.99876   0.99439   0.99595    1.0033    1.0218
    1.0441   0.87111
    3    1 2.7373400000000D+04 1.0110540870000D+13
   0.99083    1.0622    1.0176   0.99876   0.99439   0.99595    1.0033    1.0218
    1.0441   0.87111
    9    0 2.7373400000000D+04 2.9060000000000D+02
   10    0 2.7373400000000D+04 1.5761290322581D+01
*---+----+-------------------+-------------------+---------+---------------------
*   1: printout of the result at time [hours]
*---+----+-------------------+-------------------+---------+---------------------
    1    0 2.7375400000000D+04
*---+----+-------------------+-------------------+---------+---------------------
    2    1 2.7375400000000D+04 1.5868000000000D+00
    0.4298   0.66423   0.82178    0.9642    1.0947    1.2075    1.2932    1.3404
    1.2799   0.90434
    3    1 2.7375400000000D+04 7.7626256000000D+11
    0.4298   0.66423   0.82178    0.9642    1.0947    1.2075    1.2932    1.3404
    1.2799   0.90434
    9    0 2.7375400000000D+04 2.9060000000000D+02
   10    0 2.7375400000000D+04 1.5761290322581D+01
*---+----+-------------------+-------------------+---------+---------------------
*   1: printout of the result at time [hours]
*---+----+-------------------+-------------------+---------+---------------------
    1    0 2.7525600000000D+04
*---+----+-------------------+-------------------+---------+---------------------
    2    1 2.7525600000000D+04 1.6712000000000D+00
   0.60974   0.86046   0.96697    1.0382    1.0926    1.1357    1.1656    1.1818
    1.1285   0.82037
    3    1 2.7525600000000D+04 7.9632680000000D+11
   0.60974   0.86046   0.96697    1.0382    1.0926    1.1357    1.1656    1.1818
    1.1285   0.82037
    9    0 2.7525600000000D+04 2.9060000000000D+02
   10    0 2.7525600000000D+04 1.5761290322581D+01
*---+----+-------------------+-------------------+---------+---------------------
*   1: printout of the result at time [hours]
*---+----+-------------------+-------------------+---------+---------------------
    1    0 3.4195200000000D+04
*---+----+-------------------+-------------------+---------+---------------------
    2    1 3.4195200000000D+04 2.0788000000000D+00
   0.84809    1.0357    1.0492    1.0444     1.041    1.0405    1.0439    1.0487
    1.0323   0.81634
    3    1 3.4195200000000D+04 9.2652116000000D+11
   0.84809    1.0357    1.0492    1.0444     1.041    1.0405    1.0439    1.0487
    1.0323   0.81634
    9    0 3.4195200000000D+04 2.9060000000000D+02
   10    0 3.4195200000000D+04 1.5761290322581D+01
*---+----+-------------------+-------------------+---------+---------------------
*   1: printout of the result at time [hours]
*---+----+-------------------+-------------------+---------+---------------------
    1    0 3.7472600000000D+04
*---+----+-------------------+-------------------+---------+---------------------
    2    1 3.7472600000000D+04 2.4887000000000D+00
   0.94708    1.0411    1.0057   0.98927   0.98847    0.9953    1.0094    1.0375
    1.0741   0.91212
    3    1 3.7472600000000D+04 1.0666568200000D+12
   0.94708    1.0411    1.0057   0.98927   0.98847    0.9953    1.0094    1.0375
    1.0741   0.91212
    9    0 3.7472600000000D+04 2.9060000000000D+02
   10    0 3.7472600000000D+04 1.5761290322581D+01
*---+----+-------------------+-------------------+---------+---------------------
*   1: printout of the result at time [hours]
*---+----+-------------------+-------------------+---------+---------------------
    1    0 3.7474600000000D+04
*---+----+-------------------+-------------------+---------+---------------------
    2    1 3.7474600000000D+04 1.0271600000000D+01
   0.53195   0.71858   0.85001   0.96898    1.0724     1.157    1.2181    1.2549
    1.2422   0.98592
    3    1 3.7474600000000D+04 5.0998494000000D+12
   0.53195   0.71858   0.85001   0.96898    1.0724     1.157    1.2181    1.2549
    1.2422   0.98592
    9    0 3.7474600000000D+04 2.9290000000000D+02
   10    0 3.7474600000000D+04 1.5761290322581D+01
*---+----+-------------------+-------------------+---------+---------------------
*   1: printout of the result at time [hours]
*---+----+-------------------+-------------------+---------+---------------------
    1    0 3.7617600000000D+04
*---+----+-------------------+-------------------+---------+---------------------
    2    1 3.7617600000000D+04 1.0525800000000D+01
   0.72042   0.89798   0.97636    1.0299    1.0668    1.0921    1.1117    1.1105
    1.1017   0.89247
    3    1 3.7617600000000D+04 5.1607997400000D+12
   0.72042   0.89798   0.97636    1.0299    1.0668    1.0921    1.1117    1.1105
    1.1017   0.89247
    9    0 3.7617600000000D+04 2.9290000000000D+02
   10    0 3.7617600000000D+04 1.5761290322581D+01
*---+----+-------------------+-------------------+---------+---------------------
*   1: printout of the result at time [hours]
*---+----+-------------------+-------------------+---------+---------------------
    1    0 4.1073600000000D+04
*---+----+-------------------+-------------------+---------+---------------------
    2    1 4.1073600000000D+04 1.1599600000000D+01
   0.82891   0.99866    1.0386     1.052    1.0571    1.0609    1.0597    1.0535
    1.0278   0.82287
    3    1 4.1073600000000D+04 5.6095665600000D+12
   0.82891   0.99866    1.0386     1.052    1.0571    1.0609    1.0597    1.0535
    1.0278   0.82287
    9    0 4.1073600000000D+04 2.9290000000000D+02
   10    0 4.1073600000000D+04 1.5761290322581D+01
*---+----+-------------------+-------------------+---------+---------------------
*   1: printout of the result at time [hours]
*---+----+-------------------+-------------------+---------+---------------------
    1    0 4.2873600000000D+04
*---+----+-------------------+-------------------+---------+---------------------
    2    1 4.2873600000000D+04 1.2184700000000D+01
   0.84467    1.0299    1.0731    1.0788    1.0727    1.0628    1.0502    1.0299
   0.98369   0.77417
    3    1 4.2873600000000D+04 5.8657145800000D+12
   0.84467    1.0299    1.0731    1.0788    1.0727    1.0628    1.0502    1.0299
   0.98369   0.77417
    9    0 4.2873600000000D+04 2.9290000000000D+02
   10    0 4.2873600000000D+04 1.5761290322581D+01
*---+----+-------------------+-------------------+---------+---------------------
*   1: printout of the result at time [hours]
*---+----+-------------------+-------------------+---------+---------------------
    1    0 4.7268000000000D+04
*---+----+-------------------+-------------------+---------+---------------------
    2    1 4.7268000000000D+04 1.3345600000000D+01
   0.95859    1.0317   0.99741   0.98167   0.98422   0.99718    1.0194     1.052
    1.0744   0.90344
    3    1 4.7268000000000D+04 6.2590864000000D+12
   0.95859    1.0317   0.99741   0.98167   0.98422   0.99718    1.0194     1.052
    1.0744   0.90344
    9    0 4.7268000000000D+04 2.9290000000000D+02
   10    0 4.7268000000000D+04 1.5761290322581D+01
*---+----+-------------------+-------------------+---------+---------------------
*   1: printout of the result at time [hours]
*---+----+-------------------+-------------------+---------+---------------------
    1    0 4.7556000000000D+04
*---+----+-------------------+-------------------+---------+---------------------
    2    1 4.7556000000000D+04 1.2814700000000D+01
   0.90295   0.97255   0.95117    0.9525   0.97248    1.0025    1.0419    1.0928
    1.1406   0.97053
    3    1 4.7556000000000D+04 5.9511466800000D+12
   0.90295   0.97255   0.95117    0.9525   0.97248    1.0025    1.0419    1.0928
    1.1406   0.97053
    9    0 4.7556000000000D+04 2.8960000000000D+02
   10    0 4.7556000000000D+04 1.5761290322581D+01
* data point #1941 end
*  00:  last line of data set (finishing the program)
*---+----+-------------------+-------------------+---------+---------------------
00000    0 4.7556000000000D+04
*---+----+-------------------+-------------------+---------+---------------------
