* data point #2044 begin
*
*---+----+-------------------+-------------------+---------+---------------------
*   1: printout of the result at time [hours]
*---+----+-------------------+-------------------+---------+---------------------
    1    0 0.0000000000000D+00
*---+----+-------------------+-------------------+---------+---------------------
    2    1 0.0000000000000D+00 2.4577800000000D+01
   0.59517   0.88669    1.0396    1.1333    1.1851    1.2116    1.1779    1.1149
   0.99317   0.66263
    3    1 0.0000000000000D+00 8.7251190000000D+12
   0.59517   0.88669    1.0396    1.1333    1.1851    1.2116    1.1779    1.1149
   0.99317   0.66263
    9    0 0.0000000000000D+00 2.9290000000000D+02
   10    0 0.0000000000000D+00 1.5780769230769D+01
*---+----+-------------------+-------------------+---------+---------------------
*   1: printout of the result at time [hours]
*---+----+-------------------+-------------------+---------+---------------------
    1    0 1.4400000000000D+02
*---+----+-------------------+-------------------+---------+---------------------
    2    1 1.4400000000000D+02 2.4547100000000D+01
   0.74551    1.0247    1.1143    1.1421    1.1412    1.1223    1.0878     1.033
   0.93824   0.65075
    3    1 1.4400000000000D+02 8.7289487600000D+12
   0.74551    1.0247    1.1143    1.1421    1.1412    1.1223    1.0878     1.033
   0.93824   0.65075
    9    0 1.4400000000000D+02 2.9290000000000D+02
   10    0 1.4400000000000D+02 1.5780769230769D+01
*---+----+-------------------+-------------------+---------+---------------------
*   1: printout of the result at time [hours]
*---+----+-------------------+-------------------+---------+---------------------
    1    0 3.6000000000000D+03
*---+----+-------------------+-------------------+---------+---------------------
    2    1 3.6000000000000D+03 2.6459700000000D+01
   0.86328     1.119    1.1313    1.1062    1.0791    1.0547     1.032    1.0049
   0.94268    0.6669
    3    1 3.6000000000000D+03 9.5466597600000D+12
   0.86328     1.119    1.1313    1.1062    1.0791    1.0547     1.032    1.0049
   0.94268    0.6669
    9    0 3.6000000000000D+03 2.9290000000000D+02
   10    0 3.6000000000000D+03 1.5780769230769D+01
*---+----+-------------------+-------------------+---------+---------------------
*   1: printout of the result at time [hours]
*---+----+-------------------+-------------------+---------+---------------------
    1    0 6.7920000000000D+03
*---+----+-------------------+-------------------+---------+---------------------
    2    1 6.7920000000000D+03 2.7735200000000D+01
      0.91    1.1775    1.1493    1.1065    1.0693    1.0362    1.0065   0.97717
   0.91735   0.65022
    3    1 6.7920000000000D+03 1.0181591920000D+13
      0.91    1.1775    1.1493    1.1065    1.0693    1.0362    1.0065   0.97717
   0.91735   0.65022
    9    0 6.7920000000000D+03 2.9290000000000D+02
   10    0 6.7920000000000D+03 1.5780769230769D+01
*---+----+-------------------+-------------------+---------+---------------------
*   1: printout of the result at time [hours]
*---+----+-------------------+-------------------+---------+---------------------
    1    0 7.2878000000000D+03
*---+----+-------------------+-------------------+---------+---------------------
    2    1 7.2878000000000D+03 2.6621800000000D+01
   0.84251    1.0909    1.0774    1.0635    1.0584    1.0558    1.0524    1.0444
   0.99944   0.71528
    3    1 7.2878000000000D+03 9.6716999400000D+12
   0.84251    1.0909    1.0774    1.0635    1.0584    1.0558    1.0524    1.0444
   0.99944   0.71528
    9    0 7.2878000000000D+03 2.8920000000000D+02
   10    0 7.2878000000000D+03 1.5780769230769D+01
*---+----+-------------------+-------------------+---------+---------------------
*   1: printout of the result at time [hours]
*---+----+-------------------+-------------------+---------+---------------------
    1    0 7.2898000000000D+03
*---+----+-------------------+-------------------+---------+---------------------
    2    1 7.2898000000000D+03 2.5519700000000D+01
   0.46364    0.7464   0.89684    1.0251     1.135     1.221    1.2743    1.2782
     1.185   0.77462
    3    1 7.2898000000000D+03 9.9271633000000D+12
   0.46364    0.7464   0.89684    1.0251     1.135     1.221    1.2743    1.2782
     1.185   0.77462
    9    0 7.2898000000000D+03 2.9290000000000D+02
   10    0 7.2898000000000D+03 1.5780769230769D+01
*---+----+-------------------+-------------------+---------+---------------------
*   1: printout of the result at time [hours]
*---+----+-------------------+-------------------+---------+---------------------
    1    0 7.4328000000000D+03
*---+----+-------------------+-------------------+---------+---------------------
    2    1 7.4328000000000D+03 2.6465700000000D+01
   0.60429    0.8989   0.99903    1.0659    1.1166    1.1534    1.1778    1.1664
    1.0879   0.72985
    3    1 7.4328000000000D+03 1.0300450440000D+13
   0.60429    0.8989   0.99903    1.0659    1.1166    1.1534    1.1778    1.1664
    1.0879   0.72985
    9    0 7.4328000000000D+03 2.9290000000000D+02
   10    0 7.4328000000000D+03 1.5780769230769D+01
*---+----+-------------------+-------------------+---------+---------------------
*   1: printout of the result at time [hours]
*---+----+-------------------+-------------------+---------+---------------------
    1    0 1.0888800000000D+04
*---+----+-------------------+-------------------+---------+---------------------
    2    1 1.0888800000000D+04 2.6177600000000D+01
   0.77326    1.0186    1.0404    1.0467    1.0546    1.0651    1.0781    1.0948
    1.0643   0.76416
    3    1 1.0888800000000D+04 1.0308738880000D+13
   0.77326    1.0186    1.0404    1.0467    1.0546    1.0651    1.0781    1.0948
    1.0643   0.76416
    9    0 1.0888800000000D+04 2.9290000000000D+02
   10    0 1.0888800000000D+04 1.5780769230769D+01
*---+----+-------------------+-------------------+---------+---------------------
*   1: printout of the result at time [hours]
*---+----+-------------------+-------------------+---------+---------------------
    1    0 1.4685600000000D+04
*---+----+-------------------+-------------------+---------+---------------------
    2    1 1.4685600000000D+04 2.4924500000000D+01
   0.90281      1.07    1.0353     1.019    1.0145    1.0168    1.0255    1.0419
    1.0479   0.82622
    3    1 1.4685600000000D+04 9.9074887500000D+12
   0.90281      1.07    1.0353     1.019    1.0145    1.0168    1.0255    1.0419
    1.0479   0.82622
    9    0 1.4685600000000D+04 2.9290000000000D+02
   10    0 1.4685600000000D+04 1.5780769230769D+01
*---+----+-------------------+-------------------+---------+---------------------
*   1: printout of the result at time [hours]
*---+----+-------------------+-------------------+---------+---------------------
    1    0 1.5263000000000D+04
*---+----+-------------------+-------------------+---------+---------------------
    2    1 1.5263000000000D+04 2.2995900000000D+01
   0.83889   0.98374   0.97239   0.97717   0.99566    1.0215    1.0542    1.0968
    1.1409   0.91877
    3    1 1.5263000000000D+04 9.0074940300000D+12
   0.83889   0.98374   0.97239   0.97717   0.99566    1.0215    1.0542    1.0968
    1.1409   0.91877
    9    0 1.5263000000000D+04 2.8810000000000D+02
   10    0 1.5263000000000D+04 1.5780769230769D+01
*---+----+-------------------+-------------------+---------+---------------------
*   1: printout of the result at time [hours]
*---+----+-------------------+-------------------+---------+---------------------
    1    0 1.5265000000000D+04
*---+----+-------------------+-------------------+---------+---------------------
    2    1 1.5265000000000D+04 2.8602000000000D+01
   0.53926    0.7919   0.90934    1.0171    1.1166    1.1976    1.2505    1.2688
     1.181   0.72799
    3    1 1.5265000000000D+04 1.2347483400000D+13
   0.53926    0.7919   0.90934    1.0171    1.1166    1.1976    1.2505    1.2688
     1.181   0.72799
    9    0 1.5265000000000D+04 2.9290000000000D+02
   10    0 1.5265000000000D+04 1.5780769230769D+01
*---+----+-------------------+-------------------+---------+---------------------
*   1: printout of the result at time [hours]
*---+----+-------------------+-------------------+---------+---------------------
    1    0 1.5408000000000D+04
*---+----+-------------------+-------------------+---------+---------------------
    2    1 1.5408000000000D+04 2.8544800000000D+01
   0.71652    0.9724    1.0301    1.0678    1.0992    1.1226    1.1385    1.1268
    1.0574    0.6687
    3    1 1.5408000000000D+04 1.2299954320000D+13
   0.71652    0.9724    1.0301    1.0678    1.0992    1.1226    1.1385    1.1268
    1.0574    0.6687
    9    0 1.5408000000000D+04 2.9290000000000D+02
   10    0 1.5408000000000D+04 1.5780769230769D+01
*---+----+-------------------+-------------------+---------+---------------------
*   1: printout of the result at time [hours]
*---+----+-------------------+-------------------+---------+---------------------
    1    0 1.8864000000000D+04
*---+----+-------------------+-------------------+---------+---------------------
    2    1 1.8864000000000D+04 2.6892300000000D+01
   0.91584     1.075    1.0412    1.0262     1.023    1.0268    1.0372    1.0549
    1.0523   0.74765
    3    1 1.8864000000000D+04 1.1633608980000D+13
   0.91584     1.075    1.0412    1.0262     1.023    1.0268    1.0372    1.0549
    1.0523   0.74765
    9    0 1.8864000000000D+04 2.9290000000000D+02
   10    0 1.8864000000000D+04 1.5780769230769D+01
*---+----+-------------------+-------------------+---------+---------------------
*   1: printout of the result at time [hours]
*---+----+-------------------+-------------------+---------+---------------------
    1    0 1.9240800000000D+04
*---+----+-------------------+-------------------+---------+---------------------
    2    1 1.9240800000000D+04 2.6756700000000D+01
   0.93554    1.0817    1.0407     1.023     1.018      1.02    1.0292    1.0472
    1.0492   0.75544
    3    1 1.9240800000000D+04 1.1580299760000D+13
   0.93554    1.0817    1.0407     1.023     1.018      1.02    1.0292    1.0472
    1.0492   0.75544
    9    0 1.9240800000000D+04 2.9290000000000D+02
   10    0 1.9240800000000D+04 1.5780769230769D+01
*---+----+-------------------+-------------------+---------+---------------------
*   1: printout of the result at time [hours]
*---+----+-------------------+-------------------+---------+---------------------
    1    0 2.0223800000000D+04
*---+----+-------------------+-------------------+---------+---------------------
    2    1 2.0223800000000D+04 2.2859000000000D+01
     0.815   0.92817   0.92436    0.9447   0.98101    1.0259    1.0804    1.1495
    1.2225   0.92843
    3    1 2.0223800000000D+04 9.5984941000000D+12
     0.815   0.92817   0.92436    0.9447   0.98101    1.0259    1.0804    1.1495
    1.2225   0.92843
    9    0 2.0223800000000D+04 2.8270000000000D+02
   10    0 2.0223800000000D+04 1.5780769230769D+01
*---+----+-------------------+-------------------+---------+---------------------
*   1: printout of the result at time [hours]
*---+----+-------------------+-------------------+---------+---------------------
    1    0 2.0225800000000D+04
*---+----+-------------------+-------------------+---------+---------------------
    2    1 2.0225800000000D+04 2.0012200000000D+01
   0.48855   0.70047   0.82195   0.93673    1.0483    1.1523    1.2428    1.3091
    1.3178   0.98195
    3    1 2.0225800000000D+04 9.3777169200000D+12
   0.48855   0.70047   0.82195   0.93673    1.0483    1.1523    1.2428    1.3091
    1.3178   0.98195
    9    0 2.0225800000000D+04 2.9060000000000D+02
   10    0 2.0225800000000D+04 1.5780769230769D+01
*---+----+-------------------+-------------------+---------+---------------------
*   1: printout of the result at time [hours]
*---+----+-------------------+-------------------+---------+---------------------
    1    0 2.0376000000000D+04
*---+----+-------------------+-------------------+---------+---------------------
    2    1 2.0376000000000D+04 2.0389800000000D+01
   0.66111   0.88162   0.95768    1.0118    1.0584       1.1    1.1365    1.1641
    1.1546   0.87416
    3    1 2.0376000000000D+04 9.5424264000000D+12
   0.66111   0.88162   0.95768    1.0118    1.0584       1.1    1.1365    1.1641
    1.1546   0.87416
    9    0 2.0376000000000D+04 2.9060000000000D+02
   10    0 2.0376000000000D+04 1.5780769230769D+01
*---+----+-------------------+-------------------+---------+---------------------
*   1: printout of the result at time [hours]
*---+----+-------------------+-------------------+---------+---------------------
    1    0 2.4014400000000D+04
*---+----+-------------------+-------------------+---------+---------------------
    2    1 2.4014400000000D+04 2.0473600000000D+01
   0.84064    1.0247    1.0301    1.0256    1.0273    1.0353    1.0492    1.0675
     1.066   0.83376
    3    1 2.4014400000000D+04 9.6717286400000D+12
   0.84064    1.0247    1.0301    1.0256    1.0273    1.0353    1.0492    1.0675
     1.066   0.83376
    9    0 2.4014400000000D+04 2.9060000000000D+02
   10    0 2.4014400000000D+04 1.5780769230769D+01
*---+----+-------------------+-------------------+---------+---------------------
*   1: printout of the result at time [hours]
*---+----+-------------------+-------------------+---------+---------------------
    1    0 2.7424800000000D+04
*---+----+-------------------+-------------------+---------+---------------------
    2    1 2.7424800000000D+04 2.0328600000000D+01
   0.93464    1.0669    1.0376    1.0218    1.0145    1.0117    1.0139    1.0241
     1.029   0.84595
    3    1 2.7424800000000D+04 9.6316906800000D+12
   0.93464    1.0669    1.0376    1.0218    1.0145    1.0117    1.0139    1.0241
     1.029   0.84595
    9    0 2.7424800000000D+04 2.9060000000000D+02
   10    0 2.7424800000000D+04 1.5780769230769D+01
*---+----+-------------------+-------------------+---------+---------------------
*   1: printout of the result at time [hours]
*---+----+-------------------+-------------------+---------+---------------------
    1    0 2.9108600000000D+04
*---+----+-------------------+-------------------+---------+---------------------
    2    1 2.9108600000000D+04 2.0289700000000D+01
   0.99415     1.056    1.0174   0.99893   0.99307   0.99262    0.9979    1.0149
    1.0388   0.89627
    3    1 2.9108600000000D+04 9.5949991300000D+12
   0.99415     1.056    1.0174   0.99893   0.99307   0.99262    0.9979    1.0149
    1.0388   0.89627
    9    0 2.9108600000000D+04 2.9060000000000D+02
   10    0 2.9108600000000D+04 1.5780769230769D+01
*---+----+-------------------+-------------------+---------+---------------------
*   1: printout of the result at time [hours]
*---+----+-------------------+-------------------+---------+---------------------
    1    0 2.9110600000000D+04
*---+----+-------------------+-------------------+---------+---------------------
    2    1 2.9110600000000D+04 1.7591000000000D+00
   0.52584   0.71855   0.85726   0.97777    1.0801    1.1614    1.2188    1.2489
     1.229   0.98232
    3    1 2.9110600000000D+04 8.9872419000000D+11
   0.52584   0.71855   0.85726   0.97777    1.0801    1.1614    1.2188    1.2489
     1.229   0.98232
    9    0 2.9110600000000D+04 2.9290000000000D+02
   10    0 2.9110600000000D+04 1.5780769230769D+01
*---+----+-------------------+-------------------+---------+---------------------
*   1: printout of the result at time [hours]
*---+----+-------------------+-------------------+---------+---------------------
    1    0 2.9253600000000D+04
*---+----+-------------------+-------------------+---------+---------------------
    2    1 2.9253600000000D+04 1.9131000000000D+00
   0.71141   0.89541   0.98165    1.0371    1.0726    1.0956    1.1123    1.1071
    1.0935   0.89331
    3    1 2.9253600000000D+04 9.4947153000000D+11
   0.71141   0.89541   0.98165    1.0371    1.0726    1.0956    1.1123    1.1071
    1.0935   0.89331
    9    0 2.9253600000000D+04 2.9290000000000D+02
   10    0 2.9253600000000D+04 1.5780769230769D+01
*---+----+-------------------+-------------------+---------+---------------------
*   1: printout of the result at time [hours]
*---+----+-------------------+-------------------+---------+---------------------
    1    0 3.2709600000000D+04
*---+----+-------------------+-------------------+---------+---------------------
    2    1 3.2709600000000D+04 2.3723000000000D+00
   0.81651   0.99313    1.0416    1.0572    1.0618    1.0631    1.0618    1.0534
    1.0252    0.8262
    3    1 3.2709600000000D+04 1.1301637200000D+12
   0.81651   0.99313    1.0416    1.0572    1.0618    1.0631    1.0618    1.0534
    1.0252    0.8262
    9    0 3.2709600000000D+04 2.9290000000000D+02
   10    0 3.2709600000000D+04 1.5780769230769D+01
*---+----+-------------------+-------------------+---------+---------------------
*   1: printout of the result at time [hours]
*---+----+-------------------+-------------------+---------+---------------------
    1    0 3.4509600000000D+04
*---+----+-------------------+-------------------+---------+---------------------
    2    1 3.4509600000000D+04 2.6187000000000D+00
   0.83515    1.0223    1.0727    1.0811    1.0753    1.0654    1.0524    1.0307
   0.98408   0.78092
    3    1 3.4509600000000D+04 1.2200523300000D+12
   0.83515    1.0223    1.0727    1.0811    1.0753    1.0654    1.0524    1.0307
   0.98408   0.78092
    9    0 3.4509600000000D+04 2.9290000000000D+02
   10    0 3.4509600000000D+04 1.5780769230769D+01
*---+----+-------------------+-------------------+---------+---------------------
*   1: printout of the result at time [hours]
*---+----+-------------------+-------------------+---------+---------------------
    1    0 3.8904000000000D+04
*---+----+-------------------+-------------------+---------+---------------------
    2    1 3.8904000000000D+04 3.5743000000000D+00
   0.93137    1.0377    1.0159   0.99964   0.99964    1.0097    1.0282    1.0531
    1.0564   0.86842
    3    1 3.8904000000000D+04 1.5305152600000D+12
   0.93137    1.0377    1.0159   0.99964   0.99964    1.0097    1.0282    1.0531
    1.0564   0.86842
    9    0 3.8904000000000D+04 2.9290000000000D+02
   10    0 3.8904000000000D+04 1.5780769230769D+01
*---+----+-------------------+-------------------+---------+---------------------
*   1: printout of the result at time [hours]
*---+----+-------------------+-------------------+---------+---------------------
    1    0 3.9192000000000D+04
*---+----+-------------------+-------------------+---------+---------------------
    2    1 3.9192000000000D+04 3.4230000000000D+00
   0.87847   0.97955   0.96933    0.9702   0.98831    1.0161    1.0523    1.0958
    1.1177   0.93222
    3    1 3.9192000000000D+04 1.4602518000000D+12
   0.87847   0.97955   0.96933    0.9702   0.98831    1.0161    1.0523    1.0958
    1.1177   0.93222
    9    0 3.9192000000000D+04 2.8960000000000D+02
   10    0 3.9192000000000D+04 1.5780769230769D+01
* data point #2044 end
*  00:  last line of data set (finishing the program)
*---+----+-------------------+-------------------+---------+---------------------
00000    0 3.9192000000000D+04
*---+----+-------------------+-------------------+---------+---------------------
