* data point #2957 begin
*
*---+----+-------------------+-------------------+---------+---------------------
*   1: printout of the result at time [hours]
*---+----+-------------------+-------------------+---------+---------------------
    1    0 0.0000000000000D+00
*---+----+-------------------+-------------------+---------+---------------------
    2    1 0.0000000000000D+00 3.0851200000000D+01
   0.44507     0.666   0.80749    0.9412    1.0694    1.1844    1.2768    1.3333
    1.3146   0.96168
    3    1 0.0000000000000D+00 1.0504833600000D+13
   0.44507     0.666   0.80749    0.9412    1.0694    1.1844    1.2768    1.3333
    1.3146   0.96168
    9    0 0.0000000000000D+00 2.9060000000000D+02
   10    0 0.0000000000000D+00 1.5760000000000D+01
*---+----+-------------------+-------------------+---------+---------------------
*   1: printout of the result at time [hours]
*---+----+-------------------+-------------------+---------+---------------------
    1    0 1.5120000000000D+02
*---+----+-------------------+-------------------+---------+---------------------
    2    1 1.5120000000000D+02 3.0941900000000D+01
   0.64295   0.88249   0.97185    1.0316    1.0796     1.118    1.1461    1.1645
    1.1271   0.83586
    3    1 1.5120000000000D+02 1.0594506560000D+13
   0.64295   0.88249   0.97185    1.0316    1.0796     1.118    1.1461    1.1645
    1.1271   0.83586
    9    0 1.5120000000000D+02 2.9060000000000D+02
   10    0 1.5120000000000D+02 1.5760000000000D+01
*---+----+-------------------+-------------------+---------+---------------------
*   1: printout of the result at time [hours]
*---+----+-------------------+-------------------+---------+---------------------
    1    0 6.8208000000000D+03
*---+----+-------------------+-------------------+---------+---------------------
    2    1 6.8208000000000D+03 3.1129600000000D+01
   0.84865    1.1219    1.1208    1.0949    1.0709    1.0501    1.0322    1.0138
    0.9633    0.6834
    3    1 6.8208000000000D+03 1.1645583360000D+13
   0.84865    1.1219    1.1208    1.0949    1.0709    1.0501    1.0322    1.0138
    0.9633    0.6834
    9    0 6.8208000000000D+03 2.9060000000000D+02
   10    0 6.8208000000000D+03 1.5760000000000D+01
*---+----+-------------------+-------------------+---------+---------------------
*   1: printout of the result at time [hours]
*---+----+-------------------+-------------------+---------+---------------------
    1    0 1.0098200000000D+04
*---+----+-------------------+-------------------+---------+---------------------
    2    1 1.0098200000000D+04 2.9317800000000D+01
   0.94328    1.1107    1.0644    1.0343    1.0183    1.0089    1.0056    1.0118
    1.0115   0.79126
    3    1 1.0098200000000D+04 1.1196467820000D+13
   0.94328    1.1107    1.0644    1.0343    1.0183    1.0089    1.0056    1.0118
    1.0115   0.79126
    9    0 1.0098200000000D+04 2.9060000000000D+02
   10    0 1.0098200000000D+04 1.5760000000000D+01
*---+----+-------------------+-------------------+---------+---------------------
*   1: printout of the result at time [hours]
*---+----+-------------------+-------------------+---------+---------------------
    1    0 1.0100200000000D+04
*---+----+-------------------+-------------------+---------+---------------------
    2    1 1.0100200000000D+04 2.5543100000000D+01
   0.49148   0.76455   0.91132    1.0312    1.1291    1.2031    1.2484    1.2547
    1.1874   0.77892
    3    1 1.0100200000000D+04 1.0656581320000D+13
   0.49148   0.76455   0.91132    1.0312    1.1291    1.2031    1.2484    1.2547
    1.1874   0.77892
    9    0 1.0100200000000D+04 2.9290000000000D+02
   10    0 1.0100200000000D+04 1.5760000000000D+01
*---+----+-------------------+-------------------+---------+---------------------
*   1: printout of the result at time [hours]
*---+----+-------------------+-------------------+---------+---------------------
    1    0 1.0243200000000D+04
*---+----+-------------------+-------------------+---------+---------------------
    2    1 1.0243200000000D+04 2.5586700000000D+01
   0.66589   0.95569    1.0461    1.0937    1.1196    1.1321    1.1294    1.1104
    1.0467   0.70036
    3    1 1.0243200000000D+04 1.0659419220000D+13
   0.66589   0.95569    1.0461    1.0937    1.1196    1.1321    1.1294    1.1104
    1.0467   0.70036
    9    0 1.0243200000000D+04 2.9290000000000D+02
   10    0 1.0243200000000D+04 1.5760000000000D+01
*---+----+-------------------+-------------------+---------+---------------------
*   1: printout of the result at time [hours]
*---+----+-------------------+-------------------+---------+---------------------
    1    0 1.3699200000000D+04
*---+----+-------------------+-------------------+---------+---------------------
    2    1 1.3699200000000D+04 2.4943900000000D+01
   0.79198    1.0563    1.0938    1.0962    1.0898    1.0807    1.0689    1.0487
   0.99046   0.68309
    3    1 1.3699200000000D+04 1.0586191160000D+13
   0.79198    1.0563    1.0938    1.0962    1.0898    1.0807    1.0689    1.0487
   0.99046   0.68309
    9    0 1.3699200000000D+04 2.9290000000000D+02
   10    0 1.3699200000000D+04 1.5760000000000D+01
*---+----+-------------------+-------------------+---------+---------------------
*   1: printout of the result at time [hours]
*---+----+-------------------+-------------------+---------+---------------------
    1    0 1.5499200000000D+04
*---+----+-------------------+-------------------+---------+---------------------
    2    1 1.5499200000000D+04 2.4527000000000D+01
   0.81726    1.0793    1.1188    1.1075    1.0928    1.0753    1.0553     1.027
   0.96086    0.6658
    3    1 1.5499200000000D+04 1.0507366800000D+13
   0.81726    1.0793    1.1188    1.1075    1.0928    1.0753    1.0553     1.027
   0.96086    0.6658
    9    0 1.5499200000000D+04 2.9290000000000D+02
   10    0 1.5499200000000D+04 1.5760000000000D+01
*---+----+-------------------+-------------------+---------+---------------------
*   1: printout of the result at time [hours]
*---+----+-------------------+-------------------+---------+---------------------
    1    0 1.9893600000000D+04
*---+----+-------------------+-------------------+---------+---------------------
    2    1 1.9893600000000D+04 2.3763900000000D+01
   0.95144    1.0735    1.0327    1.0099    1.0046    1.0091     1.022    1.0431
    1.0453   0.80837
    3    1 1.9893600000000D+04 1.0258875630000D+13
   0.95144    1.0735    1.0327    1.0099    1.0046    1.0091     1.022    1.0431
    1.0453   0.80837
    9    0 1.9893600000000D+04 2.9290000000000D+02
   10    0 1.9893600000000D+04 1.5760000000000D+01
*---+----+-------------------+-------------------+---------+---------------------
*   1: printout of the result at time [hours]
*---+----+-------------------+-------------------+---------+---------------------
    1    0 2.0181600000000D+04
*---+----+-------------------+-------------------+---------+---------------------
    2    1 2.0181600000000D+04 2.2740700000000D+01
   0.89408    1.0097   0.98396   0.97979   0.99346    1.0164    1.0474    1.0874
    1.1133   0.87442
    3    1 2.0181600000000D+04 9.7239233200000D+12
   0.89408    1.0097   0.98396   0.97979   0.99346    1.0164    1.0474    1.0874
    1.1133   0.87442
    9    0 2.0181600000000D+04 2.8960000000000D+02
   10    0 2.0181600000000D+04 1.5760000000000D+01
* data point #2957 end
*  00:  last line of data set (finishing the program)
*---+----+-------------------+-------------------+---------+---------------------
00000    0 2.0181600000000D+04
*---+----+-------------------+-------------------+---------+---------------------
