* data point #2749 begin
*
*---+----+-------------------+-------------------+---------+---------------------
*   1: printout of the result at time [hours]
*---+----+-------------------+-------------------+---------+---------------------
    1    0 0.0000000000000D+00
*---+----+-------------------+-------------------+---------+---------------------
    2    1 0.0000000000000D+00 2.8537200000000D+01
   0.45421   0.71426   0.87461     1.008    1.1244    1.2187    1.2817    1.3041
    1.2119   0.80814
    3    1 0.0000000000000D+00 1.0281953160000D+13
   0.45421   0.71426   0.87461     1.008    1.1244    1.2187    1.2817    1.3041
    1.2119   0.80814
    9    0 0.0000000000000D+00 2.9060000000000D+02
   10    0 0.0000000000000D+00 1.5760000000000D+01
*---+----+-------------------+-------------------+---------+---------------------
*   1: printout of the result at time [hours]
*---+----+-------------------+-------------------+---------+---------------------
    1    0 1.5120000000000D+02
*---+----+-------------------+-------------------+---------+---------------------
    2    1 1.5120000000000D+02 2.8031100000000D+01
   0.64557   0.92412    1.0266    1.0806    1.1158     1.138    1.1504    1.1338
    1.0591   0.72594
    3    1 1.5120000000000D+02 1.0124833320000D+13
   0.64557   0.92412    1.0266    1.0806    1.1158     1.138    1.1504    1.1338
    1.0591   0.72594
    9    0 1.5120000000000D+02 2.9060000000000D+02
   10    0 1.5120000000000D+02 1.5760000000000D+01
*---+----+-------------------+-------------------+---------+---------------------
*   1: printout of the result at time [hours]
*---+----+-------------------+-------------------+---------+---------------------
    1    0 6.8208000000000D+03
*---+----+-------------------+-------------------+---------+---------------------
    2    1 6.8208000000000D+03 2.7525200000000D+01
   0.84145    1.1262    1.1339    1.1065    1.0793    1.0553    1.0342    1.0118
   0.95215   0.65918
    3    1 6.8208000000000D+03 1.0555914200000D+13
   0.84145    1.1262    1.1339    1.1065    1.0793    1.0553    1.0342    1.0118
   0.95215   0.65918
    9    0 6.8208000000000D+03 2.9060000000000D+02
   10    0 6.8208000000000D+03 1.5760000000000D+01
*---+----+-------------------+-------------------+---------+---------------------
*   1: printout of the result at time [hours]
*---+----+-------------------+-------------------+---------+---------------------
    1    0 1.0098200000000D+04
*---+----+-------------------+-------------------+---------+---------------------
    2    1 1.0098200000000D+04 2.7423200000000D+01
   0.92969    1.1375    1.0776    1.0441    1.0257    1.0143    1.0091    1.0137
    1.0052   0.74313
    3    1 1.0098200000000D+04 1.0703274960000D+13
   0.92969    1.1375    1.0776    1.0441    1.0257    1.0143    1.0091    1.0137
    1.0052   0.74313
    9    0 1.0098200000000D+04 2.9060000000000D+02
   10    0 1.0098200000000D+04 1.5760000000000D+01
*---+----+-------------------+-------------------+---------+---------------------
*   1: printout of the result at time [hours]
*---+----+-------------------+-------------------+---------+---------------------
    1    0 1.0100200000000D+04
*---+----+-------------------+-------------------+---------+---------------------
    2    1 1.0100200000000D+04 2.6033200000000D+01
   0.46525   0.72534   0.86244   0.98555    1.0953    1.1867    1.2545    1.2967
    1.2594   0.86878
    3    1 1.0100200000000D+04 1.1282788880000D+13
   0.46525   0.72534   0.86244   0.98555    1.0953    1.1867    1.2545    1.2967
    1.2594   0.86878
    9    0 1.0100200000000D+04 2.9290000000000D+02
   10    0 1.0100200000000D+04 1.5760000000000D+01
*---+----+-------------------+-------------------+---------+---------------------
*   1: printout of the result at time [hours]
*---+----+-------------------+-------------------+---------+---------------------
    1    0 1.0243200000000D+04
*---+----+-------------------+-------------------+---------+---------------------
    2    1 1.0243200000000D+04 2.6021800000000D+01
    0.6372   0.91931     1.005      1.06    1.0983    1.1243     1.143    1.1397
    1.1017   0.77151
    3    1 1.0243200000000D+04 1.1267439400000D+13
    0.6372   0.91931     1.005      1.06    1.0983    1.1243     1.143    1.1397
    1.1017   0.77151
    9    0 1.0243200000000D+04 2.9290000000000D+02
   10    0 1.0243200000000D+04 1.5760000000000D+01
*---+----+-------------------+-------------------+---------+---------------------
*   1: printout of the result at time [hours]
*---+----+-------------------+-------------------+---------+---------------------
    1    0 1.3699200000000D+04
*---+----+-------------------+-------------------+---------+---------------------
    2    1 1.3699200000000D+04 2.4890000000000D+01
   0.77706    1.0313    1.0628    1.0699    1.0719    1.0721    1.0709    1.0648
    1.0302    0.7491
    3    1 1.3699200000000D+04 1.0837106000000D+13
   0.77706    1.0313    1.0628    1.0699    1.0719    1.0721    1.0709    1.0648
    1.0302    0.7491
    9    0 1.3699200000000D+04 2.9290000000000D+02
   10    0 1.3699200000000D+04 1.5760000000000D+01
*---+----+-------------------+-------------------+---------+---------------------
*   1: printout of the result at time [hours]
*---+----+-------------------+-------------------+---------+---------------------
    1    0 1.5499200000000D+04
*---+----+-------------------+-------------------+---------+---------------------
    2    1 1.5499200000000D+04 2.4127800000000D+01
   0.81155    1.0542    1.0789    1.0783     1.072    1.0642    1.0555    1.0424
     1.003   0.74002
    3    1 1.5499200000000D+04 1.0560738060000D+13
   0.81155    1.0542    1.0789    1.0783     1.072    1.0642    1.0555    1.0424
     1.003   0.74002
    9    0 1.5499200000000D+04 2.9290000000000D+02
   10    0 1.5499200000000D+04 1.5760000000000D+01
*---+----+-------------------+-------------------+---------+---------------------
*   1: printout of the result at time [hours]
*---+----+-------------------+-------------------+---------+---------------------
    1    0 1.9893600000000D+04
*---+----+-------------------+-------------------+---------+---------------------
    2    1 1.9893600000000D+04 2.3284900000000D+01
   0.96728    1.0729    1.0246   0.99932    0.9912   0.99257    1.0028    1.0253
    1.0486   0.87542
    3    1 1.9893600000000D+04 1.0184815260000D+13
   0.96728    1.0729    1.0246   0.99932    0.9912   0.99257    1.0028    1.0253
    1.0486   0.87542
    9    0 1.9893600000000D+04 2.9290000000000D+02
   10    0 1.9893600000000D+04 1.5760000000000D+01
*---+----+-------------------+-------------------+---------+---------------------
*   1: printout of the result at time [hours]
*---+----+-------------------+-------------------+---------+---------------------
    1    0 2.0181600000000D+04
*---+----+-------------------+-------------------+---------+---------------------
    2    1 2.0181600000000D+04 2.2208800000000D+01
   0.91027    1.0108   0.97718   0.96971   0.97952   0.99834    1.0257    1.0661
    1.1187   0.94373
    3    1 2.0181600000000D+04 9.6141895200000D+12
   0.91027    1.0108   0.97718   0.96971   0.97952   0.99834    1.0257    1.0661
    1.1187   0.94373
    9    0 2.0181600000000D+04 2.8960000000000D+02
   10    0 2.0181600000000D+04 1.5760000000000D+01
* data point #2749 end
*  00:  last line of data set (finishing the program)
*---+----+-------------------+-------------------+---------+---------------------
00000    0 2.0181600000000D+04
*---+----+-------------------+-------------------+---------+---------------------
