* data point #2145 begin
*
*---+----+-------------------+-------------------+---------+---------------------
*   1: printout of the result at time [hours]
*---+----+-------------------+-------------------+---------+---------------------
    1    0 0.0000000000000D+00
*---+----+-------------------+-------------------+---------+---------------------
    2    1 0.0000000000000D+00 2.7754100000000D+01
   0.44509   0.66599   0.80748   0.94119    1.0694    1.1844    1.2768    1.3333
    1.3147    0.9617
    3    1 0.0000000000000D+00 1.0435541600000D+13
   0.44509   0.66599   0.80748   0.94119    1.0694    1.1844    1.2768    1.3333
    1.3147    0.9617
    9    0 0.0000000000000D+00 2.9060000000000D+02
   10    0 0.0000000000000D+00 1.5760000000000D+01
*---+----+-------------------+-------------------+---------+---------------------
*   1: printout of the result at time [hours]
*---+----+-------------------+-------------------+---------+---------------------
    1    0 1.5120000000000D+02
*---+----+-------------------+-------------------+---------+---------------------
    2    1 1.5120000000000D+02 2.7895900000000D+01
   0.64293    0.8825   0.97186    1.0317    1.0796    1.1179    1.1461    1.1645
    1.1271   0.83586
    3    1 1.5120000000000D+02 1.0513964710000D+13
   0.64293    0.8825   0.97186    1.0317    1.0796    1.1179    1.1461    1.1645
    1.1271   0.83586
    9    0 1.5120000000000D+02 2.9060000000000D+02
   10    0 1.5120000000000D+02 1.5760000000000D+01
*---+----+-------------------+-------------------+---------+---------------------
*   1: printout of the result at time [hours]
*---+----+-------------------+-------------------+---------+---------------------
    1    0 6.8208000000000D+03
*---+----+-------------------+-------------------+---------+---------------------
    2    1 6.8208000000000D+03 2.8018900000000D+01
   0.84864    1.1219    1.1208    1.0949    1.0709    1.0501    1.0322    1.0138
   0.96328    0.6834
    3    1 6.8208000000000D+03 1.0759257600000D+13
   0.84864    1.1219    1.1208    1.0949    1.0709    1.0501    1.0322    1.0138
   0.96328    0.6834
    9    0 6.8208000000000D+03 2.9060000000000D+02
   10    0 6.8208000000000D+03 1.5760000000000D+01
*---+----+-------------------+-------------------+---------+---------------------
*   1: printout of the result at time [hours]
*---+----+-------------------+-------------------+---------+---------------------
    1    0 1.0098200000000D+04
*---+----+-------------------+-------------------+---------+---------------------
    2    1 1.0098200000000D+04 2.7172100000000D+01
   0.94328    1.1107    1.0644    1.0343    1.0183    1.0089    1.0056    1.0118
    1.0115   0.79125
    3    1 1.0098200000000D+04 1.0482996180000D+13
   0.94328    1.1107    1.0644    1.0343    1.0183    1.0089    1.0056    1.0118
    1.0115   0.79125
    9    0 1.0098200000000D+04 2.9060000000000D+02
   10    0 1.0098200000000D+04 1.5760000000000D+01
*---+----+-------------------+-------------------+---------+---------------------
*   1: printout of the result at time [hours]
*---+----+-------------------+-------------------+---------+---------------------
    1    0 1.0100200000000D+04
*---+----+-------------------+-------------------+---------+---------------------
    2    1 1.0100200000000D+04 2.8460300000000D+01
   0.49149   0.76457    0.9113    1.0312    1.1291     1.203    1.2484    1.2547
    1.1874   0.77891
    3    1 1.0100200000000D+04 1.1825254650000D+13
   0.49149   0.76457    0.9113    1.0312    1.1291     1.203    1.2484    1.2547
    1.1874   0.77891
    9    0 1.0100200000000D+04 2.9290000000000D+02
   10    0 1.0100200000000D+04 1.5760000000000D+01
*---+----+-------------------+-------------------+---------+---------------------
*   1: printout of the result at time [hours]
*---+----+-------------------+-------------------+---------+---------------------
    1    0 1.0243200000000D+04
*---+----+-------------------+-------------------+---------+---------------------
    2    1 1.0243200000000D+04 2.8323800000000D+01
   0.66591    0.9557    1.0462    1.0937    1.1196    1.1321    1.1294    1.1104
    1.0467   0.70033
    3    1 1.0243200000000D+04 1.1777036040000D+13
   0.66591    0.9557    1.0462    1.0937    1.1196    1.1321    1.1294    1.1104
    1.0467   0.70033
    9    0 1.0243200000000D+04 2.9290000000000D+02
   10    0 1.0243200000000D+04 1.5760000000000D+01
*---+----+-------------------+-------------------+---------+---------------------
*   1: printout of the result at time [hours]
*---+----+-------------------+-------------------+---------+---------------------
    1    0 1.3699200000000D+04
*---+----+-------------------+-------------------+---------+---------------------
    2    1 1.3699200000000D+04 2.6629000000000D+01
   0.79199    1.0563    1.0938    1.0962    1.0898    1.0807    1.0689    1.0487
   0.99046   0.68309
    3    1 1.3699200000000D+04 1.1602255300000D+13
   0.79199    1.0563    1.0938    1.0962    1.0898    1.0807    1.0689    1.0487
   0.99046   0.68309
    9    0 1.3699200000000D+04 2.9290000000000D+02
   10    0 1.3699200000000D+04 1.5760000000000D+01
*---+----+-------------------+-------------------+---------+---------------------
*   1: printout of the result at time [hours]
*---+----+-------------------+-------------------+---------+---------------------
    1    0 1.5499200000000D+04
*---+----+-------------------+-------------------+---------+---------------------
    2    1 1.5499200000000D+04 2.5924100000000D+01
   0.81727    1.0793    1.1188    1.1075    1.0928    1.0753    1.0553     1.027
   0.96084   0.66583
    3    1 1.5499200000000D+04 1.1492153530000D+13
   0.81727    1.0793    1.1188    1.1075    1.0928    1.0753    1.0553     1.027
   0.96084   0.66583
    9    0 1.5499200000000D+04 2.9290000000000D+02
   10    0 1.5499200000000D+04 1.5760000000000D+01
*---+----+-------------------+-------------------+---------+---------------------
*   1: printout of the result at time [hours]
*---+----+-------------------+-------------------+---------+---------------------
    1    0 1.9893600000000D+04
*---+----+-------------------+-------------------+---------+---------------------
    2    1 1.9893600000000D+04 2.4811800000000D+01
   0.95144    1.0735    1.0327    1.0098    1.0046    1.0092     1.022    1.0431
    1.0453   0.80837
    3    1 1.9893600000000D+04 1.1162828820000D+13
   0.95144    1.0735    1.0327    1.0098    1.0046    1.0092     1.022    1.0431
    1.0453   0.80837
    9    0 1.9893600000000D+04 2.9290000000000D+02
   10    0 1.9893600000000D+04 1.5760000000000D+01
*---+----+-------------------+-------------------+---------+---------------------
*   1: printout of the result at time [hours]
*---+----+-------------------+-------------------+---------+---------------------
    1    0 2.0181600000000D+04
*---+----+-------------------+-------------------+---------+---------------------
    2    1 2.0181600000000D+04 2.3765500000000D+01
   0.89407    1.0097   0.98395   0.97978   0.99346    1.0164    1.0474    1.0874
    1.1133   0.87446
    3    1 2.0181600000000D+04 1.0578024050000D+13
   0.89407    1.0097   0.98395   0.97978   0.99346    1.0164    1.0474    1.0874
    1.1133   0.87446
    9    0 2.0181600000000D+04 2.8960000000000D+02
   10    0 2.0181600000000D+04 1.5760000000000D+01
* data point #2145 end
*  00:  last line of data set (finishing the program)
*---+----+-------------------+-------------------+---------+---------------------
00000    0 2.0181600000000D+04
*---+----+-------------------+-------------------+---------+---------------------
