* data point #2168 begin
*
*---+----+-------------------+-------------------+---------+---------------------
*   1: printout of the result at time [hours]
*---+----+-------------------+-------------------+---------+---------------------
    1    0 0.0000000000000D+00
*---+----+-------------------+-------------------+---------+---------------------
    2    1 0.0000000000000D+00 3.2370900000000D+01
    0.5952   0.88669    1.0395    1.1333     1.185    1.2116    1.1779     1.115
   0.99318   0.66263
    3    1 0.0000000000000D+00 1.0659737370000D+13
    0.5952   0.88669    1.0395    1.1333     1.185    1.2116    1.1779     1.115
   0.99318   0.66263
    9    0 0.0000000000000D+00 2.9290000000000D+02
   10    0 0.0000000000000D+00 1.5780769230769D+01
*---+----+-------------------+-------------------+---------+---------------------
*   1: printout of the result at time [hours]
*---+----+-------------------+-------------------+---------+---------------------
    1    0 1.4400000000000D+02
*---+----+-------------------+-------------------+---------+---------------------
    2    1 1.4400000000000D+02 3.1910000000000D+01
    0.7455    1.0247    1.1143    1.1421    1.1412    1.1223    1.0878     1.033
   0.93823   0.65077
    3    1 1.4400000000000D+02 1.0552637000000D+13
    0.7455    1.0247    1.1143    1.1421    1.1412    1.1223    1.0878     1.033
   0.93823   0.65077
    9    0 1.4400000000000D+02 2.9290000000000D+02
   10    0 1.4400000000000D+02 1.5780769230769D+01
*---+----+-------------------+-------------------+---------+---------------------
*   1: printout of the result at time [hours]
*---+----+-------------------+-------------------+---------+---------------------
    1    0 3.6000000000000D+03
*---+----+-------------------+-------------------+---------+---------------------
    2    1 3.6000000000000D+03 3.2605100000000D+01
   0.86327     1.119    1.1313    1.1062    1.0791    1.0547     1.032    1.0049
   0.94267   0.66689
    3    1 3.6000000000000D+03 1.1317230210000D+13
   0.86327     1.119    1.1313    1.1062    1.0791    1.0547     1.032    1.0049
   0.94267   0.66689
    9    0 3.6000000000000D+03 2.9290000000000D+02
   10    0 3.6000000000000D+03 1.5780769230769D+01
*---+----+-------------------+-------------------+---------+---------------------
*   1: printout of the result at time [hours]
*---+----+-------------------+-------------------+---------+---------------------
    1    0 6.7920000000000D+03
*---+----+-------------------+-------------------+---------+---------------------
    2    1 6.7920000000000D+03 3.3817300000000D+01
   0.91001    1.1775    1.1493    1.1065    1.0692    1.0362    1.0065   0.97716
   0.91737    0.6502
    3    1 6.7920000000000D+03 1.2147174160000D+13
   0.91001    1.1775    1.1493    1.1065    1.0692    1.0362    1.0065   0.97716
   0.91737    0.6502
    9    0 6.7920000000000D+03 2.9290000000000D+02
   10    0 6.7920000000000D+03 1.5780769230769D+01
*---+----+-------------------+-------------------+---------+---------------------
*   1: printout of the result at time [hours]
*---+----+-------------------+-------------------+---------+---------------------
    1    0 7.2878000000000D+03
*---+----+-------------------+-------------------+---------+---------------------
    2    1 7.2878000000000D+03 3.2414100000000D+01
    0.8425    1.0909    1.0774    1.0635    1.0584    1.0557    1.0524    1.0445
   0.99944   0.71528
    3    1 7.2878000000000D+03 1.1549143830000D+13
    0.8425    1.0909    1.0774    1.0635    1.0584    1.0557    1.0524    1.0445
   0.99944   0.71528
    9    0 7.2878000000000D+03 2.8920000000000D+02
   10    0 7.2878000000000D+03 1.5780769230769D+01
*---+----+-------------------+-------------------+---------+---------------------
*   1: printout of the result at time [hours]
*---+----+-------------------+-------------------+---------+---------------------
    1    0 7.2898000000000D+03
*---+----+-------------------+-------------------+---------+---------------------
    2    1 7.2898000000000D+03 2.6543700000000D+01
   0.46365   0.74639   0.89686     1.025     1.135     1.221    1.2744    1.2782
     1.185   0.77461
    3    1 7.2898000000000D+03 1.0025555490000D+13
   0.46365   0.74639   0.89686     1.025     1.135     1.221    1.2744    1.2782
     1.185   0.77461
    9    0 7.2898000000000D+03 2.9290000000000D+02
   10    0 7.2898000000000D+03 1.5780769230769D+01
*---+----+-------------------+-------------------+---------+---------------------
*   1: printout of the result at time [hours]
*---+----+-------------------+-------------------+---------+---------------------
    1    0 7.4328000000000D+03
*---+----+-------------------+-------------------+---------+---------------------
    2    1 7.4328000000000D+03 2.7305000000000D+01
   0.60428   0.89892   0.99901    1.0659    1.1166    1.1534    1.1778    1.1664
    1.0879   0.72983
    3    1 7.4328000000000D+03 1.0329481500000D+13
   0.60428   0.89892   0.99901    1.0659    1.1166    1.1534    1.1778    1.1664
    1.0879   0.72983
    9    0 7.4328000000000D+03 2.9290000000000D+02
   10    0 7.4328000000000D+03 1.5780769230769D+01
*---+----+-------------------+-------------------+---------+---------------------
*   1: printout of the result at time [hours]
*---+----+-------------------+-------------------+---------+---------------------
    1    0 1.0888800000000D+04
*---+----+-------------------+-------------------+---------+---------------------
    2    1 1.0888800000000D+04 2.6711700000000D+01
   0.77326    1.0186    1.0404    1.0467    1.0546    1.0651    1.0781    1.0948
    1.0643   0.76416
    3    1 1.0888800000000D+04 1.0337427900000D+13
   0.77326    1.0186    1.0404    1.0467    1.0546    1.0651    1.0781    1.0948
    1.0643   0.76416
    9    0 1.0888800000000D+04 2.9290000000000D+02
   10    0 1.0888800000000D+04 1.5780769230769D+01
*---+----+-------------------+-------------------+---------+---------------------
*   1: printout of the result at time [hours]
*---+----+-------------------+-------------------+---------+---------------------
    1    0 1.4685600000000D+04
*---+----+-------------------+-------------------+---------+---------------------
    2    1 1.4685600000000D+04 2.5436100000000D+01
   0.90281      1.07    1.0353     1.019    1.0145    1.0169    1.0255    1.0419
    1.0479   0.82623
    3    1 1.4685600000000D+04 9.9963873000000D+12
   0.90281      1.07    1.0353     1.019    1.0145    1.0169    1.0255    1.0419
    1.0479   0.82623
    9    0 1.4685600000000D+04 2.9290000000000D+02
   10    0 1.4685600000000D+04 1.5780769230769D+01
*---+----+-------------------+-------------------+---------+---------------------
*   1: printout of the result at time [hours]
*---+----+-------------------+-------------------+---------+---------------------
    1    0 1.5263000000000D+04
*---+----+-------------------+-------------------+---------+---------------------
    2    1 1.5263000000000D+04 2.3486000000000D+01
   0.83888   0.98373   0.97241   0.97718   0.99566    1.0215    1.0542    1.0968
    1.1408   0.91876
    3    1 1.5263000000000D+04 9.1078708000000D+12
   0.83888   0.98373   0.97241   0.97718   0.99566    1.0215    1.0542    1.0968
    1.1408   0.91876
    9    0 1.5263000000000D+04 2.8810000000000D+02
   10    0 1.5263000000000D+04 1.5780769230769D+01
*---+----+-------------------+-------------------+---------+---------------------
*   1: printout of the result at time [hours]
*---+----+-------------------+-------------------+---------+---------------------
    1    0 1.5265000000000D+04
*---+----+-------------------+-------------------+---------+---------------------
    2    1 1.5265000000000D+04 2.8662100000000D+01
   0.53928   0.79188   0.90932    1.0171    1.1166    1.1976    1.2505    1.2688
     1.181     0.728
    3    1 1.5265000000000D+04 1.2066744100000D+13
   0.53928   0.79188   0.90932    1.0171    1.1166    1.1976    1.2505    1.2688
     1.181     0.728
    9    0 1.5265000000000D+04 2.9290000000000D+02
   10    0 1.5265000000000D+04 1.5780769230769D+01
*---+----+-------------------+-------------------+---------+---------------------
*   1: printout of the result at time [hours]
*---+----+-------------------+-------------------+---------+---------------------
    1    0 1.5408000000000D+04
*---+----+-------------------+-------------------+---------+---------------------
    2    1 1.5408000000000D+04 2.8671900000000D+01
   0.71652   0.97238    1.0301    1.0678    1.0992    1.1226    1.1385    1.1268
    1.0574    0.6687
    3    1 1.5408000000000D+04 1.2070869900000D+13
   0.71652   0.97238    1.0301    1.0678    1.0992    1.1226    1.1385    1.1268
    1.0574    0.6687
    9    0 1.5408000000000D+04 2.9290000000000D+02
   10    0 1.5408000000000D+04 1.5780769230769D+01
*---+----+-------------------+-------------------+---------+---------------------
*   1: printout of the result at time [hours]
*---+----+-------------------+-------------------+---------+---------------------
    1    0 1.8864000000000D+04
*---+----+-------------------+-------------------+---------+---------------------
    2    1 1.8864000000000D+04 2.6865700000000D+01
   0.91585    1.0749    1.0412    1.0262    1.0231    1.0268    1.0372    1.0549
    1.0523   0.74764
    3    1 1.8864000000000D+04 1.1412549360000D+13
   0.91585    1.0749    1.0412    1.0262    1.0231    1.0268    1.0372    1.0549
    1.0523   0.74764
    9    0 1.8864000000000D+04 2.9290000000000D+02
   10    0 1.8864000000000D+04 1.5780769230769D+01
*---+----+-------------------+-------------------+---------+---------------------
*   1: printout of the result at time [hours]
*---+----+-------------------+-------------------+---------+---------------------
    1    0 1.9240800000000D+04
*---+----+-------------------+-------------------+---------+---------------------
    2    1 1.9240800000000D+04 2.6726000000000D+01
   0.93553    1.0818    1.0407     1.023     1.018      1.02    1.0293    1.0472
    1.0492   0.75544
    3    1 1.9240800000000D+04 1.1350532200000D+13
   0.93553    1.0818    1.0407     1.023     1.018      1.02    1.0293    1.0472
    1.0492   0.75544
    9    0 1.9240800000000D+04 2.9290000000000D+02
   10    0 1.9240800000000D+04 1.5780769230769D+01
*---+----+-------------------+-------------------+---------+---------------------
*   1: printout of the result at time [hours]
*---+----+-------------------+-------------------+---------+---------------------
    1    0 2.0223800000000D+04
*---+----+-------------------+-------------------+---------+---------------------
    2    1 2.0223800000000D+04 2.2817700000000D+01
   0.81498   0.92814   0.92437   0.94471   0.98104     1.026    1.0803    1.1495
    1.2226   0.92845
    3    1 2.0223800000000D+04 9.4077377100000D+12
   0.81498   0.92814   0.92437   0.94471   0.98104     1.026    1.0803    1.1495
    1.2226   0.92845
    9    0 2.0223800000000D+04 2.8270000000000D+02
   10    0 2.0223800000000D+04 1.5780769230769D+01
*---+----+-------------------+-------------------+---------+---------------------
*   1: printout of the result at time [hours]
*---+----+-------------------+-------------------+---------+---------------------
    1    0 2.0225800000000D+04
*---+----+-------------------+-------------------+---------+---------------------
    2    1 2.0225800000000D+04 2.0315600000000D+01
   0.48854   0.70045   0.82193   0.93672    1.0483    1.1523    1.2428    1.3091
    1.3179   0.98195
    3    1 2.0225800000000D+04 9.3065763600000D+12
   0.48854   0.70045   0.82193   0.93672    1.0483    1.1523    1.2428    1.3091
    1.3179   0.98195
    9    0 2.0225800000000D+04 2.9060000000000D+02
   10    0 2.0225800000000D+04 1.5780769230769D+01
*---+----+-------------------+-------------------+---------+---------------------
*   1: printout of the result at time [hours]
*---+----+-------------------+-------------------+---------+---------------------
    1    0 2.0376000000000D+04
*---+----+-------------------+-------------------+---------+---------------------
    2    1 2.0376000000000D+04 2.0609400000000D+01
   0.66111   0.88164   0.95767    1.0119    1.0584       1.1    1.1365     1.164
    1.1546   0.87416
    3    1 2.0376000000000D+04 9.4123129800000D+12
   0.66111   0.88164   0.95767    1.0119    1.0584       1.1    1.1365     1.164
    1.1546   0.87416
    9    0 2.0376000000000D+04 2.9060000000000D+02
   10    0 2.0376000000000D+04 1.5780769230769D+01
*---+----+-------------------+-------------------+---------+---------------------
*   1: printout of the result at time [hours]
*---+----+-------------------+-------------------+---------+---------------------
    1    0 2.4014400000000D+04
*---+----+-------------------+-------------------+---------+---------------------
    2    1 2.4014400000000D+04 2.0674300000000D+01
   0.84066    1.0247      1.03    1.0256    1.0273    1.0353    1.0492    1.0675
     1.066   0.83374
    3    1 2.4014400000000D+04 9.4708968300000D+12
   0.84066    1.0247      1.03    1.0256    1.0273    1.0353    1.0492    1.0675
     1.066   0.83374
    9    0 2.4014400000000D+04 2.9060000000000D+02
   10    0 2.4014400000000D+04 1.5780769230769D+01
*---+----+-------------------+-------------------+---------+---------------------
*   1: printout of the result at time [hours]
*---+----+-------------------+-------------------+---------+---------------------
    1    0 2.7424800000000D+04
*---+----+-------------------+-------------------+---------+---------------------
    2    1 2.7424800000000D+04 2.0544200000000D+01
   0.93462    1.0669    1.0376    1.0217    1.0145    1.0117    1.0139    1.0241
     1.029   0.84598
    3    1 2.7424800000000D+04 9.4195157000000D+12
   0.93462    1.0669    1.0376    1.0217    1.0145    1.0117    1.0139    1.0241
     1.029   0.84598
    9    0 2.7424800000000D+04 2.9060000000000D+02
   10    0 2.7424800000000D+04 1.5780769230769D+01
*---+----+-------------------+-------------------+---------+---------------------
*   1: printout of the result at time [hours]
*---+----+-------------------+-------------------+---------+---------------------
    1    0 2.9108600000000D+04
*---+----+-------------------+-------------------+---------+---------------------
    2    1 2.9108600000000D+04 2.0461000000000D+01
   0.99414     1.056    1.0174   0.99892   0.99306   0.99262    0.9979    1.0149
    1.0388   0.89629
    3    1 2.9108600000000D+04 9.3629536000000D+12
   0.99414     1.056    1.0174   0.99892   0.99306   0.99262    0.9979    1.0149
    1.0388   0.89629
    9    0 2.9108600000000D+04 2.9060000000000D+02
   10    0 2.9108600000000D+04 1.5780769230769D+01
*---+----+-------------------+-------------------+---------+---------------------
*   1: printout of the result at time [hours]
*---+----+-------------------+-------------------+---------+---------------------
    1    0 2.9110600000000D+04
*---+----+-------------------+-------------------+---------+---------------------
    2    1 2.9110600000000D+04 5.3693000000000D+00
   0.52614   0.71853   0.85709   0.97797      1.08    1.1616    1.2186    1.2488
     1.229   0.98225
    3    1 2.9110600000000D+04 2.6465279700000D+12
   0.52614   0.71853   0.85709   0.97797      1.08    1.1616    1.2186    1.2488
     1.229   0.98225
    9    0 2.9110600000000D+04 2.9290000000000D+02
   10    0 2.9110600000000D+04 1.5780769230769D+01
*---+----+-------------------+-------------------+---------+---------------------
*   1: printout of the result at time [hours]
*---+----+-------------------+-------------------+---------+---------------------
    1    0 2.9253600000000D+04
*---+----+-------------------+-------------------+---------+---------------------
    2    1 2.9253600000000D+04 5.6517000000000D+00
   0.71164   0.89548   0.98165    1.0369    1.0726    1.0956    1.1122    1.1069
    1.0937   0.89336
    3    1 2.9253600000000D+04 2.7472913700000D+12
   0.71164   0.89548   0.98165    1.0369    1.0726    1.0956    1.1122    1.1069
    1.0937   0.89336
    9    0 2.9253600000000D+04 2.9290000000000D+02
   10    0 2.9253600000000D+04 1.5780769230769D+01
*---+----+-------------------+-------------------+---------+---------------------
*   1: printout of the result at time [hours]
*---+----+-------------------+-------------------+---------+---------------------
    1    0 3.2709600000000D+04
*---+----+-------------------+-------------------+---------+---------------------
    2    1 3.2709600000000D+04 6.6703000000000D+00
    0.8166   0.99291    1.0415    1.0572    1.0619    1.0632    1.0619    1.0532
    1.0253   0.82635
    3    1 3.2709600000000D+04 3.1683925000000D+12
    0.8166   0.99291    1.0415    1.0572    1.0619    1.0632    1.0619    1.0532
    1.0253   0.82635
    9    0 3.2709600000000D+04 2.9290000000000D+02
   10    0 3.2709600000000D+04 1.5780769230769D+01
*---+----+-------------------+-------------------+---------+---------------------
*   1: printout of the result at time [hours]
*---+----+-------------------+-------------------+---------+---------------------
    1    0 3.4509600000000D+04
*---+----+-------------------+-------------------+---------+---------------------
    2    1 3.4509600000000D+04 7.1829000000000D+00
   0.83504    1.0224    1.0728    1.0809    1.0753    1.0654    1.0524    1.0308
     0.984   0.78088
    3    1 3.4509600000000D+04 3.3781178700000D+12
   0.83504    1.0224    1.0728    1.0809    1.0753    1.0654    1.0524    1.0308
     0.984   0.78088
    9    0 3.4509600000000D+04 2.9290000000000D+02
   10    0 3.4509600000000D+04 1.5780769230769D+01
*---+----+-------------------+-------------------+---------+---------------------
*   1: printout of the result at time [hours]
*---+----+-------------------+-------------------+---------+---------------------
    1    0 3.8904000000000D+04
*---+----+-------------------+-------------------+---------+---------------------
    2    1 3.8904000000000D+04 8.9167000000000D+00
   0.93151    1.0376    1.0158    0.9997    0.9997    1.0098    1.0281     1.053
    1.0564   0.86837
    3    1 3.8904000000000D+04 4.0579901700000D+12
   0.93151    1.0376    1.0158    0.9997    0.9997    1.0098    1.0281     1.053
    1.0564   0.86837
    9    0 3.8904000000000D+04 2.9290000000000D+02
   10    0 3.8904000000000D+04 1.5780769230769D+01
*---+----+-------------------+-------------------+---------+---------------------
*   1: printout of the result at time [hours]
*---+----+-------------------+-------------------+---------+---------------------
    1    0 3.9192000000000D+04
*---+----+-------------------+-------------------+---------+---------------------
    2    1 3.9192000000000D+04 8.5914000000000D+00
   0.87855   0.97958   0.96923   0.97016   0.98831    1.0161    1.0522     1.096
    1.1176   0.93221
    3    1 3.9192000000000D+04 3.8764396800000D+12
   0.87855   0.97958   0.96923   0.97016   0.98831    1.0161    1.0522     1.096
    1.1176   0.93221
    9    0 3.9192000000000D+04 2.8960000000000D+02
   10    0 3.9192000000000D+04 1.5780769230769D+01
* data point #2168 end
*  00:  last line of data set (finishing the program)
*---+----+-------------------+-------------------+---------+---------------------
00000    0 3.9192000000000D+04
*---+----+-------------------+-------------------+---------+---------------------
