* data point #230 begin
*
*---+----+-------------------+-------------------+---------+---------------------
*   1: printout of the result at time [hours]
*---+----+-------------------+-------------------+---------+---------------------
    1    0 0.0000000000000D+00
*---+----+-------------------+-------------------+---------+---------------------
    2    1 0.0000000000000D+00 2.9333700000000D+01
   0.45051   0.70946   0.87033    1.0049    1.1229    1.2189    1.2839    1.3081
    1.2178   0.81319
    3    1 0.0000000000000D+00 1.0736134200000D+13
   0.45051   0.70946   0.87033    1.0049    1.1229    1.2189    1.2839    1.3081
    1.2178   0.81319
    9    0 0.0000000000000D+00 2.9060000000000D+02
   10    0 0.0000000000000D+00 1.5760000000000D+01
*---+----+-------------------+-------------------+---------+---------------------
*   1: printout of the result at time [hours]
*---+----+-------------------+-------------------+---------+---------------------
    1    0 1.5120000000000D+02
*---+----+-------------------+-------------------+---------+---------------------
    2    1 1.5120000000000D+02 2.9047800000000D+01
   0.64418   0.92262    1.0256      1.08    1.1155    1.1381    1.1509    1.1349
    1.0608   0.72759
    3    1 1.5120000000000D+02 1.0657637820000D+13
   0.64418   0.92262    1.0256      1.08    1.1155    1.1381    1.1509    1.1349
    1.0608   0.72759
    9    0 1.5120000000000D+02 2.9060000000000D+02
   10    0 1.5120000000000D+02 1.5760000000000D+01
*---+----+-------------------+-------------------+---------+---------------------
*   1: printout of the result at time [hours]
*---+----+-------------------+-------------------+---------+---------------------
    1    0 6.8208000000000D+03
*---+----+-------------------+-------------------+---------+---------------------
    2    1 6.8208000000000D+03 2.8520900000000D+01
   0.84205     1.127    1.1348    1.1073    1.0798    1.0554    1.0338    1.0109
   0.95074   0.65811
    3    1 6.8208000000000D+03 1.0857906630000D+13
   0.84205     1.127    1.1348    1.1073    1.0798    1.0554    1.0338    1.0109
   0.95074   0.65811
    9    0 6.8208000000000D+03 2.9060000000000D+02
   10    0 6.8208000000000D+03 1.5760000000000D+01
*---+----+-------------------+-------------------+---------+---------------------
*   1: printout of the result at time [hours]
*---+----+-------------------+-------------------+---------+---------------------
    1    0 1.0098200000000D+04
*---+----+-------------------+-------------------+---------+---------------------
    2    1 1.0098200000000D+04 2.8175000000000D+01
   0.92923    1.1371    1.0773     1.044    1.0258    1.0146    1.0096    1.0141
    1.0053   0.74286
    3    1 1.0098200000000D+04 1.0895272500000D+13
   0.92923    1.1371    1.0773     1.044    1.0258    1.0146    1.0096    1.0141
    1.0053   0.74286
    9    0 1.0098200000000D+04 2.9060000000000D+02
   10    0 1.0098200000000D+04 1.5760000000000D+01
*---+----+-------------------+-------------------+---------+---------------------
*   1: printout of the result at time [hours]
*---+----+-------------------+-------------------+---------+---------------------
    1    0 1.0100200000000D+04
*---+----+-------------------+-------------------+---------+---------------------
    2    1 1.0100200000000D+04 2.7030400000000D+01
   0.46596   0.72655   0.86351   0.98633    1.0957    1.1867    1.2541    1.2959
    1.2581   0.86721
    3    1 1.0100200000000D+04 1.1474404800000D+13
   0.46596   0.72655   0.86351   0.98633    1.0957    1.1867    1.2541    1.2959
    1.2581   0.86721
    9    0 1.0100200000000D+04 2.9290000000000D+02
   10    0 1.0100200000000D+04 1.5760000000000D+01
*---+----+-------------------+-------------------+---------+---------------------
*   1: printout of the result at time [hours]
*---+----+-------------------+-------------------+---------+---------------------
    1    0 1.0243200000000D+04
*---+----+-------------------+-------------------+---------+---------------------
    2    1 1.0243200000000D+04 2.6983100000000D+01
   0.63781   0.92032    1.0059    1.0605    1.0986    1.1242    1.1426     1.139
    1.1007   0.77033
    3    1 1.0243200000000D+04 1.1438136090000D+13
   0.63781   0.92032    1.0059    1.0605    1.0986    1.1242    1.1426     1.139
    1.1007   0.77033
    9    0 1.0243200000000D+04 2.9290000000000D+02
   10    0 1.0243200000000D+04 1.5760000000000D+01
*---+----+-------------------+-------------------+---------+---------------------
*   1: printout of the result at time [hours]
*---+----+-------------------+-------------------+---------+---------------------
    1    0 1.3699200000000D+04
*---+----+-------------------+-------------------+---------+---------------------
    2    1 1.3699200000000D+04 2.5536300000000D+01
   0.77736    1.0319    1.0632    1.0702    1.0719     1.072    1.0708    1.0645
    1.0297   0.74846
    3    1 1.3699200000000D+04 1.0967840850000D+13
   0.77736    1.0319    1.0632    1.0702    1.0719     1.072    1.0708    1.0645
    1.0297   0.74846
    9    0 1.3699200000000D+04 2.9290000000000D+02
   10    0 1.3699200000000D+04 1.5760000000000D+01
*---+----+-------------------+-------------------+---------+---------------------
*   1: printout of the result at time [hours]
*---+----+-------------------+-------------------+---------+---------------------
    1    0 1.5499200000000D+04
*---+----+-------------------+-------------------+---------+---------------------
    2    1 1.5499200000000D+04 2.4661300000000D+01
    0.8118    1.0546    1.0791    1.0784     1.072    1.0642    1.0554    1.0423
    1.0027   0.73954
    3    1 1.5499200000000D+04 1.0661079990000D+13
    0.8118    1.0546    1.0791    1.0784     1.072    1.0642    1.0554    1.0423
    1.0027   0.73954
    9    0 1.5499200000000D+04 2.9290000000000D+02
   10    0 1.5499200000000D+04 1.5760000000000D+01
*---+----+-------------------+-------------------+---------+---------------------
*   1: printout of the result at time [hours]
*---+----+-------------------+-------------------+---------+---------------------
    1    0 1.9893600000000D+04
*---+----+-------------------+-------------------+---------+---------------------
    2    1 1.9893600000000D+04 2.3641500000000D+01
   0.96745    1.0731    1.0246   0.99934   0.99118   0.99253    1.0028    1.0252
    1.0485   0.87524
    3    1 1.9893600000000D+04 1.0265139300000D+13
   0.96745    1.0731    1.0246   0.99934   0.99118   0.99253    1.0028    1.0252
    1.0485   0.87524
    9    0 1.9893600000000D+04 2.9290000000000D+02
   10    0 1.9893600000000D+04 1.5760000000000D+01
*---+----+-------------------+-------------------+---------+---------------------
*   1: printout of the result at time [hours]
*---+----+-------------------+-------------------+---------+---------------------
    1    0 2.0181600000000D+04
*---+----+-------------------+-------------------+---------+---------------------
    2    1 2.0181600000000D+04 2.2545800000000D+01
   0.91046    1.0109   0.97726   0.96976   0.97956   0.99832    1.0256     1.066
    1.1186    0.9435
    3    1 2.0181600000000D+04 9.6856756800000D+12
   0.91046    1.0109   0.97726   0.96976   0.97956   0.99832    1.0256     1.066
    1.1186    0.9435
    9    0 2.0181600000000D+04 2.8960000000000D+02
   10    0 2.0181600000000D+04 1.5760000000000D+01
* data point #230 end
*  00:  last line of data set (finishing the program)
*---+----+-------------------+-------------------+---------+---------------------
00000    0 2.0181600000000D+04
*---+----+-------------------+-------------------+---------+---------------------
