* data point #2559 begin
*
*---+----+-------------------+-------------------+---------+---------------------
*   1: printout of the result at time [hours]
*---+----+-------------------+-------------------+---------+---------------------
    1    0 0.0000000000000D+00
*---+----+-------------------+-------------------+---------+---------------------
    2    1 0.0000000000000D+00 2.7407700000000D+01
   0.44531   0.66635   0.80791   0.94156    1.0696    1.1843    1.2765    1.3327
    1.3142    0.9617
    3    1 0.0000000000000D+00 1.0234035180000D+13
   0.44531   0.66635   0.80791   0.94156    1.0696    1.1843    1.2765    1.3327
    1.3142    0.9617
    9    0 0.0000000000000D+00 2.9060000000000D+02
   10    0 0.0000000000000D+00 1.5760000000000D+01
*---+----+-------------------+-------------------+---------+---------------------
*   1: printout of the result at time [hours]
*---+----+-------------------+-------------------+---------+---------------------
    1    0 1.5120000000000D+02
*---+----+-------------------+-------------------+---------+---------------------
    2    1 1.5120000000000D+02 2.7516900000000D+01
   0.64335   0.88302   0.97242    1.0321    1.0798    1.1179    1.1457    1.1638
    1.1264    0.8356
    3    1 1.5120000000000D+02 1.0283065530000D+13
   0.64335   0.88302   0.97242    1.0321    1.0798    1.1179    1.1457    1.1638
    1.1264    0.8356
    9    0 1.5120000000000D+02 2.9060000000000D+02
   10    0 1.5120000000000D+02 1.5760000000000D+01
*---+----+-------------------+-------------------+---------+---------------------
*   1: printout of the result at time [hours]
*---+----+-------------------+-------------------+---------+---------------------
    1    0 6.8208000000000D+03
*---+----+-------------------+-------------------+---------+---------------------
    2    1 6.8208000000000D+03 2.8717300000000D+01
   0.84879    1.1221    1.1211    1.0951    1.0711    1.0502    1.0321    1.0135
   0.96287   0.68314
    3    1 6.8208000000000D+03 1.0992982440000D+13
   0.84879    1.1221    1.1211    1.0951    1.0711    1.0502    1.0321    1.0135
   0.96287   0.68314
    9    0 6.8208000000000D+03 2.9060000000000D+02
   10    0 6.8208000000000D+03 1.5760000000000D+01
*---+----+-------------------+-------------------+---------+---------------------
*   1: printout of the result at time [hours]
*---+----+-------------------+-------------------+---------+---------------------
    1    0 1.0098200000000D+04
*---+----+-------------------+-------------------+---------+---------------------
    2    1 1.0098200000000D+04 2.7651800000000D+01
   0.94319    1.1106    1.0643    1.0343    1.0184     1.009    1.0057    1.0118
    1.0114   0.79116
    3    1 1.0098200000000D+04 1.0643177820000D+13
   0.94319    1.1106    1.0643    1.0343    1.0184     1.009    1.0057    1.0118
    1.0114   0.79116
    9    0 1.0098200000000D+04 2.9060000000000D+02
   10    0 1.0098200000000D+04 1.5760000000000D+01
*---+----+-------------------+-------------------+---------+---------------------
*   1: printout of the result at time [hours]
*---+----+-------------------+-------------------+---------+---------------------
    1    0 1.0100200000000D+04
*---+----+-------------------+-------------------+---------+---------------------
    2    1 1.0100200000000D+04 2.7178000000000D+01
   0.49091    0.7633   0.90985    1.0299    1.1283    1.2028    1.2488    1.2559
    1.1895    0.7807
    3    1 1.0100200000000D+04 1.1602288200000D+13
   0.49091    0.7633   0.90985    1.0299    1.1283    1.2028    1.2488    1.2559
    1.1895    0.7807
    9    0 1.0100200000000D+04 2.9290000000000D+02
   10    0 1.0100200000000D+04 1.5760000000000D+01
*---+----+-------------------+-------------------+---------+---------------------
*   1: printout of the result at time [hours]
*---+----+-------------------+-------------------+---------+---------------------
    1    0 1.0243200000000D+04
*---+----+-------------------+-------------------+---------+---------------------
    2    1 1.0243200000000D+04 2.7085500000000D+01
   0.66549   0.95464     1.045    1.0928     1.119     1.132    1.1298    1.1114
    1.0483   0.70174
    3    1 1.0243200000000D+04 1.1565508500000D+13
   0.66549   0.95464     1.045    1.0928     1.119     1.132    1.1298    1.1114
    1.0483   0.70174
    9    0 1.0243200000000D+04 2.9290000000000D+02
   10    0 1.0243200000000D+04 1.5760000000000D+01
*---+----+-------------------+-------------------+---------+---------------------
*   1: printout of the result at time [hours]
*---+----+-------------------+-------------------+---------+---------------------
    1    0 1.3699200000000D+04
*---+----+-------------------+-------------------+---------+---------------------
    2    1 1.3699200000000D+04 2.6468700000000D+01
    0.7918    1.0557    1.0931    1.0956    1.0895    1.0806    1.0691    1.0493
   0.99144   0.68398
    3    1 1.3699200000000D+04 1.1662109220000D+13
    0.7918    1.0557    1.0931    1.0956    1.0895    1.0806    1.0691    1.0493
   0.99144   0.68398
    9    0 1.3699200000000D+04 2.9290000000000D+02
   10    0 1.3699200000000D+04 1.5760000000000D+01
*---+----+-------------------+-------------------+---------+---------------------
*   1: printout of the result at time [hours]
*---+----+-------------------+-------------------+---------+---------------------
    1    0 1.5499200000000D+04
*---+----+-------------------+-------------------+---------+---------------------
    2    1 1.5499200000000D+04 2.6205200000000D+01
   0.81705    1.0787    1.1181     1.107    1.0925    1.0753    1.0555    1.0275
   0.96168   0.66655
    3    1 1.5499200000000D+04 1.1692760240000D+13
   0.81705    1.0787    1.1181     1.107    1.0925    1.0753    1.0555    1.0275
   0.96168   0.66655
    9    0 1.5499200000000D+04 2.9290000000000D+02
   10    0 1.5499200000000D+04 1.5760000000000D+01
*---+----+-------------------+-------------------+---------+---------------------
*   1: printout of the result at time [hours]
*---+----+-------------------+-------------------+---------+---------------------
    1    0 1.9893600000000D+04
*---+----+-------------------+-------------------+---------+---------------------
    2    1 1.9893600000000D+04 2.5461500000000D+01
   0.95136     1.073    1.0323    1.0095    1.0044    1.0091    1.0221    1.0434
    1.0459    0.8091
    3    1 1.9893600000000D+04 1.1503505700000D+13
   0.95136     1.073    1.0323    1.0095    1.0044    1.0091    1.0221    1.0434
    1.0459    0.8091
    9    0 1.9893600000000D+04 2.9290000000000D+02
   10    0 1.9893600000000D+04 1.5760000000000D+01
*---+----+-------------------+-------------------+---------+---------------------
*   1: printout of the result at time [hours]
*---+----+-------------------+-------------------+---------+---------------------
    1    0 2.0181600000000D+04
*---+----+-------------------+-------------------+---------+---------------------
    2    1 2.0181600000000D+04 2.4450400000000D+01
   0.89393    1.0093    0.9835   0.97941   0.99324    1.0163    1.0474    1.0877
    1.1139   0.87528
    3    1 2.0181600000000D+04 1.0939108960000D+13
   0.89393    1.0093    0.9835   0.97941   0.99324    1.0163    1.0474    1.0877
    1.1139   0.87528
    9    0 2.0181600000000D+04 2.8960000000000D+02
   10    0 2.0181600000000D+04 1.5760000000000D+01
* data point #2559 end
*  00:  last line of data set (finishing the program)
*---+----+-------------------+-------------------+---------+---------------------
00000    0 2.0181600000000D+04
*---+----+-------------------+-------------------+---------+---------------------
