* data point #247 begin
*
*---+----+-------------------+-------------------+---------+---------------------
*   1: printout of the result at time [hours]
*---+----+-------------------+-------------------+---------+---------------------
    1    0 0.0000000000000D+00
*---+----+-------------------+-------------------+---------+---------------------
    2    1 0.0000000000000D+00 2.3226500000000D+01
   0.44781   0.78251   0.94263    1.0591    1.1512    1.2201    1.2614    1.2622
    1.1709   0.70204
    3    1 0.0000000000000D+00 8.1594694500000D+12
   0.44781   0.78251   0.94263    1.0591    1.1512    1.2201    1.2614    1.2622
    1.1709   0.70204
    9    0 0.0000000000000D+00 2.9290000000000D+02
   10    0 0.0000000000000D+00 1.5789285714286D+01
*---+----+-------------------+-------------------+---------+---------------------
*   1: printout of the result at time [hours]
*---+----+-------------------+-------------------+---------+---------------------
    1    0 1.4400000000000D+02
*---+----+-------------------+-------------------+---------+---------------------
    2    1 1.4400000000000D+02 2.2996600000000D+01
   0.61418   0.98154    1.0823    1.1217    1.1386    1.1441    1.1366    1.1131
    1.0315    0.6364
    3    1 1.4400000000000D+02 8.0626079600000D+12
   0.61418   0.98154    1.0823    1.1217    1.1386    1.1441    1.1366    1.1131
    1.0315    0.6364
    9    0 1.4400000000000D+02 2.9290000000000D+02
   10    0 1.4400000000000D+02 1.5789285714286D+01
*---+----+-------------------+-------------------+---------+---------------------
*   1: printout of the result at time [hours]
*---+----+-------------------+-------------------+---------+---------------------
    1    0 3.6000000000000D+03
*---+----+-------------------+-------------------+---------+---------------------
    2    1 3.6000000000000D+03 2.2938500000000D+01
   0.76069    1.1016    1.1269    1.1111    1.0931    1.0778    1.0644    1.0465
   0.98385   0.63413
    3    1 3.6000000000000D+03 8.0949966500000D+12
   0.76069    1.1016    1.1269    1.1111    1.0931    1.0778    1.0644    1.0465
   0.98385   0.63413
    9    0 3.6000000000000D+03 2.9290000000000D+02
   10    0 3.6000000000000D+03 1.5789285714286D+01
*---+----+-------------------+-------------------+---------+---------------------
*   1: printout of the result at time [hours]
*---+----+-------------------+-------------------+---------+---------------------
    1    0 6.1200000000000D+03
*---+----+-------------------+-------------------+---------+---------------------
    2    1 6.1200000000000D+03 2.2960000000000D+01
   0.81703    1.1309    1.1398    1.1141    1.0871    1.0624    1.0399    1.0157
   0.95557   0.63759
    3    1 6.1200000000000D+03 8.1508000000000D+12
   0.81703    1.1309    1.1398    1.1141    1.0871    1.0624    1.0399    1.0157
   0.95557   0.63759
    9    0 6.1200000000000D+03 2.9290000000000D+02
   10    0 6.1200000000000D+03 1.5789285714286D+01
*---+----+-------------------+-------------------+---------+---------------------
*   1: printout of the result at time [hours]
*---+----+-------------------+-------------------+---------+---------------------
    1    0 1.0113600000000D+04
*---+----+-------------------+-------------------+---------+---------------------
    2    1 1.0113600000000D+04 2.3233800000000D+01
   0.91345    1.1214    1.0652     1.036    1.0232    1.0178    1.0186     1.028
     1.021   0.75537
    3    1 1.0113600000000D+04 8.2805263200000D+12
   0.91345    1.1214    1.0652     1.036    1.0232    1.0178    1.0186     1.028
     1.021   0.75537
    9    0 1.0113600000000D+04 2.9290000000000D+02
   10    0 1.0113600000000D+04 1.5789285714286D+01
*---+----+-------------------+-------------------+---------+---------------------
*   1: printout of the result at time [hours]
*---+----+-------------------+-------------------+---------+---------------------
    1    0 1.0460600000000D+04
*---+----+-------------------+-------------------+---------+---------------------
    2    1 1.0460600000000D+04 2.2568600000000D+01
   0.87343     1.062     1.029    1.0153    1.0174    1.0255    1.0391    1.0618
    1.0728   0.80364
    3    1 1.0460600000000D+04 8.0073392800000D+12
   0.87343     1.062     1.029    1.0153    1.0174    1.0255    1.0391    1.0618
    1.0728   0.80364
    9    0 1.0460600000000D+04 2.9050000000000D+02
   10    0 1.0460600000000D+04 1.5789285714286D+01
*---+----+-------------------+-------------------+---------+---------------------
*   1: printout of the result at time [hours]
*---+----+-------------------+-------------------+---------+---------------------
    1    0 1.0462600000000D+04
*---+----+-------------------+-------------------+---------+---------------------
    2    1 1.0462600000000D+04 2.8992400000000D+01
   0.51079   0.83146   0.99778    1.1163    1.1956     1.238    1.2361    1.1842
    1.0471   0.64272
    3    1 1.0462600000000D+04 1.1849193880000D+13
   0.51079   0.83146   0.99778    1.1163    1.1956     1.238    1.2361    1.1842
    1.0471   0.64272
    9    0 1.0462600000000D+04 2.9290000000000D+02
   10    0 1.0462600000000D+04 1.5789285714286D+01
*---+----+-------------------+-------------------+---------+---------------------
*   1: printout of the result at time [hours]
*---+----+-------------------+-------------------+---------+---------------------
    1    0 1.0605600000000D+04
*---+----+-------------------+-------------------+---------+---------------------
    2    1 1.0605600000000D+04 2.8915900000000D+01
   0.64888   0.97566    1.0854    1.1384    1.1607    1.1611    1.1405    1.0906
   0.97777   0.62097
    3    1 1.0605600000000D+04 1.1806361970000D+13
   0.64888   0.97566    1.0854    1.1384    1.1607    1.1611    1.1405    1.0906
   0.97777   0.62097
    9    0 1.0605600000000D+04 2.9290000000000D+02
   10    0 1.0605600000000D+04 1.5789285714286D+01
*---+----+-------------------+-------------------+---------+---------------------
*   1: printout of the result at time [hours]
*---+----+-------------------+-------------------+---------+---------------------
    1    0 1.4061600000000D+04
*---+----+-------------------+-------------------+---------+---------------------
    2    1 1.4061600000000D+04 2.7436800000000D+01
   0.80374     1.053     1.078    1.0704    1.0681    1.0679    1.0686    1.0634
    1.0168   0.70996
    3    1 1.4061600000000D+04 1.1268293760000D+13
   0.80374     1.053     1.078    1.0704    1.0681    1.0679    1.0686    1.0634
    1.0168   0.70996
    9    0 1.4061600000000D+04 2.9290000000000D+02
   10    0 1.4061600000000D+04 1.5789285714286D+01
*---+----+-------------------+-------------------+---------+---------------------
*   1: printout of the result at time [hours]
*---+----+-------------------+-------------------+---------+---------------------
    1    0 1.7253600000000D+04
*---+----+-------------------+-------------------+---------+---------------------
    2    1 1.7253600000000D+04 2.5855900000000D+01
   0.91465    1.0806    1.0492     1.032    1.0241    1.0222    1.0256    1.0341
    1.0275   0.79019
    3    1 1.7253600000000D+04 1.0668144340000D+13
   0.91465    1.0806    1.0492     1.032    1.0241    1.0222    1.0256    1.0341
    1.0275   0.79019
    9    0 1.7253600000000D+04 2.9290000000000D+02
   10    0 1.7253600000000D+04 1.5789285714286D+01
*---+----+-------------------+-------------------+---------+---------------------
*   1: printout of the result at time [hours]
*---+----+-------------------+-------------------+---------+---------------------
    1    0 1.7749400000000D+04
*---+----+-------------------+-------------------+---------+---------------------
    2    1 1.7749400000000D+04 2.4406500000000D+01
   0.85862     1.005   0.99519    0.9974    1.0108    1.0299    1.0537    1.0829
    1.1018   0.86465
    3    1 1.7749400000000D+04 9.9651739500000D+12
   0.85862     1.005   0.99519    0.9974    1.0108    1.0299    1.0537    1.0829
    1.1018   0.86465
    9    0 1.7749400000000D+04 2.8920000000000D+02
   10    0 1.7749400000000D+04 1.5789285714286D+01
*---+----+-------------------+-------------------+---------+---------------------
*   1: printout of the result at time [hours]
*---+----+-------------------+-------------------+---------+---------------------
    1    0 1.7751400000000D+04
*---+----+-------------------+-------------------+---------+---------------------
    2    1 1.7751400000000D+04 2.3837600000000D+01
   0.50169   0.78544   0.93852    1.0562    1.1485    1.2143    1.2526    1.2361
    1.1333    0.7333
    3    1 1.7751400000000D+04 1.0819886640000D+13
   0.50169   0.78544   0.93852    1.0562    1.1485    1.2143    1.2526    1.2361
    1.1333    0.7333
    9    0 1.7751400000000D+04 2.9290000000000D+02
   10    0 1.7751400000000D+04 1.5789285714286D+01
*---+----+-------------------+-------------------+---------+---------------------
*   1: printout of the result at time [hours]
*---+----+-------------------+-------------------+---------+---------------------
    1    0 1.7894400000000D+04
*---+----+-------------------+-------------------+---------+---------------------
    2    1 1.7894400000000D+04 2.3885700000000D+01
   0.63942   0.92474     1.026     1.084     1.122    1.1459    1.1583    1.1382
    1.0558   0.70578
    3    1 1.7894400000000D+04 1.0798724970000D+13
   0.63942   0.92474     1.026     1.084     1.122    1.1459    1.1583    1.1382
    1.0558   0.70578
    9    0 1.7894400000000D+04 2.9290000000000D+02
   10    0 1.7894400000000D+04 1.5789285714286D+01
*---+----+-------------------+-------------------+---------+---------------------
*   1: printout of the result at time [hours]
*---+----+-------------------+-------------------+---------+---------------------
    1    0 2.1350400000000D+04
*---+----+-------------------+-------------------+---------+---------------------
    2    1 2.1350400000000D+04 2.3166800000000D+01
   0.79256    1.0164    1.0431    1.0497    1.0563    1.0652    1.0762     1.089
    1.0519   0.75971
    3    1 2.1350400000000D+04 1.0577960880000D+13
   0.79256    1.0164    1.0431    1.0497    1.0563    1.0652    1.0762     1.089
    1.0519   0.75971
    9    0 2.1350400000000D+04 2.9290000000000D+02
   10    0 2.1350400000000D+04 1.5789285714286D+01
*---+----+-------------------+-------------------+---------+---------------------
*   1: printout of the result at time [hours]
*---+----+-------------------+-------------------+---------+---------------------
    1    0 2.5147200000000D+04
*---+----+-------------------+-------------------+---------+---------------------
    2    1 2.5147200000000D+04 2.2131000000000D+01
   0.91636    1.0449    1.0267    1.0151     1.014    1.0195    1.0306    1.0473
    1.0531   0.83241
    3    1 2.5147200000000D+04 1.0166981400000D+13
   0.91636    1.0449    1.0267    1.0151     1.014    1.0195    1.0306    1.0473
    1.0531   0.83241
    9    0 2.5147200000000D+04 2.9290000000000D+02
   10    0 2.5147200000000D+04 1.5789285714286D+01
*---+----+-------------------+-------------------+---------+---------------------
*   1: printout of the result at time [hours]
*---+----+-------------------+-------------------+---------+---------------------
    1    0 2.5724600000000D+04
*---+----+-------------------+-------------------+---------+---------------------
    2    1 2.5724600000000D+04 2.0629000000000D+01
   0.85084    0.9681   0.96374   0.97276   0.99467    1.0238    1.0592    1.1021
     1.142   0.92278
    3    1 2.5724600000000D+04 9.3511257000000D+12
   0.85084    0.9681   0.96374   0.97276   0.99467    1.0238    1.0592    1.1021
     1.142   0.92278
    9    0 2.5724600000000D+04 2.8810000000000D+02
   10    0 2.5724600000000D+04 1.5789285714286D+01
*---+----+-------------------+-------------------+---------+---------------------
*   1: printout of the result at time [hours]
*---+----+-------------------+-------------------+---------+---------------------
    1    0 2.5726600000000D+04
*---+----+-------------------+-------------------+---------+---------------------
    2    1 2.5726600000000D+04 2.2301000000000D+00
   0.50581    0.7753   0.93045    1.0457    1.1327    1.1955    1.2367    1.2313
    1.1569   0.78965
    3    1 2.5726600000000D+04 1.0778073300000D+12
   0.50581    0.7753   0.93045    1.0457    1.1327    1.1955    1.2367    1.2313
    1.1569   0.78965
    9    0 2.5726600000000D+04 2.9480000000000D+02
   10    0 2.5726600000000D+04 1.5789285714286D+01
*---+----+-------------------+-------------------+---------+---------------------
*   1: printout of the result at time [hours]
*---+----+-------------------+-------------------+---------+---------------------
    1    0 2.5888800000000D+04
*---+----+-------------------+-------------------+---------+---------------------
    2    1 2.5888800000000D+04 2.3959000000000D+00
   0.66196   0.93159    1.0313    1.0802    1.1069    1.1219    1.1315    1.1186
    1.0635   0.75254
    3    1 2.5888800000000D+04 1.1284689000000D+12
   0.66196   0.93159    1.0313    1.0802    1.1069    1.1219    1.1315    1.1186
    1.0635   0.75254
    9    0 2.5888800000000D+04 2.9480000000000D+02
   10    0 2.5888800000000D+04 1.5789285714286D+01
*---+----+-------------------+-------------------+---------+---------------------
*   1: printout of the result at time [hours]
*---+----+-------------------+-------------------+---------+---------------------
    1    0 2.6815200000000D+04
*---+----+-------------------+-------------------+---------+---------------------
    2    1 2.6815200000000D+04 2.4542000000000D+00
   0.69106   0.95428    1.0394    1.0773    1.0965    1.1079    1.1165    1.1059
    1.0561   0.75503
    3    1 2.6815200000000D+04 1.1490564400000D+12
   0.69106   0.95428    1.0394    1.0773    1.0965    1.1079    1.1165    1.1059
    1.0561   0.75503
    9    0 2.6815200000000D+04 2.9480000000000D+02
   10    0 2.6815200000000D+04 1.5789285714286D+01
*---+----+-------------------+-------------------+---------+---------------------
*   1: printout of the result at time [hours]
*---+----+-------------------+-------------------+---------+---------------------
    1    0 2.6817600000000D+04
*---+----+-------------------+-------------------+---------+---------------------
    2    1 2.6817600000000D+04 2.6473000000000D+00
     0.706   0.96816    1.0486    1.0811    1.0958    1.1041    1.1045    1.0958
    1.0463   0.74944
    3    1 2.6817600000000D+04 1.2294061200000D+12
     0.706   0.96816    1.0486    1.0811    1.0958    1.1041    1.1045    1.0958
    1.0463   0.74944
    9    0 2.6817600000000D+04 2.9060000000000D+02
   10    0 2.6817600000000D+04 1.5789285714286D+01
*---+----+-------------------+-------------------+---------+---------------------
*   1: printout of the result at time [hours]
*---+----+-------------------+-------------------+---------+---------------------
    1    0 2.9594400000000D+04
*---+----+-------------------+-------------------+---------+---------------------
    2    1 2.9594400000000D+04 2.8408000000000D+00
   0.79837    1.0226    1.0585    1.0634    1.0631    1.0627    1.0638    1.0624
    1.0332   0.77197
    3    1 2.9594400000000D+04 1.2698376000000D+12
   0.79837    1.0226    1.0585    1.0634    1.0631    1.0627    1.0638    1.0624
    1.0332   0.77197
    9    0 2.9594400000000D+04 2.9060000000000D+02
   10    0 2.9594400000000D+04 1.5789285714286D+01
*---+----+-------------------+-------------------+---------+---------------------
*   1: printout of the result at time [hours]
*---+----+-------------------+-------------------+---------+---------------------
    1    0 3.1278200000000D+04
*---+----+-------------------+-------------------+---------+---------------------
    2    1 3.1278200000000D+04 2.9436000000000D+00
   0.82756    1.0355    1.0626    1.0626    1.0589    1.0552    1.0525    1.0484
    1.0205   0.77626
    3    1 3.1278200000000D+04 1.2895911600000D+12
   0.82756    1.0355    1.0626    1.0626    1.0589    1.0552    1.0525    1.0484
    1.0205   0.77626
    9    0 3.1278200000000D+04 2.9060000000000D+02
   10    0 3.1278200000000D+04 1.5789285714286D+01
*---+----+-------------------+-------------------+---------+---------------------
*   1: printout of the result at time [hours]
*---+----+-------------------+-------------------+---------+---------------------
    1    0 3.1280200000000D+04
*---+----+-------------------+-------------------+---------+---------------------
    2    1 3.1280200000000D+04 7.7601000000000D+00
   0.51765   0.70721   0.83929   0.96004    1.0664    1.1549    1.2211    1.2577
    1.2625    1.0133
    3    1 3.1280200000000D+04 3.7652005200000D+12
   0.51765   0.70721   0.83929   0.96004    1.0664    1.1549    1.2211    1.2577
    1.2625    1.0133
    9    0 3.1280200000000D+04 2.9290000000000D+02
   10    0 3.1280200000000D+04 1.5789285714286D+01
*---+----+-------------------+-------------------+---------+---------------------
*   1: printout of the result at time [hours]
*---+----+-------------------+-------------------+---------+---------------------
    1    0 3.1423200000000D+04
*---+----+-------------------+-------------------+---------+---------------------
    2    1 3.1423200000000D+04 8.1180000000000D+00
   0.70338   0.88606     0.966    1.0219    1.0617    1.0904    1.1099    1.1245
    1.1168   0.91932
    3    1 3.1423200000000D+04 3.8885220000000D+12
   0.70338   0.88606     0.966    1.0219    1.0617    1.0904    1.1099    1.1245
    1.1168   0.91932
    9    0 3.1423200000000D+04 2.9290000000000D+02
   10    0 3.1423200000000D+04 1.5789285714286D+01
*---+----+-------------------+-------------------+---------+---------------------
*   1: printout of the result at time [hours]
*---+----+-------------------+-------------------+---------+---------------------
    1    0 3.4879200000000D+04
*---+----+-------------------+-------------------+---------+---------------------
    2    1 3.4879200000000D+04 9.0522000000000D+00
   0.81792   0.98562    1.0239    1.0394    1.0478    1.0541    1.0633    1.0599
    1.0475   0.86056
    3    1 3.4879200000000D+04 4.3495821000000D+12
   0.81792   0.98562    1.0239    1.0394    1.0478    1.0541    1.0633    1.0599
    1.0475   0.86056
    9    0 3.4879200000000D+04 2.9290000000000D+02
   10    0 3.4879200000000D+04 1.5789285714286D+01
*---+----+-------------------+-------------------+---------+---------------------
*   1: printout of the result at time [hours]
*---+----+-------------------+-------------------+---------+---------------------
    1    0 3.6679200000000D+04
*---+----+-------------------+-------------------+---------+---------------------
    2    1 3.6679200000000D+04 9.4709000000000D+00
   0.84153    1.0142    1.0519    1.0603    1.0591     1.055    1.0491    1.0379
    1.0093   0.82167
    3    1 3.6679200000000D+04 4.5573970800000D+12
   0.84153    1.0142    1.0519    1.0603    1.0591     1.055    1.0491    1.0379
    1.0093   0.82167
    9    0 3.6679200000000D+04 2.9290000000000D+02
   10    0 3.6679200000000D+04 1.5789285714286D+01
*---+----+-------------------+-------------------+---------+---------------------
*   1: printout of the result at time [hours]
*---+----+-------------------+-------------------+---------+---------------------
    1    0 4.1073600000000D+04
*---+----+-------------------+-------------------+---------+---------------------
    2    1 4.1073600000000D+04 1.1384200000000D+01
   0.94253    1.0366    1.0031   0.98496    0.9854   0.99691    1.0182      1.05
    1.0719   0.91038
    3    1 4.1073600000000D+04 5.4131871000000D+12
   0.94253    1.0366    1.0031   0.98496    0.9854   0.99691    1.0182      1.05
    1.0719   0.91038
    9    0 4.1073600000000D+04 2.9290000000000D+02
   10    0 4.1073600000000D+04 1.5789285714286D+01
*---+----+-------------------+-------------------+---------+---------------------
*   1: printout of the result at time [hours]
*---+----+-------------------+-------------------+---------+---------------------
    1    0 4.1361600000000D+04
*---+----+-------------------+-------------------+---------+---------------------
    2    1 4.1361600000000D+04 1.0965300000000D+01
   0.88917   0.97836   0.95684   0.95547   0.97325    1.0018    1.0401    1.0904
    1.1381   0.97644
    3    1 4.1361600000000D+04 5.1657528300000D+12
   0.88917   0.97836   0.95684   0.95547   0.97325    1.0018    1.0401    1.0904
    1.1381   0.97644
    9    0 4.1361600000000D+04 2.8960000000000D+02
   10    0 4.1361600000000D+04 1.5789285714286D+01
* data point #247 end
*  00:  last line of data set (finishing the program)
*---+----+-------------------+-------------------+---------+---------------------
00000    0 4.1361600000000D+04
*---+----+-------------------+-------------------+---------+---------------------
