* data point #240 begin
*
*---+----+-------------------+-------------------+---------+---------------------
*   1: printout of the result at time [hours]
*---+----+-------------------+-------------------+---------+---------------------
    1    0 0.0000000000000D+00
*---+----+-------------------+-------------------+---------+---------------------
    2    1 0.0000000000000D+00 2.7290600000000D+01
   0.59519   0.88672    1.0396    1.1333    1.1851    1.2116    1.1779     1.115
    0.9932   0.66261
    3    1 0.0000000000000D+00 9.4698382000000D+12
   0.59519   0.88672    1.0396    1.1333    1.1851    1.2116    1.1779     1.115
    0.9932   0.66261
    9    0 0.0000000000000D+00 2.9290000000000D+02
   10    0 0.0000000000000D+00 1.5780769230769D+01
*---+----+-------------------+-------------------+---------+---------------------
*   1: printout of the result at time [hours]
*---+----+-------------------+-------------------+---------+---------------------
    1    0 1.4400000000000D+02
*---+----+-------------------+-------------------+---------+---------------------
    2    1 1.4400000000000D+02 2.7021300000000D+01
   0.74549    1.0247    1.1143    1.1421    1.1412    1.1223    1.0878     1.033
   0.93822   0.65075
    3    1 1.4400000000000D+02 9.4142209200000D+12
   0.74549    1.0247    1.1143    1.1421    1.1412    1.1223    1.0878     1.033
   0.93822   0.65075
    9    0 1.4400000000000D+02 2.9290000000000D+02
   10    0 1.4400000000000D+02 1.5780769230769D+01
*---+----+-------------------+-------------------+---------+---------------------
*   1: printout of the result at time [hours]
*---+----+-------------------+-------------------+---------+---------------------
    1    0 3.6000000000000D+03
*---+----+-------------------+-------------------+---------+---------------------
    2    1 3.6000000000000D+03 2.7968300000000D+01
   0.86326     1.119    1.1313    1.1062    1.0791    1.0547     1.032    1.0049
   0.94267    0.6669
    3    1 3.6000000000000D+03 1.0110540450000D+13
   0.86326     1.119    1.1313    1.1062    1.0791    1.0547     1.032    1.0049
   0.94267    0.6669
    9    0 3.6000000000000D+03 2.9290000000000D+02
   10    0 3.6000000000000D+03 1.5780769230769D+01
*---+----+-------------------+-------------------+---------+---------------------
*   1: printout of the result at time [hours]
*---+----+-------------------+-------------------+---------+---------------------
    1    0 6.7920000000000D+03
*---+----+-------------------+-------------------+---------+---------------------
    2    1 6.7920000000000D+03 2.9383500000000D+01
      0.91    1.1775    1.1493    1.1065    1.0692    1.0362    1.0065   0.97718
   0.91735   0.65019
    3    1 6.7920000000000D+03 1.0933600350000D+13
      0.91    1.1775    1.1493    1.1065    1.0692    1.0362    1.0065   0.97718
   0.91735   0.65019
    9    0 6.7920000000000D+03 2.9290000000000D+02
   10    0 6.7920000000000D+03 1.5780769230769D+01
*---+----+-------------------+-------------------+---------+---------------------
*   1: printout of the result at time [hours]
*---+----+-------------------+-------------------+---------+---------------------
    1    0 7.2878000000000D+03
*---+----+-------------------+-------------------+---------+---------------------
    2    1 7.2878000000000D+03 2.8220500000000D+01
   0.84251    1.0909    1.0774    1.0635    1.0584    1.0558    1.0524    1.0445
   0.99945    0.7153
    3    1 7.2878000000000D+03 1.0393610150000D+13
   0.84251    1.0909    1.0774    1.0635    1.0584    1.0558    1.0524    1.0445
   0.99945    0.7153
    9    0 7.2878000000000D+03 2.8920000000000D+02
   10    0 7.2878000000000D+03 1.5780769230769D+01
*---+----+-------------------+-------------------+---------+---------------------
*   1: printout of the result at time [hours]
*---+----+-------------------+-------------------+---------+---------------------
    1    0 7.2898000000000D+03
*---+----+-------------------+-------------------+---------+---------------------
    2    1 7.2898000000000D+03 2.4564200000000D+01
   0.46364   0.74641   0.89683     1.025     1.135     1.221    1.2744    1.2782
     1.185   0.77462
    3    1 7.2898000000000D+03 9.5038889800000D+12
   0.46364   0.74641   0.89683     1.025     1.135     1.221    1.2744    1.2782
     1.185   0.77462
    9    0 7.2898000000000D+03 2.9290000000000D+02
   10    0 7.2898000000000D+03 1.5780769230769D+01
*---+----+-------------------+-------------------+---------+---------------------
*   1: printout of the result at time [hours]
*---+----+-------------------+-------------------+---------+---------------------
    1    0 7.4328000000000D+03
*---+----+-------------------+-------------------+---------+---------------------
    2    1 7.4328000000000D+03 2.5252800000000D+01
   0.60429   0.89891   0.99902    1.0659    1.1166    1.1534    1.1778    1.1664
    1.0879   0.72982
    3    1 7.4328000000000D+03 9.7576819200000D+12
   0.60429   0.89891   0.99902    1.0659    1.1166    1.1534    1.1778    1.1664
    1.0879   0.72982
    9    0 7.4328000000000D+03 2.9290000000000D+02
   10    0 7.4328000000000D+03 1.5780769230769D+01
*---+----+-------------------+-------------------+---------+---------------------
*   1: printout of the result at time [hours]
*---+----+-------------------+-------------------+---------+---------------------
    1    0 1.0888800000000D+04
*---+----+-------------------+-------------------+---------+---------------------
    2    1 1.0888800000000D+04 2.5049800000000D+01
   0.77326    1.0186    1.0404    1.0467    1.0546    1.0651    1.0781    1.0949
    1.0643   0.76416
    3    1 1.0888800000000D+04 9.7744319600000D+12
   0.77326    1.0186    1.0404    1.0467    1.0546    1.0651    1.0781    1.0949
    1.0643   0.76416
    9    0 1.0888800000000D+04 2.9290000000000D+02
   10    0 1.0888800000000D+04 1.5780769230769D+01
*---+----+-------------------+-------------------+---------+---------------------
*   1: printout of the result at time [hours]
*---+----+-------------------+-------------------+---------+---------------------
    1    0 1.4685600000000D+04
*---+----+-------------------+-------------------+---------+---------------------
    2    1 1.4685600000000D+04 2.4133800000000D+01
    0.9028      1.07    1.0354     1.019    1.0145    1.0168    1.0255    1.0419
    1.0479   0.82623
    3    1 1.4685600000000D+04 9.5038904400000D+12
    0.9028      1.07    1.0354     1.019    1.0145    1.0168    1.0255    1.0419
    1.0479   0.82623
    9    0 1.4685600000000D+04 2.9290000000000D+02
   10    0 1.4685600000000D+04 1.5780769230769D+01
*---+----+-------------------+-------------------+---------+---------------------
*   1: printout of the result at time [hours]
*---+----+-------------------+-------------------+---------+---------------------
    1    0 1.5263000000000D+04
*---+----+-------------------+-------------------+---------+---------------------
    2    1 1.5263000000000D+04 2.2296900000000D+01
   0.83891   0.98372   0.97242   0.97718   0.99565    1.0215    1.0542    1.0968
    1.1409   0.91874
    3    1 1.5263000000000D+04 8.6578862700000D+12
   0.83891   0.98372   0.97242   0.97718   0.99565    1.0215    1.0542    1.0968
    1.1409   0.91874
    9    0 1.5263000000000D+04 2.8810000000000D+02
   10    0 1.5263000000000D+04 1.5780769230769D+01
*---+----+-------------------+-------------------+---------+---------------------
*   1: printout of the result at time [hours]
*---+----+-------------------+-------------------+---------+---------------------
    1    0 1.5265000000000D+04
*---+----+-------------------+-------------------+---------+---------------------
    2    1 1.5265000000000D+04 2.7193600000000D+01
   0.53928   0.79188   0.90933    1.0171    1.1166    1.1976    1.2505    1.2688
     1.181     0.728
    3    1 1.5265000000000D+04 1.1867287040000D+13
   0.53928   0.79188   0.90933    1.0171    1.1166    1.1976    1.2505    1.2688
     1.181     0.728
    9    0 1.5265000000000D+04 2.9290000000000D+02
   10    0 1.5265000000000D+04 1.5780769230769D+01
*---+----+-------------------+-------------------+---------+---------------------
*   1: printout of the result at time [hours]
*---+----+-------------------+-------------------+---------+---------------------
    1    0 1.5408000000000D+04
*---+----+-------------------+-------------------+---------+---------------------
    2    1 1.5408000000000D+04 2.7320600000000D+01
   0.71649   0.97238    1.0301    1.0678    1.0992    1.1226    1.1385    1.1268
    1.0574   0.66873
    3    1 1.5408000000000D+04 1.1919977780000D+13
   0.71649   0.97238    1.0301    1.0678    1.0992    1.1226    1.1385    1.1268
    1.0574   0.66873
    9    0 1.5408000000000D+04 2.9290000000000D+02
   10    0 1.5408000000000D+04 1.5780769230769D+01
*---+----+-------------------+-------------------+---------+---------------------
*   1: printout of the result at time [hours]
*---+----+-------------------+-------------------+---------+---------------------
    1    0 1.8864000000000D+04
*---+----+-------------------+-------------------+---------+---------------------
    2    1 1.8864000000000D+04 2.5783800000000D+01
   0.91585    1.0749    1.0412    1.0262     1.023    1.0268    1.0372    1.0549
    1.0523   0.74764
    3    1 1.8864000000000D+04 1.1331980100000D+13
   0.91585    1.0749    1.0412    1.0262     1.023    1.0268    1.0372    1.0549
    1.0523   0.74764
    9    0 1.8864000000000D+04 2.9290000000000D+02
   10    0 1.8864000000000D+04 1.5780769230769D+01
*---+----+-------------------+-------------------+---------+---------------------
*   1: printout of the result at time [hours]
*---+----+-------------------+-------------------+---------+---------------------
    1    0 1.9240800000000D+04
*---+----+-------------------+-------------------+---------+---------------------
    2    1 1.9240800000000D+04 2.5667300000000D+01
   0.93555    1.0818    1.0407    1.0231    1.0179      1.02    1.0292    1.0472
    1.0492   0.75544
    3    1 1.9240800000000D+04 1.1291045270000D+13
   0.93555    1.0818    1.0407    1.0231    1.0179      1.02    1.0292    1.0472
    1.0492   0.75544
    9    0 1.9240800000000D+04 2.9290000000000D+02
   10    0 1.9240800000000D+04 1.5780769230769D+01
*---+----+-------------------+-------------------+---------+---------------------
*   1: printout of the result at time [hours]
*---+----+-------------------+-------------------+---------+---------------------
    1    0 2.0223800000000D+04
*---+----+-------------------+-------------------+---------+---------------------
    2    1 2.0223800000000D+04 2.1970900000000D+01
   0.81499   0.92814    0.9244    0.9447   0.98102    1.0259    1.0803    1.1495
    1.2225   0.92846
    3    1 2.0223800000000D+04 9.3771801200000D+12
   0.81499   0.92814    0.9244    0.9447   0.98102    1.0259    1.0803    1.1495
    1.2225   0.92846
    9    0 2.0223800000000D+04 2.8270000000000D+02
   10    0 2.0223800000000D+04 1.5780769230769D+01
*---+----+-------------------+-------------------+---------+---------------------
*   1: printout of the result at time [hours]
*---+----+-------------------+-------------------+---------+---------------------
    1    0 2.0225800000000D+04
*---+----+-------------------+-------------------+---------+---------------------
    2    1 2.0225800000000D+04 2.1416200000000D+01
   0.48856   0.70045   0.82195   0.93672    1.0483    1.1523    1.2428    1.3091
    1.3178   0.98197
    3    1 2.0225800000000D+04 1.0183403100000D+13
   0.48856   0.70045   0.82195   0.93672    1.0483    1.1523    1.2428    1.3091
    1.3178   0.98197
    9    0 2.0225800000000D+04 2.9060000000000D+02
   10    0 2.0225800000000D+04 1.5780769230769D+01
*---+----+-------------------+-------------------+---------+---------------------
*   1: printout of the result at time [hours]
*---+----+-------------------+-------------------+---------+---------------------
    1    0 2.0376000000000D+04
*---+----+-------------------+-------------------+---------+---------------------
    2    1 2.0376000000000D+04 2.1620000000000D+01
    0.6611   0.88164   0.95768    1.0118    1.0584       1.1    1.1365    1.1641
    1.1546   0.87419
    3    1 2.0376000000000D+04 1.0258690000000D+13
    0.6611   0.88164   0.95768    1.0118    1.0584       1.1    1.1365    1.1641
    1.1546   0.87419
    9    0 2.0376000000000D+04 2.9060000000000D+02
   10    0 2.0376000000000D+04 1.5780769230769D+01
*---+----+-------------------+-------------------+---------+---------------------
*   1: printout of the result at time [hours]
*---+----+-------------------+-------------------+---------+---------------------
    1    0 2.4014400000000D+04
*---+----+-------------------+-------------------+---------+---------------------
    2    1 2.4014400000000D+04 2.1183800000000D+01
   0.84064    1.0247      1.03    1.0255    1.0273    1.0353    1.0492    1.0675
     1.066   0.83375
    3    1 2.4014400000000D+04 1.0166105620000D+13
   0.84064    1.0247      1.03    1.0255    1.0273    1.0353    1.0492    1.0675
     1.066   0.83375
    9    0 2.4014400000000D+04 2.9060000000000D+02
   10    0 2.4014400000000D+04 1.5780769230769D+01
*---+----+-------------------+-------------------+---------+---------------------
*   1: printout of the result at time [hours]
*---+----+-------------------+-------------------+---------+---------------------
    1    0 2.7424800000000D+04
*---+----+-------------------+-------------------+---------+---------------------
    2    1 2.7424800000000D+04 2.0754800000000D+01
   0.93463    1.0669    1.0375    1.0218    1.0145    1.0117    1.0139    1.0241
    1.0291   0.84597
    3    1 2.7424800000000D+04 9.9830588000000D+12
   0.93463    1.0669    1.0375    1.0218    1.0145    1.0117    1.0139    1.0241
    1.0291   0.84597
    9    0 2.7424800000000D+04 2.9060000000000D+02
   10    0 2.7424800000000D+04 1.5780769230769D+01
*---+----+-------------------+-------------------+---------+---------------------
*   1: printout of the result at time [hours]
*---+----+-------------------+-------------------+---------+---------------------
    1    0 2.9108600000000D+04
*---+----+-------------------+-------------------+---------+---------------------
    2    1 2.9108600000000D+04 2.0621100000000D+01
   0.99413     1.056    1.0174   0.99893   0.99306   0.99262   0.99786    1.0149
    1.0387   0.89631
    3    1 2.9108600000000D+04 9.8960658900000D+12
   0.99413     1.056    1.0174   0.99893   0.99306   0.99262   0.99786    1.0149
    1.0387   0.89631
    9    0 2.9108600000000D+04 2.9060000000000D+02
   10    0 2.9108600000000D+04 1.5780769230769D+01
*---+----+-------------------+-------------------+---------+---------------------
*   1: printout of the result at time [hours]
*---+----+-------------------+-------------------+---------+---------------------
    1    0 2.9110600000000D+04
*---+----+-------------------+-------------------+---------+---------------------
    2    1 2.9110600000000D+04 9.3899000000000D+00
    0.5261   0.71854   0.85709   0.97797      1.08    1.1617    1.2186    1.2488
     1.229   0.98223
    3    1 2.9110600000000D+04 4.6461225200000D+12
    0.5261   0.71854   0.85709   0.97797      1.08    1.1617    1.2186    1.2488
     1.229   0.98223
    9    0 2.9110600000000D+04 2.9290000000000D+02
   10    0 2.9110600000000D+04 1.5780769230769D+01
*---+----+-------------------+-------------------+---------+---------------------
*   1: printout of the result at time [hours]
*---+----+-------------------+-------------------+---------+---------------------
    1    0 2.9253600000000D+04
*---+----+-------------------+-------------------+---------+---------------------
    2    1 2.9253600000000D+04 9.7049000000000D+00
    0.7116   0.89553   0.98167    1.0369    1.0724    1.0955    1.1123     1.107
    1.0938   0.89326
    3    1 2.9253600000000D+04 4.7369616900000D+12
    0.7116   0.89553   0.98167    1.0369    1.0724    1.0955    1.1123     1.107
    1.0938   0.89326
    9    0 2.9253600000000D+04 2.9290000000000D+02
   10    0 2.9253600000000D+04 1.5780769230769D+01
*---+----+-------------------+-------------------+---------+---------------------
*   1: printout of the result at time [hours]
*---+----+-------------------+-------------------+---------+---------------------
    1    0 3.2709600000000D+04
*---+----+-------------------+-------------------+---------+---------------------
    2    1 3.2709600000000D+04 1.0851200000000D+01
   0.81659   0.99289    1.0415    1.0572    1.0619    1.0632    1.0619    1.0532
    1.0253   0.82627
    3    1 3.2709600000000D+04 5.3279392000000D+12
   0.81659   0.99289    1.0415    1.0572    1.0619    1.0632    1.0619    1.0532
    1.0253   0.82627
    9    0 3.2709600000000D+04 2.9290000000000D+02
   10    0 3.2709600000000D+04 1.5780769230769D+01
*---+----+-------------------+-------------------+---------+---------------------
*   1: printout of the result at time [hours]
*---+----+-------------------+-------------------+---------+---------------------
    1    0 3.4509600000000D+04
*---+----+-------------------+-------------------+---------+---------------------
    2    1 3.4509600000000D+04 1.1427700000000D+01
   0.83508    1.0224    1.0728    1.0809    1.0753    1.0654    1.0524    1.0307
    0.9841   0.78091
    3    1 3.4509600000000D+04 5.6269994800000D+12
   0.83508    1.0224    1.0728    1.0809    1.0753    1.0654    1.0524    1.0307
    0.9841   0.78091
    9    0 3.4509600000000D+04 2.9290000000000D+02
   10    0 3.4509600000000D+04 1.5780769230769D+01
*---+----+-------------------+-------------------+---------+---------------------
*   1: printout of the result at time [hours]
*---+----+-------------------+-------------------+---------+---------------------
    1    0 3.8904000000000D+04
*---+----+-------------------+-------------------+---------+---------------------
    2    1 3.8904000000000D+04 1.3330400000000D+01
   0.93148    1.0376    1.0159   0.99967   0.99974    1.0097    1.0281    1.0529
    1.0565   0.86839
    3    1 3.8904000000000D+04 6.4945708800000D+12
   0.93148    1.0376    1.0159   0.99967   0.99974    1.0097    1.0281    1.0529
    1.0565   0.86839
    9    0 3.8904000000000D+04 2.9290000000000D+02
   10    0 3.8904000000000D+04 1.5780769230769D+01
*---+----+-------------------+-------------------+---------+---------------------
*   1: printout of the result at time [hours]
*---+----+-------------------+-------------------+---------+---------------------
    1    0 3.9192000000000D+04
*---+----+-------------------+-------------------+---------+---------------------
    2    1 3.9192000000000D+04 1.2844000000000D+01
   0.87854    0.9796   0.96917   0.97018   0.98832    1.0161    1.0522    1.0959
    1.1176   0.93226
    3    1 3.9192000000000D+04 6.2023676000000D+12
   0.87854    0.9796   0.96917   0.97018   0.98832    1.0161    1.0522    1.0959
    1.1176   0.93226
    9    0 3.9192000000000D+04 2.8960000000000D+02
   10    0 3.9192000000000D+04 1.5780769230769D+01
* data point #240 end
*  00:  last line of data set (finishing the program)
*---+----+-------------------+-------------------+---------+---------------------
00000    0 3.9192000000000D+04
*---+----+-------------------+-------------------+---------+---------------------
