* data point #2668 begin
*
*---+----+-------------------+-------------------+---------+---------------------
*   1: printout of the result at time [hours]
*---+----+-------------------+-------------------+---------+---------------------
    1    0 0.0000000000000D+00
*---+----+-------------------+-------------------+---------+---------------------
    2    1 0.0000000000000D+00 3.2492700000000D+01
   0.44782   0.78251   0.94261    1.0592    1.1512    1.2201    1.2615    1.2622
    1.1709   0.70203
    3    1 0.0000000000000D+00 1.0823318370000D+13
   0.44782   0.78251   0.94261    1.0592    1.1512    1.2201    1.2615    1.2622
    1.1709   0.70203
    9    0 0.0000000000000D+00 2.9290000000000D+02
   10    0 0.0000000000000D+00 1.5789285714286D+01
*---+----+-------------------+-------------------+---------+---------------------
*   1: printout of the result at time [hours]
*---+----+-------------------+-------------------+---------+---------------------
    1    0 1.4400000000000D+02
*---+----+-------------------+-------------------+---------+---------------------
    2    1 1.4400000000000D+02 3.1774700000000D+01
    0.6142    0.9815    1.0823    1.1217    1.1385    1.1441    1.1366    1.1131
    1.0315   0.63642
    3    1 1.4400000000000D+02 1.0615927270000D+13
    0.6142    0.9815    1.0823    1.1217    1.1385    1.1441    1.1366    1.1131
    1.0315   0.63642
    9    0 1.4400000000000D+02 2.9290000000000D+02
   10    0 1.4400000000000D+02 1.5789285714286D+01
*---+----+-------------------+-------------------+---------+---------------------
*   1: printout of the result at time [hours]
*---+----+-------------------+-------------------+---------+---------------------
    1    0 3.6000000000000D+03
*---+----+-------------------+-------------------+---------+---------------------
    2    1 3.6000000000000D+03 2.9870800000000D+01
   0.76068    1.1016    1.1269    1.1111    1.0931    1.0777    1.0644    1.0465
   0.98387   0.63413
    3    1 3.6000000000000D+03 1.0415947960000D+13
   0.76068    1.1016    1.1269    1.1111    1.0931    1.0777    1.0644    1.0465
   0.98387   0.63413
    9    0 3.6000000000000D+03 2.9290000000000D+02
   10    0 3.6000000000000D+03 1.5789285714286D+01
*---+----+-------------------+-------------------+---------+---------------------
*   1: printout of the result at time [hours]
*---+----+-------------------+-------------------+---------+---------------------
    1    0 6.1200000000000D+03
*---+----+-------------------+-------------------+---------+---------------------
    2    1 6.1200000000000D+03 2.8888700000000D+01
   0.81703    1.1309    1.1398    1.1141    1.0871    1.0624    1.0399    1.0157
    0.9556   0.63758
    3    1 6.1200000000000D+03 1.0310377030000D+13
   0.81703    1.1309    1.1398    1.1141    1.0871    1.0624    1.0399    1.0157
    0.9556   0.63758
    9    0 6.1200000000000D+03 2.9290000000000D+02
   10    0 6.1200000000000D+03 1.5789285714286D+01
*---+----+-------------------+-------------------+---------+---------------------
*   1: printout of the result at time [hours]
*---+----+-------------------+-------------------+---------+---------------------
    1    0 1.0113600000000D+04
*---+----+-------------------+-------------------+---------+---------------------
    2    1 1.0113600000000D+04 2.7887000000000D+01
   0.91344    1.1214    1.0652     1.036    1.0232    1.0178    1.0186     1.028
     1.021   0.75537
    3    1 1.0113600000000D+04 1.0189909800000D+13
   0.91344    1.1214    1.0652     1.036    1.0232    1.0178    1.0186     1.028
     1.021   0.75537
    9    0 1.0113600000000D+04 2.9290000000000D+02
   10    0 1.0113600000000D+04 1.5789285714286D+01
*---+----+-------------------+-------------------+---------+---------------------
*   1: printout of the result at time [hours]
*---+----+-------------------+-------------------+---------+---------------------
    1    0 1.0460600000000D+04
*---+----+-------------------+-------------------+---------+---------------------
    2    1 1.0460600000000D+04 2.7066500000000D+01
    0.8734     1.062    1.0291    1.0153    1.0174    1.0255    1.0391    1.0618
    1.0728   0.80361
    3    1 1.0460600000000D+04 9.8440860500000D+12
    0.8734     1.062    1.0291    1.0153    1.0174    1.0255    1.0391    1.0618
    1.0728   0.80361
    9    0 1.0460600000000D+04 2.9050000000000D+02
   10    0 1.0460600000000D+04 1.5789285714286D+01
*---+----+-------------------+-------------------+---------+---------------------
*   1: printout of the result at time [hours]
*---+----+-------------------+-------------------+---------+---------------------
    1    0 1.0462600000000D+04
*---+----+-------------------+-------------------+---------+---------------------
    2    1 1.0462600000000D+04 2.9090800000000D+01
   0.51078   0.83147   0.99777    1.1163    1.1956     1.238    1.2361    1.1842
    1.0471   0.64271
    3    1 1.0462600000000D+04 1.1589774720000D+13
   0.51078   0.83147   0.99777    1.1163    1.1956     1.238    1.2361    1.1842
    1.0471   0.64271
    9    0 1.0462600000000D+04 2.9290000000000D+02
   10    0 1.0462600000000D+04 1.5789285714286D+01
*---+----+-------------------+-------------------+---------+---------------------
*   1: printout of the result at time [hours]
*---+----+-------------------+-------------------+---------+---------------------
    1    0 1.0605600000000D+04
*---+----+-------------------+-------------------+---------+---------------------
    2    1 1.0605600000000D+04 2.9090600000000D+01
   0.64887   0.97568    1.0853    1.1384    1.1607    1.1611    1.1405    1.0906
   0.97774   0.62099
    3    1 1.0605600000000D+04 1.1586785980000D+13
   0.64887   0.97568    1.0853    1.1384    1.1607    1.1611    1.1405    1.0906
   0.97774   0.62099
    9    0 1.0605600000000D+04 2.9290000000000D+02
   10    0 1.0605600000000D+04 1.5789285714286D+01
*---+----+-------------------+-------------------+---------+---------------------
*   1: printout of the result at time [hours]
*---+----+-------------------+-------------------+---------+---------------------
    1    0 1.4061600000000D+04
*---+----+-------------------+-------------------+---------+---------------------
    2    1 1.4061600000000D+04 2.7594000000000D+01
   0.80373     1.053     1.078    1.0704    1.0681    1.0679    1.0686    1.0633
    1.0168   0.70997
    3    1 1.4061600000000D+04 1.1147976000000D+13
   0.80373     1.053     1.078    1.0704    1.0681    1.0679    1.0686    1.0633
    1.0168   0.70997
    9    0 1.4061600000000D+04 2.9290000000000D+02
   10    0 1.4061600000000D+04 1.5789285714286D+01
*---+----+-------------------+-------------------+---------+---------------------
*   1: printout of the result at time [hours]
*---+----+-------------------+-------------------+---------+---------------------
    1    0 1.7253600000000D+04
*---+----+-------------------+-------------------+---------+---------------------
    2    1 1.7253600000000D+04 2.5926100000000D+01
   0.91464    1.0806    1.0492    1.0319    1.0241    1.0222    1.0256    1.0341
    1.0275   0.79017
    3    1 1.7253600000000D+04 1.0557107920000D+13
   0.91464    1.0806    1.0492    1.0319    1.0241    1.0222    1.0256    1.0341
    1.0275   0.79017
    9    0 1.7253600000000D+04 2.9290000000000D+02
   10    0 1.7253600000000D+04 1.5789285714286D+01
*---+----+-------------------+-------------------+---------+---------------------
*   1: printout of the result at time [hours]
*---+----+-------------------+-------------------+---------+---------------------
    1    0 1.7749400000000D+04
*---+----+-------------------+-------------------+---------+---------------------
    2    1 1.7749400000000D+04 2.4449400000000D+01
   0.85859     1.005    0.9952   0.99741    1.0108    1.0299    1.0537    1.0829
    1.1018   0.86464
    3    1 1.7749400000000D+04 9.8555531400000D+12
   0.85859     1.005    0.9952   0.99741    1.0108    1.0299    1.0537    1.0829
    1.1018   0.86464
    9    0 1.7749400000000D+04 2.8920000000000D+02
   10    0 1.7749400000000D+04 1.5789285714286D+01
*---+----+-------------------+-------------------+---------+---------------------
*   1: printout of the result at time [hours]
*---+----+-------------------+-------------------+---------+---------------------
    1    0 1.7751400000000D+04
*---+----+-------------------+-------------------+---------+---------------------
    2    1 1.7751400000000D+04 2.1683600000000D+01
   0.50167   0.78543    0.9385    1.0562    1.1485    1.2144    1.2527     1.236
    1.1333   0.73332
    3    1 1.7751400000000D+04 9.4800699200000D+12
   0.50167   0.78543    0.9385    1.0562    1.1485    1.2144    1.2527     1.236
    1.1333   0.73332
    9    0 1.7751400000000D+04 2.9290000000000D+02
   10    0 1.7751400000000D+04 1.5789285714286D+01
*---+----+-------------------+-------------------+---------+---------------------
*   1: printout of the result at time [hours]
*---+----+-------------------+-------------------+---------+---------------------
    1    0 1.7894400000000D+04
*---+----+-------------------+-------------------+---------+---------------------
    2    1 1.7894400000000D+04 2.2014900000000D+01
   0.63943   0.92474     1.026     1.084     1.122    1.1459    1.1583    1.1381
    1.0558   0.70579
    3    1 1.7894400000000D+04 9.5896904400000D+12
   0.63943   0.92474     1.026     1.084     1.122    1.1459    1.1583    1.1381
    1.0558   0.70579
    9    0 1.7894400000000D+04 2.9290000000000D+02
   10    0 1.7894400000000D+04 1.5789285714286D+01
*---+----+-------------------+-------------------+---------+---------------------
*   1: printout of the result at time [hours]
*---+----+-------------------+-------------------+---------+---------------------
    1    0 2.1350400000000D+04
*---+----+-------------------+-------------------+---------+---------------------
    2    1 2.1350400000000D+04 2.1766700000000D+01
   0.79254    1.0164    1.0431    1.0498    1.0562    1.0652    1.0761     1.089
    1.0518   0.75969
    3    1 2.1350400000000D+04 9.5011645500000D+12
   0.79254    1.0164    1.0431    1.0498    1.0562    1.0652    1.0761     1.089
    1.0518   0.75969
    9    0 2.1350400000000D+04 2.9290000000000D+02
   10    0 2.1350400000000D+04 1.5789285714286D+01
*---+----+-------------------+-------------------+---------+---------------------
*   1: printout of the result at time [hours]
*---+----+-------------------+-------------------+---------+---------------------
    1    0 2.5147200000000D+04
*---+----+-------------------+-------------------+---------+---------------------
    2    1 2.5147200000000D+04 2.1048200000000D+01
   0.91637    1.0449    1.0267    1.0151     1.014    1.0195    1.0306    1.0473
    1.0532   0.83238
    3    1 2.5147200000000D+04 9.2022730400000D+12
   0.91637    1.0449    1.0267    1.0151     1.014    1.0195    1.0306    1.0473
    1.0532   0.83238
    9    0 2.5147200000000D+04 2.9290000000000D+02
   10    0 2.5147200000000D+04 1.5789285714286D+01
*---+----+-------------------+-------------------+---------+---------------------
*   1: printout of the result at time [hours]
*---+----+-------------------+-------------------+---------+---------------------
    1    0 2.5724600000000D+04
*---+----+-------------------+-------------------+---------+---------------------
    2    1 2.5724600000000D+04 1.9535200000000D+01
   0.85082    0.9681   0.96375   0.97276   0.99467    1.0238    1.0592    1.1021
     1.142    0.9228
    3    1 2.5724600000000D+04 8.4177176800000D+12
   0.85082    0.9681   0.96375   0.97276   0.99467    1.0238    1.0592    1.1021
     1.142    0.9228
    9    0 2.5724600000000D+04 2.8810000000000D+02
   10    0 2.5724600000000D+04 1.5789285714286D+01
*---+----+-------------------+-------------------+---------+---------------------
*   1: printout of the result at time [hours]
*---+----+-------------------+-------------------+---------+---------------------
    1    0 2.5726600000000D+04
*---+----+-------------------+-------------------+---------+---------------------
    2    1 2.5726600000000D+04 5.7880000000000D+00
    0.5057   0.77522   0.93072    1.0458    1.1327    1.1952    1.2367    1.2313
    1.1569   0.78974
    3    1 2.5726600000000D+04 2.6902624000000D+12
    0.5057   0.77522   0.93072    1.0458    1.1327    1.1952    1.2367    1.2313
    1.1569   0.78974
    9    0 2.5726600000000D+04 2.9480000000000D+02
   10    0 2.5726600000000D+04 1.5789285714286D+01
*---+----+-------------------+-------------------+---------+---------------------
*   1: printout of the result at time [hours]
*---+----+-------------------+-------------------+---------+---------------------
    1    0 2.5888800000000D+04
*---+----+-------------------+-------------------+---------+---------------------
    2    1 2.5888800000000D+04 6.0867000000000D+00
    0.6621    0.9317    1.0311    1.0802    1.1068    1.1218    1.1313    1.1187
    1.0636   0.75262
    3    1 2.5888800000000D+04 2.7913606200000D+12
    0.6621    0.9317    1.0311    1.0802    1.1068    1.1218    1.1313    1.1187
    1.0636   0.75262
    9    0 2.5888800000000D+04 2.9480000000000D+02
   10    0 2.5888800000000D+04 1.5789285714286D+01
*---+----+-------------------+-------------------+---------+---------------------
*   1: printout of the result at time [hours]
*---+----+-------------------+-------------------+---------+---------------------
    1    0 2.6815200000000D+04
*---+----+-------------------+-------------------+---------+---------------------
    2    1 2.6815200000000D+04 6.1691000000000D+00
   0.69102   0.95411    1.0395    1.0773    1.0968    1.1078    1.1165    1.1058
    1.0562   0.75489
    3    1 2.6815200000000D+04 2.8112588700000D+12
   0.69102   0.95411    1.0395    1.0773    1.0968    1.1078    1.1165    1.1058
    1.0562   0.75489
    9    0 2.6815200000000D+04 2.9480000000000D+02
   10    0 2.6815200000000D+04 1.5789285714286D+01
*---+----+-------------------+-------------------+---------+---------------------
*   1: printout of the result at time [hours]
*---+----+-------------------+-------------------+---------+---------------------
    1    0 2.6817600000000D+04
*---+----+-------------------+-------------------+---------+---------------------
    2    1 2.6817600000000D+04 6.6894000000000D+00
   0.70619   0.96825    1.0484    1.0811    1.0958    1.1043    1.1046    1.0958
    1.0463   0.74939
    3    1 2.6817600000000D+04 3.0229398600000D+12
   0.70619   0.96825    1.0484    1.0811    1.0958    1.1043    1.1046    1.0958
    1.0463   0.74939
    9    0 2.6817600000000D+04 2.9060000000000D+02
   10    0 2.6817600000000D+04 1.5789285714286D+01
*---+----+-------------------+-------------------+---------+---------------------
*   1: printout of the result at time [hours]
*---+----+-------------------+-------------------+---------+---------------------
    1    0 2.9594400000000D+04
*---+----+-------------------+-------------------+---------+---------------------
    2    1 2.9594400000000D+04 6.9407000000000D+00
   0.79833    1.0228    1.0585    1.0634     1.063    1.0629    1.0637    1.0623
     1.033   0.77197
    3    1 2.9594400000000D+04 3.0830589400000D+12
   0.79833    1.0228    1.0585    1.0634     1.063    1.0629    1.0637    1.0623
     1.033   0.77197
    9    0 2.9594400000000D+04 2.9060000000000D+02
   10    0 2.9594400000000D+04 1.5789285714286D+01
*---+----+-------------------+-------------------+---------+---------------------
*   1: printout of the result at time [hours]
*---+----+-------------------+-------------------+---------+---------------------
    1    0 3.1278200000000D+04
*---+----+-------------------+-------------------+---------+---------------------
    2    1 3.1278200000000D+04 7.0415000000000D+00
   0.82752    1.0356    1.0627    1.0628    1.0589    1.0552    1.0523    1.0484
    1.0204   0.77626
    3    1 3.1278200000000D+04 3.1024849000000D+12
   0.82752    1.0356    1.0627    1.0628    1.0589    1.0552    1.0523    1.0484
    1.0204   0.77626
    9    0 3.1278200000000D+04 2.9060000000000D+02
   10    0 3.1278200000000D+04 1.5789285714286D+01
*---+----+-------------------+-------------------+---------+---------------------
*   1: printout of the result at time [hours]
*---+----+-------------------+-------------------+---------+---------------------
    1    0 3.1280200000000D+04
*---+----+-------------------+-------------------+---------+---------------------
    2    1 3.1280200000000D+04 3.3050000000000D+00
    0.5177   0.70711   0.83933   0.96006    1.0663    1.1549    1.2212    1.2578
    1.2623    1.0133
    3    1 3.1280200000000D+04 1.6353140000000D+12
    0.5177   0.70711   0.83933   0.96006    1.0663    1.1549    1.2212    1.2578
    1.2623    1.0133
    9    0 3.1280200000000D+04 2.9290000000000D+02
   10    0 3.1280200000000D+04 1.5789285714286D+01
*---+----+-------------------+-------------------+---------+---------------------
*   1: printout of the result at time [hours]
*---+----+-------------------+-------------------+---------+---------------------
    1    0 3.1423200000000D+04
*---+----+-------------------+-------------------+---------+---------------------
    2    1 3.1423200000000D+04 3.5336000000000D+00
   0.70325   0.88607   0.96587    1.0219    1.0618    1.0904    1.1099    1.1246
    1.1167   0.91946
    3    1 3.1423200000000D+04 1.7169762400000D+12
   0.70325   0.88607   0.96587    1.0219    1.0618    1.0904    1.1099    1.1246
    1.1167   0.91946
    9    0 3.1423200000000D+04 2.9290000000000D+02
   10    0 3.1423200000000D+04 1.5789285714286D+01
*---+----+-------------------+-------------------+---------+---------------------
*   1: printout of the result at time [hours]
*---+----+-------------------+-------------------+---------+---------------------
    1    0 3.4879200000000D+04
*---+----+-------------------+-------------------+---------+---------------------
    2    1 3.4879200000000D+04 4.1694000000000D+00
   0.81786   0.98575    1.0239    1.0395    1.0479    1.0541    1.0632    1.0599
    1.0474   0.86056
    3    1 3.4879200000000D+04 1.9679568000000D+12
   0.81786   0.98575    1.0239    1.0395    1.0479    1.0541    1.0632    1.0599
    1.0474   0.86056
    9    0 3.4879200000000D+04 2.9290000000000D+02
   10    0 3.4879200000000D+04 1.5789285714286D+01
*---+----+-------------------+-------------------+---------+---------------------
*   1: printout of the result at time [hours]
*---+----+-------------------+-------------------+---------+---------------------
    1    0 3.6679200000000D+04
*---+----+-------------------+-------------------+---------+---------------------
    2    1 3.6679200000000D+04 4.4752000000000D+00
   0.84153     1.014    1.0518    1.0603    1.0592    1.0551    1.0491    1.0379
    1.0093   0.82164
    3    1 3.6679200000000D+04 2.0867857600000D+12
   0.84153     1.014    1.0518    1.0603    1.0592    1.0551    1.0491    1.0379
    1.0093   0.82164
    9    0 3.6679200000000D+04 2.9290000000000D+02
   10    0 3.6679200000000D+04 1.5789285714286D+01
*---+----+-------------------+-------------------+---------+---------------------
*   1: printout of the result at time [hours]
*---+----+-------------------+-------------------+---------+---------------------
    1    0 4.1073600000000D+04
*---+----+-------------------+-------------------+---------+---------------------
    2    1 4.1073600000000D+04 5.7478000000000D+00
   0.94262    1.0366    1.0032    0.9849   0.98542    0.9969    1.0181      1.05
    1.0719   0.91044
    3    1 4.1073600000000D+04 2.5658179200000D+12
   0.94262    1.0366    1.0032    0.9849   0.98542    0.9969    1.0181      1.05
    1.0719   0.91044
    9    0 4.1073600000000D+04 2.9290000000000D+02
   10    0 4.1073600000000D+04 1.5789285714286D+01
*---+----+-------------------+-------------------+---------+---------------------
*   1: printout of the result at time [hours]
*---+----+-------------------+-------------------+---------+---------------------
    1    0 4.1361600000000D+04
*---+----+-------------------+-------------------+---------+---------------------
    2    1 4.1361600000000D+04 5.5301000000000D+00
   0.88913   0.97828   0.95694    0.9555   0.97322    1.0018    1.0401    1.0904
    1.1381   0.97647
    3    1 4.1361600000000D+04 2.4470692500000D+12
   0.88913   0.97828   0.95694    0.9555   0.97322    1.0018    1.0401    1.0904
    1.1381   0.97647
    9    0 4.1361600000000D+04 2.8960000000000D+02
   10    0 4.1361600000000D+04 1.5789285714286D+01
* data point #2668 end
*  00:  last line of data set (finishing the program)
*---+----+-------------------+-------------------+---------+---------------------
00000    0 4.1361600000000D+04
*---+----+-------------------+-------------------+---------+---------------------
