* data point #2782 begin
*
*---+----+-------------------+-------------------+---------+---------------------
*   1: printout of the result at time [hours]
*---+----+-------------------+-------------------+---------+---------------------
    1    0 0.0000000000000D+00
*---+----+-------------------+-------------------+---------+---------------------
    2    1 0.0000000000000D+00 3.2938900000000D+01
   0.59519    0.8867    1.0396    1.1333     1.185    1.2116    1.1779    1.1149
   0.99317   0.66262
    3    1 0.0000000000000D+00 1.0840191990000D+13
   0.59519    0.8867    1.0396    1.1333     1.185    1.2116    1.1779    1.1149
   0.99317   0.66262
    9    0 0.0000000000000D+00 2.9290000000000D+02
   10    0 0.0000000000000D+00 1.5780769230769D+01
*---+----+-------------------+-------------------+---------+---------------------
*   1: printout of the result at time [hours]
*---+----+-------------------+-------------------+---------+---------------------
    1    0 1.4400000000000D+02
*---+----+-------------------+-------------------+---------+---------------------
    2    1 1.4400000000000D+02 3.2479200000000D+01
   0.74549    1.0247    1.1143    1.1421    1.1412    1.1223    1.0878     1.033
   0.93823   0.65075
    3    1 1.4400000000000D+02 1.0744119360000D+13
   0.74549    1.0247    1.1143    1.1421    1.1412    1.1223    1.0878     1.033
   0.93823   0.65075
    9    0 1.4400000000000D+02 2.9290000000000D+02
   10    0 1.4400000000000D+02 1.5780769230769D+01
*---+----+-------------------+-------------------+---------+---------------------
*   1: printout of the result at time [hours]
*---+----+-------------------+-------------------+---------+---------------------
    1    0 3.6000000000000D+03
*---+----+-------------------+-------------------+---------+---------------------
    2    1 3.6000000000000D+03 3.3065600000000D+01
   0.86325     1.119    1.1313    1.1062    1.0791    1.0547     1.032    1.0049
   0.94267   0.66689
    3    1 3.6000000000000D+03 1.1536587840000D+13
   0.86325     1.119    1.1313    1.1062    1.0791    1.0547     1.032    1.0049
   0.94267   0.66689
    9    0 3.6000000000000D+03 2.9290000000000D+02
   10    0 3.6000000000000D+03 1.5780769230769D+01
*---+----+-------------------+-------------------+---------+---------------------
*   1: printout of the result at time [hours]
*---+----+-------------------+-------------------+---------+---------------------
    1    0 6.7920000000000D+03
*---+----+-------------------+-------------------+---------+---------------------
    2    1 6.7920000000000D+03 3.3778800000000D+01
   0.91001    1.1775    1.1493    1.1066    1.0692    1.0362    1.0065   0.97718
   0.91735    0.6502
    3    1 6.7920000000000D+03 1.2248192880000D+13
   0.91001    1.1775    1.1493    1.1066    1.0692    1.0362    1.0065   0.97718
   0.91735    0.6502
    9    0 6.7920000000000D+03 2.9290000000000D+02
   10    0 6.7920000000000D+03 1.5780769230769D+01
*---+----+-------------------+-------------------+---------+---------------------
*   1: printout of the result at time [hours]
*---+----+-------------------+-------------------+---------+---------------------
    1    0 7.2878000000000D+03
*---+----+-------------------+-------------------+---------+---------------------
    2    1 7.2878000000000D+03 3.2351000000000D+01
   0.84251    1.0909    1.0774    1.0635    1.0584    1.0558    1.0524    1.0444
   0.99944   0.71528
    3    1 7.2878000000000D+03 1.1639889800000D+13
   0.84251    1.0909    1.0774    1.0635    1.0584    1.0558    1.0524    1.0444
   0.99944   0.71528
    9    0 7.2878000000000D+03 2.8920000000000D+02
   10    0 7.2878000000000D+03 1.5780769230769D+01
*---+----+-------------------+-------------------+---------+---------------------
*   1: printout of the result at time [hours]
*---+----+-------------------+-------------------+---------+---------------------
    1    0 7.2898000000000D+03
*---+----+-------------------+-------------------+---------+---------------------
    2    1 7.2898000000000D+03 2.6633400000000D+01
   0.46367   0.74639   0.89684     1.025     1.135     1.221    1.2743    1.2782
     1.185   0.77463
    3    1 7.2898000000000D+03 1.0168632120000D+13
   0.46367   0.74639   0.89684     1.025     1.135     1.221    1.2743    1.2782
     1.185   0.77463
    9    0 7.2898000000000D+03 2.9290000000000D+02
   10    0 7.2898000000000D+03 1.5780769230769D+01
*---+----+-------------------+-------------------+---------+---------------------
*   1: printout of the result at time [hours]
*---+----+-------------------+-------------------+---------+---------------------
    1    0 7.4328000000000D+03
*---+----+-------------------+-------------------+---------+---------------------
    2    1 7.4328000000000D+03 2.7502200000000D+01
   0.60428   0.89891   0.99901    1.0659    1.1166    1.1534    1.1778    1.1664
    1.0879   0.72983
    3    1 7.4328000000000D+03 1.0519591500000D+13
   0.60428   0.89891   0.99901    1.0659    1.1166    1.1534    1.1778    1.1664
    1.0879   0.72983
    9    0 7.4328000000000D+03 2.9290000000000D+02
   10    0 7.4328000000000D+03 1.5780769230769D+01
*---+----+-------------------+-------------------+---------+---------------------
*   1: printout of the result at time [hours]
*---+----+-------------------+-------------------+---------+---------------------
    1    0 1.0888800000000D+04
*---+----+-------------------+-------------------+---------+---------------------
    2    1 1.0888800000000D+04 2.6881400000000D+01
   0.77325    1.0186    1.0404    1.0467    1.0546    1.0651    1.0781    1.0948
    1.0643   0.76417
    3    1 1.0888800000000D+04 1.0529444380000D+13
   0.77325    1.0186    1.0404    1.0467    1.0546    1.0651    1.0781    1.0948
    1.0643   0.76417
    9    0 1.0888800000000D+04 2.9290000000000D+02
   10    0 1.0888800000000D+04 1.5780769230769D+01
*---+----+-------------------+-------------------+---------+---------------------
*   1: printout of the result at time [hours]
*---+----+-------------------+-------------------+---------+---------------------
    1    0 1.4685600000000D+04
*---+----+-------------------+-------------------+---------+---------------------
    2    1 1.4685600000000D+04 2.5509300000000D+01
   0.90281      1.07    1.0353     1.019    1.0145    1.0168    1.0255    1.0419
    1.0479   0.82621
    3    1 1.4685600000000D+04 1.0147599540000D+13
   0.90281      1.07    1.0353     1.019    1.0145    1.0168    1.0255    1.0419
    1.0479   0.82621
    9    0 1.4685600000000D+04 2.9290000000000D+02
   10    0 1.4685600000000D+04 1.5780769230769D+01
*---+----+-------------------+-------------------+---------+---------------------
*   1: printout of the result at time [hours]
*---+----+-------------------+-------------------+---------+---------------------
    1    0 1.5263000000000D+04
*---+----+-------------------+-------------------+---------+---------------------
    2    1 1.5263000000000D+04 2.3543900000000D+01
    0.8389   0.98374    0.9724    0.9772   0.99567    1.0215    1.0542    1.0968
    1.1408   0.91875
    3    1 1.5263000000000D+04 9.2386263600000D+12
    0.8389   0.98374    0.9724    0.9772   0.99567    1.0215    1.0542    1.0968
    1.1408   0.91875
    9    0 1.5263000000000D+04 2.8810000000000D+02
   10    0 1.5263000000000D+04 1.5780769230769D+01
*---+----+-------------------+-------------------+---------+---------------------
*   1: printout of the result at time [hours]
*---+----+-------------------+-------------------+---------+---------------------
    1    0 1.5265000000000D+04
*---+----+-------------------+-------------------+---------+---------------------
    2    1 1.5265000000000D+04 2.8528700000000D+01
   0.53928    0.7919   0.90933    1.0171    1.1166    1.1976    1.2505    1.2688
     1.181     0.728
    3    1 1.5265000000000D+04 1.2136108980000D+13
   0.53928    0.7919   0.90933    1.0171    1.1166    1.1976    1.2505    1.2688
     1.181     0.728
    9    0 1.5265000000000D+04 2.9290000000000D+02
   10    0 1.5265000000000D+04 1.5780769230769D+01
*---+----+-------------------+-------------------+---------+---------------------
*   1: printout of the result at time [hours]
*---+----+-------------------+-------------------+---------+---------------------
    1    0 1.5408000000000D+04
*---+----+-------------------+-------------------+---------+---------------------
    2    1 1.5408000000000D+04 2.8432900000000D+01
   0.71649   0.97239    1.0301    1.0678    1.0992    1.1226    1.1385    1.1268
    1.0574    0.6687
    3    1 1.5408000000000D+04 1.2089669080000D+13
   0.71649   0.97239    1.0301    1.0678    1.0992    1.1226    1.1385    1.1268
    1.0574    0.6687
    9    0 1.5408000000000D+04 2.9290000000000D+02
   10    0 1.5408000000000D+04 1.5780769230769D+01
*---+----+-------------------+-------------------+---------+---------------------
*   1: printout of the result at time [hours]
*---+----+-------------------+-------------------+---------+---------------------
    1    0 1.8864000000000D+04
*---+----+-------------------+-------------------+---------+---------------------
    2    1 1.8864000000000D+04 2.6651100000000D+01
   0.91583    1.0749    1.0412    1.0262     1.023    1.0267    1.0373    1.0549
    1.0523   0.74766
    3    1 1.8864000000000D+04 1.1412001020000D+13
   0.91583    1.0749    1.0412    1.0262     1.023    1.0267    1.0373    1.0549
    1.0523   0.74766
    9    0 1.8864000000000D+04 2.9290000000000D+02
   10    0 1.8864000000000D+04 1.5780769230769D+01
*---+----+-------------------+-------------------+---------+---------------------
*   1: printout of the result at time [hours]
*---+----+-------------------+-------------------+---------+---------------------
    1    0 1.9240800000000D+04
*---+----+-------------------+-------------------+---------+---------------------
    2    1 1.9240800000000D+04 2.6510600000000D+01
   0.93555    1.0818    1.0407     1.023    1.0179      1.02    1.0292    1.0472
    1.0492   0.75543
    3    1 1.9240800000000D+04 1.1349187860000D+13
   0.93555    1.0818    1.0407     1.023    1.0179      1.02    1.0292    1.0472
    1.0492   0.75543
    9    0 1.9240800000000D+04 2.9290000000000D+02
   10    0 1.9240800000000D+04 1.5780769230769D+01
*---+----+-------------------+-------------------+---------+---------------------
*   1: printout of the result at time [hours]
*---+----+-------------------+-------------------+---------+---------------------
    1    0 2.0223800000000D+04
*---+----+-------------------+-------------------+---------+---------------------
    2    1 2.0223800000000D+04 2.2600200000000D+01
   0.81499   0.92813   0.92437   0.94473   0.98101     1.026    1.0803    1.1495
    1.2226   0.92844
    3    1 2.0223800000000D+04 9.3881230800000D+12
   0.81499   0.92813   0.92437   0.94473   0.98101     1.026    1.0803    1.1495
    1.2226   0.92844
    9    0 2.0223800000000D+04 2.8270000000000D+02
   10    0 2.0223800000000D+04 1.5780769230769D+01
*---+----+-------------------+-------------------+---------+---------------------
*   1: printout of the result at time [hours]
*---+----+-------------------+-------------------+---------+---------------------
    1    0 2.0225800000000D+04
*---+----+-------------------+-------------------+---------+---------------------
    2    1 2.0225800000000D+04 1.9215500000000D+01
   0.48856   0.70042   0.82194   0.93674    1.0483    1.1523    1.2428    1.3091
    1.3178   0.98197
    3    1 2.0225800000000D+04 8.8621886000000D+12
   0.48856   0.70042   0.82194   0.93674    1.0483    1.1523    1.2428    1.3091
    1.3178   0.98197
    9    0 2.0225800000000D+04 2.9060000000000D+02
   10    0 2.0225800000000D+04 1.5780769230769D+01
*---+----+-------------------+-------------------+---------+---------------------
*   1: printout of the result at time [hours]
*---+----+-------------------+-------------------+---------+---------------------
    1    0 2.0376000000000D+04
*---+----+-------------------+-------------------+---------+---------------------
    2    1 2.0376000000000D+04 1.9591100000000D+01
   0.66112   0.88162   0.95768    1.0118    1.0584    1.0999    1.1365     1.164
    1.1546   0.87417
    3    1 2.0376000000000D+04 9.0177833300000D+12
   0.66112   0.88162   0.95768    1.0118    1.0584    1.0999    1.1365     1.164
    1.1546   0.87417
    9    0 2.0376000000000D+04 2.9060000000000D+02
   10    0 2.0376000000000D+04 1.5780769230769D+01
*---+----+-------------------+-------------------+---------+---------------------
*   1: printout of the result at time [hours]
*---+----+-------------------+-------------------+---------+---------------------
    1    0 2.4014400000000D+04
*---+----+-------------------+-------------------+---------+---------------------
    2    1 2.4014400000000D+04 2.0039000000000D+01
   0.84061    1.0247      1.03    1.0256    1.0273    1.0353    1.0492    1.0675
     1.066   0.83377
    3    1 2.4014400000000D+04 9.2279595000000D+12
   0.84061    1.0247      1.03    1.0256    1.0273    1.0353    1.0492    1.0675
     1.066   0.83377
    9    0 2.4014400000000D+04 2.9060000000000D+02
   10    0 2.4014400000000D+04 1.5780769230769D+01
*---+----+-------------------+-------------------+---------+---------------------
*   1: printout of the result at time [hours]
*---+----+-------------------+-------------------+---------+---------------------
    1    0 2.7424800000000D+04
*---+----+-------------------+-------------------+---------+---------------------
    2    1 2.7424800000000D+04 2.0177800000000D+01
   0.93464    1.0669    1.0375    1.0218    1.0145    1.0117    1.0139    1.0241
    1.0291   0.84598
    3    1 2.7424800000000D+04 9.2878413400000D+12
   0.93464    1.0669    1.0375    1.0218    1.0145    1.0117    1.0139    1.0241
    1.0291   0.84598
    9    0 2.7424800000000D+04 2.9060000000000D+02
   10    0 2.7424800000000D+04 1.5780769230769D+01
*---+----+-------------------+-------------------+---------+---------------------
*   1: printout of the result at time [hours]
*---+----+-------------------+-------------------+---------+---------------------
    1    0 2.9108600000000D+04
*---+----+-------------------+-------------------+---------+---------------------
    2    1 2.9108600000000D+04 2.0155800000000D+01
   0.99416     1.056    1.0174   0.99892   0.99306   0.99262   0.99788    1.0149
    1.0388   0.89627
    3    1 2.9108600000000D+04 9.2515122000000D+12
   0.99416     1.056    1.0174   0.99892   0.99306   0.99262   0.99788    1.0149
    1.0388   0.89627
    9    0 2.9108600000000D+04 2.9060000000000D+02
   10    0 2.9108600000000D+04 1.5780769230769D+01
*---+----+-------------------+-------------------+---------+---------------------
*   1: printout of the result at time [hours]
*---+----+-------------------+-------------------+---------+---------------------
    1    0 2.9110600000000D+04
*---+----+-------------------+-------------------+---------+---------------------
    2    1 2.9110600000000D+04 2.3310000000000D+00
   0.52595   0.71858   0.85714   0.97812    1.0798    1.1617    1.2188    1.2488
    1.2291   0.98198
    3    1 2.9110600000000D+04 1.1615373000000D+12
   0.52595   0.71858   0.85714   0.97812    1.0798    1.1617    1.2188    1.2488
    1.2291   0.98198
    9    0 2.9110600000000D+04 2.9290000000000D+02
   10    0 2.9110600000000D+04 1.5780769230769D+01
*---+----+-------------------+-------------------+---------+---------------------
*   1: printout of the result at time [hours]
*---+----+-------------------+-------------------+---------+---------------------
    1    0 2.9253600000000D+04
*---+----+-------------------+-------------------+---------+---------------------
    2    1 2.9253600000000D+04 2.5032000000000D+00
   0.71149   0.89565   0.98154    1.0371    1.0726    1.0954    1.1122     1.107
    1.0938   0.89326
    3    1 2.9253600000000D+04 1.2223125600000D+12
   0.71149   0.89565   0.98154    1.0371    1.0726    1.0954    1.1122     1.107
    1.0938   0.89326
    9    0 2.9253600000000D+04 2.9290000000000D+02
   10    0 2.9253600000000D+04 1.5780769230769D+01
*---+----+-------------------+-------------------+---------+---------------------
*   1: printout of the result at time [hours]
*---+----+-------------------+-------------------+---------+---------------------
    1    0 3.2709600000000D+04
*---+----+-------------------+-------------------+---------+---------------------
    2    1 3.2709600000000D+04 3.0466000000000D+00
   0.81665   0.99291    1.0415    1.0572    1.0618    1.0632    1.0618    1.0533
    1.0254   0.82617
    3    1 3.2709600000000D+04 1.4431744200000D+12
   0.81665   0.99291    1.0415    1.0572    1.0618    1.0632    1.0618    1.0533
    1.0254   0.82617
    9    0 3.2709600000000D+04 2.9290000000000D+02
   10    0 3.2709600000000D+04 1.5780769230769D+01
*---+----+-------------------+-------------------+---------+---------------------
*   1: printout of the result at time [hours]
*---+----+-------------------+-------------------+---------+---------------------
    1    0 3.4509600000000D+04
*---+----+-------------------+-------------------+---------+---------------------
    2    1 3.4509600000000D+04 3.3249000000000D+00
   0.83521    1.0226    1.0728    1.0809    1.0752    1.0653    1.0524    1.0307
   0.98409   0.78078
    3    1 3.4509600000000D+04 1.5630354900000D+12
   0.83521    1.0226    1.0728    1.0809    1.0752    1.0653    1.0524    1.0307
   0.98409   0.78078
    9    0 3.4509600000000D+04 2.9290000000000D+02
   10    0 3.4509600000000D+04 1.5780769230769D+01
*---+----+-------------------+-------------------+---------+---------------------
*   1: printout of the result at time [hours]
*---+----+-------------------+-------------------+---------+---------------------
    1    0 3.8904000000000D+04
*---+----+-------------------+-------------------+---------+---------------------
    2    1 3.8904000000000D+04 4.3232000000000D+00
   0.93149    1.0377    1.0159   0.99972   0.99972    1.0097    1.0282    1.0529
    1.0564   0.86834
    3    1 3.8904000000000D+04 1.9536540800000D+12
   0.93149    1.0377    1.0159   0.99972   0.99972    1.0097    1.0282    1.0529
    1.0564   0.86834
    9    0 3.8904000000000D+04 2.9290000000000D+02
   10    0 3.8904000000000D+04 1.5780769230769D+01
*---+----+-------------------+-------------------+---------+---------------------
*   1: printout of the result at time [hours]
*---+----+-------------------+-------------------+---------+---------------------
    1    0 3.9192000000000D+04
*---+----+-------------------+-------------------+---------+---------------------
    2    1 3.9192000000000D+04 4.1559000000000D+00
   0.87851   0.97957   0.96922   0.97019   0.98823    1.0161    1.0522     1.096
    1.1177   0.93217
    3    1 3.9192000000000D+04 1.8630899700000D+12
   0.87851   0.97957   0.96922   0.97019   0.98823    1.0161    1.0522     1.096
    1.1177   0.93217
    9    0 3.9192000000000D+04 2.8960000000000D+02
   10    0 3.9192000000000D+04 1.5780769230769D+01
* data point #2782 end
*  00:  last line of data set (finishing the program)
*---+----+-------------------+-------------------+---------+---------------------
00000    0 3.9192000000000D+04
*---+----+-------------------+-------------------+---------+---------------------
