* data point #293 begin
*
*---+----+-------------------+-------------------+---------+---------------------
*   1: printout of the result at time [hours]
*---+----+-------------------+-------------------+---------+---------------------
    1    0 0.0000000000000D+00
*---+----+-------------------+-------------------+---------+---------------------
    2    1 0.0000000000000D+00 1.8123200000000D+01
   0.56872   0.87959    1.0398    1.1346    1.1894     1.212    1.1973    1.1374
     0.999   0.64227
    3    1 0.0000000000000D+00 6.5986571200000D+12
   0.56872   0.87959    1.0398    1.1346    1.1894     1.212    1.1973    1.1374
     0.999   0.64227
    9    0 0.0000000000000D+00 2.9290000000000D+02
   10    0 0.0000000000000D+00 1.5761290322581D+01
*---+----+-------------------+-------------------+---------+---------------------
*   1: printout of the result at time [hours]
*---+----+-------------------+-------------------+---------+---------------------
    1    0 1.4400000000000D+02
*---+----+-------------------+-------------------+---------+---------------------
    2    1 1.4400000000000D+02 1.8135300000000D+01
   0.71138    1.0133    1.1122    1.1427    1.1457     1.133    1.1056    1.0539
   0.94606   0.63605
    3    1 1.4400000000000D+02 6.6012492000000D+12
   0.71138    1.0133    1.1122    1.1427    1.1457     1.133    1.1056    1.0539
   0.94606   0.63605
    9    0 1.4400000000000D+02 2.9290000000000D+02
   10    0 1.4400000000000D+02 1.5761290322581D+01
*---+----+-------------------+-------------------+---------+---------------------
*   1: printout of the result at time [hours]
*---+----+-------------------+-------------------+---------+---------------------
    1    0 3.6000000000000D+03
*---+----+-------------------+-------------------+---------+---------------------
    2    1 3.6000000000000D+03 1.9540800000000D+01
     0.821    1.0974    1.1344    1.1113    1.0894    1.0687    1.0487    1.0208
   0.94807   0.66026
    3    1 3.6000000000000D+03 7.0561828800000D+12
     0.821    1.0974    1.1344    1.1113    1.0894    1.0687    1.0487    1.0208
   0.94807   0.66026
    9    0 3.6000000000000D+03 2.9290000000000D+02
   10    0 3.6000000000000D+03 1.5761290322581D+01
*---+----+-------------------+-------------------+---------+---------------------
*   1: printout of the result at time [hours]
*---+----+-------------------+-------------------+---------+---------------------
    1    0 7.3968000000000D+03
*---+----+-------------------+-------------------+---------+---------------------
    2    1 7.3968000000000D+03 2.1754700000000D+01
   0.86579    1.1453    1.1312    1.0973    1.0707    1.0492      1.03    1.0068
   0.94159   0.66211
    3    1 7.3968000000000D+03 7.6946373900000D+12
   0.86579    1.1453    1.1312    1.0973    1.0707    1.0492      1.03    1.0068
   0.94159   0.66211
    9    0 7.3968000000000D+03 2.9290000000000D+02
   10    0 7.3968000000000D+03 1.5761290322581D+01
*---+----+-------------------+-------------------+---------+---------------------
*   1: printout of the result at time [hours]
*---+----+-------------------+-------------------+---------+---------------------
    1    0 7.9742000000000D+03
*---+----+-------------------+-------------------+---------+---------------------
    2    1 7.9742000000000D+03 2.0858500000000D+01
   0.79411    1.0548    1.0594     1.053    1.0556    1.0626    1.0712    1.0815
    1.0326   0.73514
    3    1 7.9742000000000D+03 7.2462429000000D+12
   0.79411    1.0548    1.0594     1.053    1.0556    1.0626    1.0712    1.0815
    1.0326   0.73514
    9    0 7.9742000000000D+03 2.8810000000000D+02
   10    0 7.9742000000000D+03 1.5761290322581D+01
*---+----+-------------------+-------------------+---------+---------------------
*   1: printout of the result at time [hours]
*---+----+-------------------+-------------------+---------+---------------------
    1    0 7.9762000000000D+03
*---+----+-------------------+-------------------+---------+---------------------
    2    1 7.9762000000000D+03 2.5051500000000D+01
   0.51542   0.84107   0.98473    1.0854    1.1636    1.2167    1.2415    1.2102
    1.0786   0.66287
    3    1 7.9762000000000D+03 9.2364880500000D+12
   0.51542   0.84107   0.98473    1.0854    1.1636    1.2167    1.2415    1.2102
    1.0786   0.66287
    9    0 7.9762000000000D+03 2.9290000000000D+02
   10    0 7.9762000000000D+03 1.5761290322581D+01
*---+----+-------------------+-------------------+---------+---------------------
*   1: printout of the result at time [hours]
*---+----+-------------------+-------------------+---------+---------------------
    1    0 8.1192000000000D+03
*---+----+-------------------+-------------------+---------+---------------------
    2    1 8.1192000000000D+03 2.5122700000000D+01
   0.67007    1.0088    1.0922    1.1225    1.1365     1.139    1.1284    1.0927
   0.98345   0.62629
    3    1 8.1192000000000D+03 9.2300799800000D+12
   0.67007    1.0088    1.0922    1.1225    1.1365     1.139    1.1284    1.0927
   0.98345   0.62629
    9    0 8.1192000000000D+03 2.9290000000000D+02
   10    0 8.1192000000000D+03 1.5761290322581D+01
*---+----+-------------------+-------------------+---------+---------------------
*   1: printout of the result at time [hours]
*---+----+-------------------+-------------------+---------+---------------------
    1    0 1.1575200000000D+04
*---+----+-------------------+-------------------+---------+---------------------
    2    1 1.1575200000000D+04 2.5554000000000D+01
   0.83963    1.0992    1.0862    1.0662    1.0539    1.0475    1.0465    1.0476
    1.0119   0.70142
    3    1 1.1575200000000D+04 9.3425424000000D+12
   0.83963    1.0992    1.0862    1.0662    1.0539    1.0475    1.0465    1.0476
    1.0119   0.70142
    9    0 1.1575200000000D+04 2.9290000000000D+02
   10    0 1.1575200000000D+04 1.5761290322581D+01
*---+----+-------------------+-------------------+---------+---------------------
*   1: printout of the result at time [hours]
*---+----+-------------------+-------------------+---------+---------------------
    1    0 1.1952000000000D+04
*---+----+-------------------+-------------------+---------+---------------------
    2    1 1.1952000000000D+04 2.5528000000000D+01
   0.85678    1.1048    1.0855    1.0627    1.0487    1.0411    1.0393    1.0413
    1.0105   0.70946
    3    1 1.1952000000000D+04 9.3381424000000D+12
   0.85678    1.1048    1.0855    1.0627    1.0487    1.0411    1.0393    1.0413
    1.0105   0.70946
    9    0 1.1952000000000D+04 2.9290000000000D+02
   10    0 1.1952000000000D+04 1.5761290322581D+01
*---+----+-------------------+-------------------+---------+---------------------
*   1: printout of the result at time [hours]
*---+----+-------------------+-------------------+---------+---------------------
    1    0 1.2935000000000D+04
*---+----+-------------------+-------------------+---------+---------------------
    2    1 1.2935000000000D+04 2.2407500000000D+01
   0.75403   0.96486   0.97311   0.98842     1.016    1.0505    1.0919    1.1408
    1.1639   0.85645
    3    1 1.2935000000000D+04 7.9725885000000D+12
   0.75403   0.96486   0.97311   0.98842     1.016    1.0505    1.0919    1.1408
    1.1639   0.85645
    9    0 1.2935000000000D+04 2.8270000000000D+02
   10    0 1.2935000000000D+04 1.5761290322581D+01
*---+----+-------------------+-------------------+---------+---------------------
*   1: printout of the result at time [hours]
*---+----+-------------------+-------------------+---------+---------------------
    1    0 1.2937000000000D+04
*---+----+-------------------+-------------------+---------+---------------------
    2    1 1.2937000000000D+04 2.3425700000000D+01
   0.51554    0.7969   0.93901    1.0479    1.1316    1.1914    1.2258    1.2277
    1.1623    0.7619
    3    1 1.2937000000000D+04 9.3913631300000D+12
   0.51554    0.7969   0.93901    1.0479    1.1316    1.1914    1.2258    1.2277
    1.1623    0.7619
    9    0 1.2937000000000D+04 2.9480000000000D+02
   10    0 1.2937000000000D+04 1.5761290322581D+01
*---+----+-------------------+-------------------+---------+---------------------
*   1: printout of the result at time [hours]
*---+----+-------------------+-------------------+---------+---------------------
    1    0 1.3099200000000D+04
*---+----+-------------------+-------------------+---------+---------------------
    2    1 1.3099200000000D+04 2.3642100000000D+01
   0.67777   0.96497    1.0481    1.0887    1.1093    1.1197     1.119    1.1074
    1.0542   0.71077
    3    1 1.3099200000000D+04 9.4733894700000D+12
   0.67777   0.96497    1.0481    1.0887    1.1093    1.1197     1.119    1.1074
    1.0542   0.71077
    9    0 1.3099200000000D+04 2.9480000000000D+02
   10    0 1.3099200000000D+04 1.5761290322581D+01
*---+----+-------------------+-------------------+---------+---------------------
*   1: printout of the result at time [hours]
*---+----+-------------------+-------------------+---------+---------------------
    1    0 1.4025600000000D+04
*---+----+-------------------+-------------------+---------+---------------------
    2    1 1.4025600000000D+04 2.3547600000000D+01
   0.70912   0.99021    1.0591    1.0878    1.1007    1.1064    1.1038    1.0924
    1.0419   0.70848
    3    1 1.4025600000000D+04 9.4849732800000D+12
   0.70912   0.99021    1.0591    1.0878    1.1007    1.1064    1.1038    1.0924
    1.0419   0.70848
    9    0 1.4025600000000D+04 2.9480000000000D+02
   10    0 1.4025600000000D+04 1.5761290322581D+01
*---+----+-------------------+-------------------+---------+---------------------
*   1: printout of the result at time [hours]
*---+----+-------------------+-------------------+---------+---------------------
    1    0 1.4028000000000D+04
*---+----+-------------------+-------------------+---------+---------------------
    2    1 1.4028000000000D+04 2.5430100000000D+01
   0.72544    1.0054    1.0685    1.0918    1.0998    1.1001    1.0952    1.0816
    1.0308   0.70149
    3    1 1.4028000000000D+04 1.0177126020000D+13
   0.72544    1.0054    1.0685    1.0918    1.0998    1.1001    1.0952    1.0816
    1.0308   0.70149
    9    0 1.4028000000000D+04 2.9060000000000D+02
   10    0 1.4028000000000D+04 1.5761290322581D+01
*---+----+-------------------+-------------------+---------+---------------------
*   1: printout of the result at time [hours]
*---+----+-------------------+-------------------+---------+---------------------
    1    0 1.6804800000000D+04
*---+----+-------------------+-------------------+---------+---------------------
    2    1 1.6804800000000D+04 2.5028700000000D+01
   0.81139    1.0625    1.0927    1.0834     1.075     1.066    1.0571    1.0453
    1.0032   0.70347
    3    1 1.6804800000000D+04 1.0191686640000D+13
   0.81139    1.0625    1.0927    1.0834     1.075     1.066    1.0571    1.0453
    1.0032   0.70347
    9    0 1.6804800000000D+04 2.9060000000000D+02
   10    0 1.6804800000000D+04 1.5761290322581D+01
*---+----+-------------------+-------------------+---------+---------------------
*   1: printout of the result at time [hours]
*---+----+-------------------+-------------------+---------+---------------------
    1    0 1.8488600000000D+04
*---+----+-------------------+-------------------+---------+---------------------
    2    1 1.8488600000000D+04 2.4675300000000D+01
   0.83428    1.0767    1.1017    1.0882    1.0752    1.0616    1.0479    1.0313
   0.98532   0.69778
    3    1 1.8488600000000D+04 1.0146483360000D+13
   0.83428    1.0767    1.1017    1.0882    1.0752    1.0616    1.0479    1.0313
   0.98532   0.69778
    9    0 1.8488600000000D+04 2.9060000000000D+02
   10    0 1.8488600000000D+04 1.5761290322581D+01
*---+----+-------------------+-------------------+---------+---------------------
*   1: printout of the result at time [hours]
*---+----+-------------------+-------------------+---------+---------------------
    1    0 1.8490600000000D+04
*---+----+-------------------+-------------------+---------+---------------------
    2    1 1.8490600000000D+04 2.3991700000000D+01
   0.50559   0.73867   0.85659   0.96679    1.0717    1.1662    1.2437    1.2935
    1.2721   0.88514
    3    1 1.8490600000000D+04 1.0287640960000D+13
   0.50559   0.73867   0.85659   0.96679    1.0717    1.1662    1.2437    1.2935
    1.2721   0.88514
    9    0 1.8490600000000D+04 2.9060000000000D+02
   10    0 1.8490600000000D+04 1.5761290322581D+01
*---+----+-------------------+-------------------+---------+---------------------
*   1: printout of the result at time [hours]
*---+----+-------------------+-------------------+---------+---------------------
    1    0 1.8640800000000D+04
*---+----+-------------------+-------------------+---------+---------------------
    2    1 1.8640800000000D+04 2.4131100000000D+01
    0.6766   0.91923    0.9869    1.0336    1.0728    1.1061    1.1331    1.1553
    1.1219   0.79453
    3    1 1.8640800000000D+04 1.0332937020000D+13
    0.6766   0.91923    0.9869    1.0336    1.0728    1.1061    1.1331    1.1553
    1.1219   0.79453
    9    0 1.8640800000000D+04 2.9060000000000D+02
   10    0 1.8640800000000D+04 1.5761290322581D+01
*---+----+-------------------+-------------------+---------+---------------------
*   1: printout of the result at time [hours]
*---+----+-------------------+-------------------+---------+---------------------
    1    0 2.2279200000000D+04
*---+----+-------------------+-------------------+---------+---------------------
    2    1 2.2279200000000D+04 2.3300100000000D+01
   0.85013    1.0436    1.0394     1.031    1.0308    1.0374    1.0497    1.0657
    1.0587    0.7936
    3    1 2.2279200000000D+04 1.0093603320000D+13
   0.85013    1.0436    1.0394     1.031    1.0308    1.0374    1.0497    1.0657
    1.0587    0.7936
    9    0 2.2279200000000D+04 2.9060000000000D+02
   10    0 2.2279200000000D+04 1.5761290322581D+01
*---+----+-------------------+-------------------+---------+---------------------
*   1: printout of the result at time [hours]
*---+----+-------------------+-------------------+---------+---------------------
    1    0 2.5689600000000D+04
*---+----+-------------------+-------------------+---------+---------------------
    2    1 2.5689600000000D+04 2.2655600000000D+01
   0.93725    1.0785    1.0411    1.0236    1.0163     1.014    1.0165    1.0266
    1.0288   0.81737
    3    1 2.5689600000000D+04 9.9004972000000D+12
   0.93725    1.0785    1.0411    1.0236    1.0163     1.014    1.0165    1.0266
    1.0288   0.81737
    9    0 2.5689600000000D+04 2.9060000000000D+02
   10    0 2.5689600000000D+04 1.5761290322581D+01
*---+----+-------------------+-------------------+---------+---------------------
*   1: printout of the result at time [hours]
*---+----+-------------------+-------------------+---------+---------------------
    1    0 2.7373400000000D+04
*---+----+-------------------+-------------------+---------+---------------------
    2    1 2.7373400000000D+04 2.2439900000000D+01
   0.99082    1.0622    1.0176   0.99876   0.99439   0.99595    1.0033    1.0218
    1.0441   0.87113
    3    1 2.7373400000000D+04 9.8174562500000D+12
   0.99082    1.0622    1.0176   0.99876   0.99439   0.99595    1.0033    1.0218
    1.0441   0.87113
    9    0 2.7373400000000D+04 2.9060000000000D+02
   10    0 2.7373400000000D+04 1.5761290322581D+01
*---+----+-------------------+-------------------+---------+---------------------
*   1: printout of the result at time [hours]
*---+----+-------------------+-------------------+---------+---------------------
    1    0 2.7375400000000D+04
*---+----+-------------------+-------------------+---------+---------------------
    2    1 2.7375400000000D+04 7.2963000000000D+00
   0.42953   0.66445   0.82151   0.96405    1.0947    1.2077    1.2934    1.3403
    1.2802   0.90416
    3    1 2.7375400000000D+04 3.4073721000000D+12
   0.42953   0.66445   0.82151   0.96405    1.0947    1.2077    1.2934    1.3403
    1.2802   0.90416
    9    0 2.7375400000000D+04 2.9060000000000D+02
   10    0 2.7375400000000D+04 1.5761290322581D+01
*---+----+-------------------+-------------------+---------+---------------------
*   1: printout of the result at time [hours]
*---+----+-------------------+-------------------+---------+---------------------
    1    0 2.7525600000000D+04
*---+----+-------------------+-------------------+---------+---------------------
    2    1 2.7525600000000D+04 7.4196000000000D+00
   0.60947   0.86042   0.96703    1.0383    1.0926    1.1355    1.1658    1.1819
    1.1288   0.82013
    3    1 2.7525600000000D+04 3.4182097200000D+12
   0.60947   0.86042   0.96703    1.0383    1.0926    1.1355    1.1658    1.1819
    1.1288   0.82013
    9    0 2.7525600000000D+04 2.9060000000000D+02
   10    0 2.7525600000000D+04 1.5761290322581D+01
*---+----+-------------------+-------------------+---------+---------------------
*   1: printout of the result at time [hours]
*---+----+-------------------+-------------------+---------+---------------------
    1    0 3.4195200000000D+04
*---+----+-------------------+-------------------+---------+---------------------
    2    1 3.4195200000000D+04 8.0080000000000D+00
   0.84828    1.0358    1.0493    1.0443    1.0408    1.0406    1.0436    1.0487
    1.0322   0.81631
    3    1 3.4195200000000D+04 3.5555520000000D+12
   0.84828    1.0358    1.0493    1.0443    1.0408    1.0406    1.0436    1.0487
    1.0322   0.81631
    9    0 3.4195200000000D+04 2.9060000000000D+02
   10    0 3.4195200000000D+04 1.5761290322581D+01
*---+----+-------------------+-------------------+---------+---------------------
*   1: printout of the result at time [hours]
*---+----+-------------------+-------------------+---------+---------------------
    1    0 3.7472600000000D+04
*---+----+-------------------+-------------------+---------+---------------------
    2    1 3.7472600000000D+04 8.8260000000000D+00
   0.94731    1.0414    1.0057   0.98912   0.98833   0.99513    1.0095    1.0373
     1.074    0.9123
    3    1 3.7472600000000D+04 3.8243058000000D+12
   0.94731    1.0414    1.0057   0.98912   0.98833   0.99513    1.0095    1.0373
     1.074    0.9123
    9    0 3.7472600000000D+04 2.9060000000000D+02
   10    0 3.7472600000000D+04 1.5761290322581D+01
*---+----+-------------------+-------------------+---------+---------------------
*   1: printout of the result at time [hours]
*---+----+-------------------+-------------------+---------+---------------------
    1    0 3.7474600000000D+04
*---+----+-------------------+-------------------+---------+---------------------
    2    1 3.7474600000000D+04 9.2114000000000D+00
   0.53195   0.71857   0.85003   0.96902    1.0724    1.1569    1.2182    1.2549
    1.2422   0.98595
    3    1 3.7474600000000D+04 4.5449047600000D+12
   0.53195   0.71857   0.85003   0.96902    1.0724    1.1569    1.2182    1.2549
    1.2422   0.98595
    9    0 3.7474600000000D+04 2.9290000000000D+02
   10    0 3.7474600000000D+04 1.5761290322581D+01
*---+----+-------------------+-------------------+---------+---------------------
*   1: printout of the result at time [hours]
*---+----+-------------------+-------------------+---------+---------------------
    1    0 3.7617600000000D+04
*---+----+-------------------+-------------------+---------+---------------------
    2    1 3.7617600000000D+04 9.4665000000000D+00
   0.72044   0.89801   0.97639    1.0299    1.0668    1.0921    1.1117    1.1105
    1.1017   0.89241
    3    1 3.7617600000000D+04 4.6054522500000D+12
   0.72044   0.89801   0.97639    1.0299    1.0668    1.0921    1.1117    1.1105
    1.1017   0.89241
    9    0 3.7617600000000D+04 2.9290000000000D+02
   10    0 3.7617600000000D+04 1.5761290322581D+01
*---+----+-------------------+-------------------+---------+---------------------
*   1: printout of the result at time [hours]
*---+----+-------------------+-------------------+---------+---------------------
    1    0 4.1073600000000D+04
*---+----+-------------------+-------------------+---------+---------------------
    2    1 4.1073600000000D+04 1.0532600000000D+01
   0.82895   0.99871    1.0386     1.052    1.0571    1.0609    1.0597    1.0535
    1.0278   0.82287
    3    1 4.1073600000000D+04 5.0440621400000D+12
   0.82895   0.99871    1.0386     1.052    1.0571    1.0609    1.0597    1.0535
    1.0278   0.82287
    9    0 4.1073600000000D+04 2.9290000000000D+02
   10    0 4.1073600000000D+04 1.5761290322581D+01
*---+----+-------------------+-------------------+---------+---------------------
*   1: printout of the result at time [hours]
*---+----+-------------------+-------------------+---------+---------------------
    1    0 4.2873600000000D+04
*---+----+-------------------+-------------------+---------+---------------------
    2    1 4.2873600000000D+04 1.1112700000000D+01
   0.84462    1.0299    1.0731    1.0789    1.0727    1.0628    1.0501    1.0299
   0.98374   0.77416
    3    1 4.2873600000000D+04 5.2918677400000D+12
   0.84462    1.0299    1.0731    1.0789    1.0727    1.0628    1.0501    1.0299
   0.98374   0.77416
    9    0 4.2873600000000D+04 2.9290000000000D+02
   10    0 4.2873600000000D+04 1.5761290322581D+01
*---+----+-------------------+-------------------+---------+---------------------
*   1: printout of the result at time [hours]
*---+----+-------------------+-------------------+---------+---------------------
    1    0 4.7268000000000D+04
*---+----+-------------------+-------------------+---------+---------------------
    2    1 4.7268000000000D+04 1.2301600000000D+01
   0.95857    1.0317   0.99743   0.98166   0.98426   0.99719    1.0194     1.052
    1.0743   0.90346
    3    1 4.7268000000000D+04 5.6956408000000D+12
   0.95857    1.0317   0.99743   0.98166   0.98426   0.99719    1.0194     1.052
    1.0743   0.90346
    9    0 4.7268000000000D+04 2.9290000000000D+02
   10    0 4.7268000000000D+04 1.5761290322581D+01
*---+----+-------------------+-------------------+---------+---------------------
*   1: printout of the result at time [hours]
*---+----+-------------------+-------------------+---------+---------------------
    1    0 4.7556000000000D+04
*---+----+-------------------+-------------------+---------+---------------------
    2    1 4.7556000000000D+04 1.1808500000000D+01
   0.90299   0.97252   0.95118   0.95245   0.97244    1.0026    1.0418    1.0928
    1.1407   0.97057
    3    1 4.7556000000000D+04 5.4177398000000D+12
   0.90299   0.97252   0.95118   0.95245   0.97244    1.0026    1.0418    1.0928
    1.1407   0.97057
    9    0 4.7556000000000D+04 2.8960000000000D+02
   10    0 4.7556000000000D+04 1.5761290322581D+01
* data point #293 end
*  00:  last line of data set (finishing the program)
*---+----+-------------------+-------------------+---------+---------------------
00000    0 4.7556000000000D+04
*---+----+-------------------+-------------------+---------+---------------------
