* data point #225 begin
*
*---+----+-------------------+-------------------+---------+---------------------
*   1: printout of the result at time [hours]
*---+----+-------------------+-------------------+---------+---------------------
    1    0 0.0000000000000D+00
*---+----+-------------------+-------------------+---------+---------------------
    2    1 0.0000000000000D+00 1.9101900000000D+01
   0.45095   0.70998    0.8708    1.0052    1.1231     1.219    1.2839    1.3077
    1.2169   0.81238
    3    1 0.0000000000000D+00 6.9282591300000D+12
   0.45095   0.70998    0.8708    1.0052    1.1231     1.219    1.2839    1.3077
    1.2169   0.81238
    9    0 0.0000000000000D+00 2.9060000000000D+02
   10    0 0.0000000000000D+00 1.5760000000000D+01
*---+----+-------------------+-------------------+---------+---------------------
*   1: printout of the result at time [hours]
*---+----+-------------------+-------------------+---------+---------------------
    1    0 1.5120000000000D+02
*---+----+-------------------+-------------------+---------+---------------------
    2    1 1.5120000000000D+02 1.9078300000000D+01
   0.64419   0.92257    1.0255      1.08    1.1156    1.1382     1.151     1.135
    1.0606   0.72742
    3    1 1.5120000000000D+02 6.9101602600000D+12
   0.64419   0.92257    1.0255      1.08    1.1156    1.1382     1.151     1.135
    1.0606   0.72742
    9    0 1.5120000000000D+02 2.9060000000000D+02
   10    0 1.5120000000000D+02 1.5760000000000D+01
*---+----+-------------------+-------------------+---------+---------------------
*   1: printout of the result at time [hours]
*---+----+-------------------+-------------------+---------+---------------------
    1    0 6.8208000000000D+03
*---+----+-------------------+-------------------+---------+---------------------
    2    1 6.8208000000000D+03 2.0347400000000D+01
   0.84193    1.1267    1.1345    1.1071    1.0796    1.0554    1.0339    1.0111
   0.95123   0.65856
    3    1 6.8208000000000D+03 7.4003493800000D+12
   0.84193    1.1267    1.1345    1.1071    1.0796    1.0554    1.0339    1.0111
   0.95123   0.65856
    9    0 6.8208000000000D+03 2.9060000000000D+02
   10    0 6.8208000000000D+03 1.5760000000000D+01
*---+----+-------------------+-------------------+---------+---------------------
*   1: printout of the result at time [hours]
*---+----+-------------------+-------------------+---------+---------------------
    1    0 1.0098200000000D+04
*---+----+-------------------+-------------------+---------+---------------------
    2    1 1.0098200000000D+04 2.1326900000000D+01
   0.92944    1.1374    1.0776    1.0442    1.0258    1.0145    1.0094    1.0138
    1.0051   0.74277
    3    1 1.0098200000000D+04 7.7416647000000D+12
   0.92944    1.1374    1.0776    1.0442    1.0258    1.0145    1.0094    1.0138
    1.0051   0.74277
    9    0 1.0098200000000D+04 2.9060000000000D+02
   10    0 1.0098200000000D+04 1.5760000000000D+01
*---+----+-------------------+-------------------+---------+---------------------
*   1: printout of the result at time [hours]
*---+----+-------------------+-------------------+---------+---------------------
    1    0 1.0100200000000D+04
*---+----+-------------------+-------------------+---------+---------------------
    2    1 1.0100200000000D+04 2.3626200000000D+01
   0.46516    0.7253   0.86235   0.98547    1.0952    1.1867    1.2546    1.2969
    1.2596   0.86865
    3    1 1.0100200000000D+04 9.8119608600000D+12
   0.46516    0.7253   0.86235   0.98547    1.0952    1.1867    1.2546    1.2969
    1.2596   0.86865
    9    0 1.0100200000000D+04 2.9290000000000D+02
   10    0 1.0100200000000D+04 1.5760000000000D+01
*---+----+-------------------+-------------------+---------+---------------------
*   1: printout of the result at time [hours]
*---+----+-------------------+-------------------+---------+---------------------
    1    0 1.0243200000000D+04
*---+----+-------------------+-------------------+---------+---------------------
    2    1 1.0243200000000D+04 2.3916600000000D+01
   0.63701   0.91919     1.005    1.0598    1.0983    1.1243    1.1431    1.1399
    1.1019   0.77147
    3    1 1.0243200000000D+04 9.9086473800000D+12
   0.63701   0.91919     1.005    1.0598    1.0983    1.1243    1.1431    1.1399
    1.1019   0.77147
    9    0 1.0243200000000D+04 2.9290000000000D+02
   10    0 1.0243200000000D+04 1.5760000000000D+01
*---+----+-------------------+-------------------+---------+---------------------
*   1: printout of the result at time [hours]
*---+----+-------------------+-------------------+---------+---------------------
    1    0 1.3699200000000D+04
*---+----+-------------------+-------------------+---------+---------------------
    2    1 1.3699200000000D+04 2.3066800000000D+01
   0.77696    1.0313    1.0627    1.0699    1.0718    1.0721    1.0709    1.0649
    1.0303   0.74913
    3    1 1.3699200000000D+04 9.6396157200000D+12
   0.77696    1.0313    1.0627    1.0699    1.0718    1.0721    1.0709    1.0649
    1.0303   0.74913
    9    0 1.3699200000000D+04 2.9290000000000D+02
   10    0 1.3699200000000D+04 1.5760000000000D+01
*---+----+-------------------+-------------------+---------+---------------------
*   1: printout of the result at time [hours]
*---+----+-------------------+-------------------+---------+---------------------
    1    0 1.5499200000000D+04
*---+----+-------------------+-------------------+---------+---------------------
    2    1 1.5499200000000D+04 2.2280900000000D+01
   0.81155    1.0542    1.0788    1.0782    1.0719    1.0642    1.0555    1.0425
    1.0031   0.74001
    3    1 1.5499200000000D+04 9.3646622700000D+12
   0.81155    1.0542    1.0788    1.0782    1.0719    1.0642    1.0555    1.0425
    1.0031   0.74001
    9    0 1.5499200000000D+04 2.9290000000000D+02
   10    0 1.5499200000000D+04 1.5760000000000D+01
*---+----+-------------------+-------------------+---------+---------------------
*   1: printout of the result at time [hours]
*---+----+-------------------+-------------------+---------+---------------------
    1    0 1.9893600000000D+04
*---+----+-------------------+-------------------+---------+---------------------
    2    1 1.9893600000000D+04 2.2130400000000D+01
    0.9674     1.073    1.0247   0.99935   0.99117   0.99253    1.0028    1.0252
    1.0486   0.87531
    3    1 1.9893600000000D+04 9.3323896800000D+12
    0.9674     1.073    1.0247   0.99935   0.99117   0.99253    1.0028    1.0252
    1.0486   0.87531
    9    0 1.9893600000000D+04 2.9290000000000D+02
   10    0 1.9893600000000D+04 1.5760000000000D+01
*---+----+-------------------+-------------------+---------+---------------------
*   1: printout of the result at time [hours]
*---+----+-------------------+-------------------+---------+---------------------
    1    0 2.0181600000000D+04
*---+----+-------------------+-------------------+---------+---------------------
    2    1 2.0181600000000D+04 2.1083600000000D+01
   0.91038    1.0109   0.97725   0.96971   0.97953   0.99831    1.0256     1.066
    1.1187   0.94362
    3    1 2.0181600000000D+04 8.8002946400000D+12
   0.91038    1.0109   0.97725   0.96971   0.97953   0.99831    1.0256     1.066
    1.1187   0.94362
    9    0 2.0181600000000D+04 2.8960000000000D+02
   10    0 2.0181600000000D+04 1.5760000000000D+01
* data point #225 end
*  00:  last line of data set (finishing the program)
*---+----+-------------------+-------------------+---------+---------------------
00000    0 2.0181600000000D+04
*---+----+-------------------+-------------------+---------+---------------------
