* data point #2666 begin
*
*---+----+-------------------+-------------------+---------+---------------------
*   1: printout of the result at time [hours]
*---+----+-------------------+-------------------+---------+---------------------
    1    0 0.0000000000000D+00
*---+----+-------------------+-------------------+---------+---------------------
    2    1 0.0000000000000D+00 2.4862700000000D+01
   0.44782   0.78254   0.94262    1.0591    1.1512    1.2201    1.2614    1.2623
    1.1709   0.70202
    3    1 0.0000000000000D+00 8.7143763500000D+12
   0.44782   0.78254   0.94262    1.0591    1.1512    1.2201    1.2614    1.2623
    1.1709   0.70202
    9    0 0.0000000000000D+00 2.9290000000000D+02
   10    0 0.0000000000000D+00 1.5789285714286D+01
*---+----+-------------------+-------------------+---------+---------------------
*   1: printout of the result at time [hours]
*---+----+-------------------+-------------------+---------+---------------------
    1    0 1.4400000000000D+02
*---+----+-------------------+-------------------+---------+---------------------
    2    1 1.4400000000000D+02 2.4405200000000D+01
   0.61421   0.98151    1.0823    1.1217    1.1385    1.1441    1.1366    1.1131
    1.0315   0.63642
    3    1 1.4400000000000D+02 8.5759872800000D+12
   0.61421   0.98151    1.0823    1.1217    1.1385    1.1441    1.1366    1.1131
    1.0315   0.63642
    9    0 1.4400000000000D+02 2.9290000000000D+02
   10    0 1.4400000000000D+02 1.5789285714286D+01
*---+----+-------------------+-------------------+---------+---------------------
*   1: printout of the result at time [hours]
*---+----+-------------------+-------------------+---------+---------------------
    1    0 3.6000000000000D+03
*---+----+-------------------+-------------------+---------+---------------------
    2    1 3.6000000000000D+03 2.3480800000000D+01
   0.76066    1.1016    1.1269    1.1111    1.0931    1.0777    1.0644    1.0465
   0.98387   0.63414
    3    1 3.6000000000000D+03 8.4765688000000D+12
   0.76066    1.1016    1.1269    1.1111    1.0931    1.0777    1.0644    1.0465
   0.98387   0.63414
    9    0 3.6000000000000D+03 2.9290000000000D+02
   10    0 3.6000000000000D+03 1.5789285714286D+01
*---+----+-------------------+-------------------+---------+---------------------
*   1: printout of the result at time [hours]
*---+----+-------------------+-------------------+---------+---------------------
    1    0 6.1200000000000D+03
*---+----+-------------------+-------------------+---------+---------------------
    2    1 6.1200000000000D+03 2.3170900000000D+01
   0.81706    1.1309    1.1398    1.1141    1.0871    1.0624    1.0399    1.0157
    0.9556   0.63757
    3    1 6.1200000000000D+03 8.4828664900000D+12
   0.81706    1.1309    1.1398    1.1141    1.0871    1.0624    1.0399    1.0157
    0.9556   0.63757
    9    0 6.1200000000000D+03 2.9290000000000D+02
   10    0 6.1200000000000D+03 1.5789285714286D+01
*---+----+-------------------+-------------------+---------+---------------------
*   1: printout of the result at time [hours]
*---+----+-------------------+-------------------+---------+---------------------
    1    0 1.0113600000000D+04
*---+----+-------------------+-------------------+---------+---------------------
    2    1 1.0113600000000D+04 2.3119200000000D+01
   0.91344    1.1214    1.0652     1.036    1.0232    1.0178    1.0186     1.028
     1.021   0.75539
    3    1 1.0113600000000D+04 8.5517920800000D+12
   0.91344    1.1214    1.0652     1.036    1.0232    1.0178    1.0186     1.028
     1.021   0.75539
    9    0 1.0113600000000D+04 2.9290000000000D+02
   10    0 1.0113600000000D+04 1.5789285714286D+01
*---+----+-------------------+-------------------+---------+---------------------
*   1: printout of the result at time [hours]
*---+----+-------------------+-------------------+---------+---------------------
    1    0 1.0460600000000D+04
*---+----+-------------------+-------------------+---------+---------------------
    2    1 1.0460600000000D+04 2.2486800000000D+01
    0.8734     1.062     1.029    1.0153    1.0174    1.0256    1.0391    1.0618
    1.0728   0.80363
    3    1 1.0460600000000D+04 8.2683963600000D+12
    0.8734     1.062     1.029    1.0153    1.0174    1.0256    1.0391    1.0618
    1.0728   0.80363
    9    0 1.0460600000000D+04 2.9050000000000D+02
   10    0 1.0460600000000D+04 1.5789285714286D+01
*---+----+-------------------+-------------------+---------+---------------------
*   1: printout of the result at time [hours]
*---+----+-------------------+-------------------+---------+---------------------
    1    0 1.0462600000000D+04
*---+----+-------------------+-------------------+---------+---------------------
    2    1 1.0462600000000D+04 3.0545700000000D+01
   0.51078   0.83148   0.99778    1.1163    1.1956     1.238    1.2361    1.1842
    1.0471   0.64271
    3    1 1.0462600000000D+04 1.2322135380000D+13
   0.51078   0.83148   0.99778    1.1163    1.1956     1.238    1.2361    1.1842
    1.0471   0.64271
    9    0 1.0462600000000D+04 2.9290000000000D+02
   10    0 1.0462600000000D+04 1.5789285714286D+01
*---+----+-------------------+-------------------+---------+---------------------
*   1: printout of the result at time [hours]
*---+----+-------------------+-------------------+---------+---------------------
    1    0 1.0605600000000D+04
*---+----+-------------------+-------------------+---------+---------------------
    2    1 1.0605600000000D+04 3.0374500000000D+01
   0.64887   0.97565    1.0854    1.1385    1.1607    1.1611    1.1405    1.0906
   0.97776   0.62098
    3    1 1.0605600000000D+04 1.2250035850000D+13
   0.64887   0.97565    1.0854    1.1385    1.1607    1.1611    1.1405    1.0906
   0.97776   0.62098
    9    0 1.0605600000000D+04 2.9290000000000D+02
   10    0 1.0605600000000D+04 1.5789285714286D+01
*---+----+-------------------+-------------------+---------+---------------------
*   1: printout of the result at time [hours]
*---+----+-------------------+-------------------+---------+---------------------
    1    0 1.4061600000000D+04
*---+----+-------------------+-------------------+---------+---------------------
    2    1 1.4061600000000D+04 2.8632500000000D+01
   0.80374     1.053     1.078    1.0704    1.0681    1.0679    1.0686    1.0633
    1.0168   0.70996
    3    1 1.4061600000000D+04 1.1702102750000D+13
   0.80374     1.053     1.078    1.0704    1.0681    1.0679    1.0686    1.0633
    1.0168   0.70996
    9    0 1.4061600000000D+04 2.9290000000000D+02
   10    0 1.4061600000000D+04 1.5789285714286D+01
*---+----+-------------------+-------------------+---------+---------------------
*   1: printout of the result at time [hours]
*---+----+-------------------+-------------------+---------+---------------------
    1    0 1.7253600000000D+04
*---+----+-------------------+-------------------+---------+---------------------
    2    1 1.7253600000000D+04 2.6917800000000D+01
   0.91464    1.0806    1.0492     1.032    1.0241    1.0222    1.0256    1.0341
    1.0275   0.79018
    3    1 1.7253600000000D+04 1.1079366480000D+13
   0.91464    1.0806    1.0492     1.032    1.0241    1.0222    1.0256    1.0341
    1.0275   0.79018
    9    0 1.7253600000000D+04 2.9290000000000D+02
   10    0 1.7253600000000D+04 1.5789285714286D+01
*---+----+-------------------+-------------------+---------+---------------------
*   1: printout of the result at time [hours]
*---+----+-------------------+-------------------+---------+---------------------
    1    0 1.7749400000000D+04
*---+----+-------------------+-------------------+---------+---------------------
    2    1 1.7749400000000D+04 2.5442300000000D+01
   0.85861     1.005   0.99519   0.99739    1.0108    1.0299    1.0537    1.0829
    1.1018   0.86466
    3    1 1.7749400000000D+04 1.0367737250000D+13
   0.85861     1.005   0.99519   0.99739    1.0108    1.0299    1.0537    1.0829
    1.1018   0.86466
    9    0 1.7749400000000D+04 2.8920000000000D+02
   10    0 1.7749400000000D+04 1.5789285714286D+01
*---+----+-------------------+-------------------+---------+---------------------
*   1: printout of the result at time [hours]
*---+----+-------------------+-------------------+---------+---------------------
    1    0 1.7751400000000D+04
*---+----+-------------------+-------------------+---------+---------------------
    2    1 1.7751400000000D+04 2.3279900000000D+01
   0.50168   0.78544   0.93849    1.0562    1.1485    1.2144    1.2527    1.2361
    1.1333   0.73329
    3    1 1.7751400000000D+04 1.0315323690000D+13
   0.50168   0.78544   0.93849    1.0562    1.1485    1.2144    1.2527    1.2361
    1.1333   0.73329
    9    0 1.7751400000000D+04 2.9290000000000D+02
   10    0 1.7751400000000D+04 1.5789285714286D+01
*---+----+-------------------+-------------------+---------+---------------------
*   1: printout of the result at time [hours]
*---+----+-------------------+-------------------+---------+---------------------
    1    0 1.7894400000000D+04
*---+----+-------------------+-------------------+---------+---------------------
    2    1 1.7894400000000D+04 2.3459600000000D+01
   0.63944   0.92474     1.026     1.084     1.122    1.1459    1.1582    1.1382
    1.0558   0.70577
    3    1 1.7894400000000D+04 1.0355067440000D+13
   0.63944   0.92474     1.026     1.084     1.122    1.1459    1.1582    1.1382
    1.0558   0.70577
    9    0 1.7894400000000D+04 2.9290000000000D+02
   10    0 1.7894400000000D+04 1.5789285714286D+01
*---+----+-------------------+-------------------+---------+---------------------
*   1: printout of the result at time [hours]
*---+----+-------------------+-------------------+---------+---------------------
    1    0 2.1350400000000D+04
*---+----+-------------------+-------------------+---------+---------------------
    2    1 2.1350400000000D+04 2.2878700000000D+01
   0.79257    1.0164    1.0431    1.0498    1.0563    1.0652    1.0762     1.089
    1.0518    0.7597
    3    1 2.1350400000000D+04 1.0155854930000D+13
   0.79257    1.0164    1.0431    1.0498    1.0563    1.0652    1.0762     1.089
    1.0518    0.7597
    9    0 2.1350400000000D+04 2.9290000000000D+02
   10    0 2.1350400000000D+04 1.5789285714286D+01
*---+----+-------------------+-------------------+---------+---------------------
*   1: printout of the result at time [hours]
*---+----+-------------------+-------------------+---------+---------------------
    1    0 2.5147200000000D+04
*---+----+-------------------+-------------------+---------+---------------------
    2    1 2.5147200000000D+04 2.1851900000000D+01
    0.9164    1.0449    1.0267    1.0151     1.014    1.0195    1.0306    1.0473
    1.0531   0.83238
    3    1 2.5147200000000D+04 9.7546881600000D+12
    0.9164    1.0449    1.0267    1.0151     1.014    1.0195    1.0306    1.0473
    1.0531   0.83238
    9    0 2.5147200000000D+04 2.9290000000000D+02
   10    0 2.5147200000000D+04 1.5789285714286D+01
*---+----+-------------------+-------------------+---------+---------------------
*   1: printout of the result at time [hours]
*---+----+-------------------+-------------------+---------+---------------------
    1    0 2.5724600000000D+04
*---+----+-------------------+-------------------+---------+---------------------
    2    1 2.5724600000000D+04 2.0316500000000D+01
   0.85084   0.96808   0.96375   0.97276   0.99466    1.0238    1.0592    1.1021
     1.142    0.9228
    3    1 2.5724600000000D+04 8.9494182500000D+12
   0.85084   0.96808   0.96375   0.97276   0.99466    1.0238    1.0592    1.1021
     1.142    0.9228
    9    0 2.5724600000000D+04 2.8810000000000D+02
   10    0 2.5724600000000D+04 1.5789285714286D+01
*---+----+-------------------+-------------------+---------+---------------------
*   1: printout of the result at time [hours]
*---+----+-------------------+-------------------+---------+---------------------
    1    0 2.5726600000000D+04
*---+----+-------------------+-------------------+---------+---------------------
    2    1 2.5726600000000D+04 4.1699000000000D+00
   0.50577   0.77532   0.93072    1.0456    1.1326    1.1952    1.2367    1.2314
    1.1569   0.78971
    3    1 2.5726600000000D+04 1.9744476500000D+12
   0.50577   0.77532   0.93072    1.0456    1.1326    1.1952    1.2367    1.2314
    1.1569   0.78971
    9    0 2.5726600000000D+04 2.9480000000000D+02
   10    0 2.5726600000000D+04 1.5789285714286D+01
*---+----+-------------------+-------------------+---------+---------------------
*   1: printout of the result at time [hours]
*---+----+-------------------+-------------------+---------+---------------------
    1    0 2.5888800000000D+04
*---+----+-------------------+-------------------+---------+---------------------
    2    1 2.5888800000000D+04 4.4005000000000D+00
   0.66197   0.93171    1.0312    1.0803    1.1069    1.1217    1.1312    1.1187
    1.0635   0.75264
    3    1 2.5888800000000D+04 2.0554735500000D+12
   0.66197   0.93171    1.0312    1.0803    1.1069    1.1217    1.1312    1.1187
    1.0635   0.75264
    9    0 2.5888800000000D+04 2.9480000000000D+02
   10    0 2.5888800000000D+04 1.5789285714286D+01
*---+----+-------------------+-------------------+---------+---------------------
*   1: printout of the result at time [hours]
*---+----+-------------------+-------------------+---------+---------------------
    1    0 2.6815200000000D+04
*---+----+-------------------+-------------------+---------+---------------------
    2    1 2.6815200000000D+04 4.4625000000000D+00
   0.69109   0.95417    1.0396    1.0772    1.0967    1.1079    1.1164    1.1059
    1.0561   0.75496
    3    1 2.6815200000000D+04 2.0661375000000D+12
   0.69109   0.95417    1.0396    1.0772    1.0967    1.1079    1.1164    1.1059
    1.0561   0.75496
    9    0 2.6815200000000D+04 2.9480000000000D+02
   10    0 2.6815200000000D+04 1.5789285714286D+01
*---+----+-------------------+-------------------+---------+---------------------
*   1: printout of the result at time [hours]
*---+----+-------------------+-------------------+---------+---------------------
    1    0 2.6817600000000D+04
*---+----+-------------------+-------------------+---------+---------------------
    2    1 2.6817600000000D+04 4.8369000000000D+00
   0.70624   0.96818    1.0484    1.0811    1.0957    1.1042    1.1046    1.0957
    1.0463   0.74945
    3    1 2.6817600000000D+04 2.2269087600000D+12
   0.70624   0.96818    1.0484    1.0811    1.0957    1.1042    1.1046    1.0957
    1.0463   0.74945
    9    0 2.6817600000000D+04 2.9060000000000D+02
   10    0 2.6817600000000D+04 1.5789285714286D+01
*---+----+-------------------+-------------------+---------+---------------------
*   1: printout of the result at time [hours]
*---+----+-------------------+-------------------+---------+---------------------
    1    0 2.9594400000000D+04
*---+----+-------------------+-------------------+---------+---------------------
    2    1 2.9594400000000D+04 5.0278000000000D+00
   0.79836    1.0227    1.0585    1.0633    1.0631    1.0629    1.0637    1.0623
    1.0331   0.77211
    3    1 2.9594400000000D+04 2.2670350200000D+12
   0.79836    1.0227    1.0585    1.0633    1.0631    1.0629    1.0637    1.0623
    1.0331   0.77211
    9    0 2.9594400000000D+04 2.9060000000000D+02
   10    0 2.9594400000000D+04 1.5789285714286D+01
*---+----+-------------------+-------------------+---------+---------------------
*   1: printout of the result at time [hours]
*---+----+-------------------+-------------------+---------+---------------------
    1    0 3.1278200000000D+04
*---+----+-------------------+-------------------+---------+---------------------
    2    1 3.1278200000000D+04 5.1052000000000D+00
   0.82759    1.0356    1.0626    1.0628    1.0589     1.055    1.0525    1.0483
    1.0203   0.77627
    3    1 3.1278200000000D+04 2.2866190800000D+12
   0.82759    1.0356    1.0626    1.0628    1.0589     1.055    1.0525    1.0483
    1.0203   0.77627
    9    0 3.1278200000000D+04 2.9060000000000D+02
   10    0 3.1278200000000D+04 1.5789285714286D+01
*---+----+-------------------+-------------------+---------+---------------------
*   1: printout of the result at time [hours]
*---+----+-------------------+-------------------+---------+---------------------
    1    0 3.1280200000000D+04
*---+----+-------------------+-------------------+---------+---------------------
    2    1 3.1280200000000D+04 4.4776000000000D+00
   0.51769    0.7073   0.83929   0.96011    1.0662    1.1549    1.2212    1.2576
    1.2625    1.0133
    3    1 3.1280200000000D+04 2.2311880800000D+12
   0.51769    0.7073   0.83929   0.96011    1.0662    1.1549    1.2212    1.2576
    1.2625    1.0133
    9    0 3.1280200000000D+04 2.9290000000000D+02
   10    0 3.1280200000000D+04 1.5789285714286D+01
*---+----+-------------------+-------------------+---------+---------------------
*   1: printout of the result at time [hours]
*---+----+-------------------+-------------------+---------+---------------------
    1    0 3.1423200000000D+04
*---+----+-------------------+-------------------+---------+---------------------
    2    1 3.1423200000000D+04 4.7726000000000D+00
   0.70339    0.8861   0.96593    1.0219    1.0617    1.0904    1.1099    1.1245
    1.1168   0.91941
    3    1 3.1423200000000D+04 2.3428693400000D+12
   0.70339    0.8861   0.96593    1.0219    1.0617    1.0904    1.1099    1.1245
    1.1168   0.91941
    9    0 3.1423200000000D+04 2.9290000000000D+02
   10    0 3.1423200000000D+04 1.5789285714286D+01
*---+----+-------------------+-------------------+---------+---------------------
*   1: printout of the result at time [hours]
*---+----+-------------------+-------------------+---------+---------------------
    1    0 3.4879200000000D+04
*---+----+-------------------+-------------------+---------+---------------------
    2    1 3.4879200000000D+04 5.5903000000000D+00
   0.81785   0.98564    1.0239    1.0395    1.0477    1.0541    1.0633    1.0599
    1.0475    0.8606
    3    1 3.4879200000000D+04 2.6643369800000D+12
   0.81785   0.98564    1.0239    1.0395    1.0477    1.0541    1.0633    1.0599
    1.0475    0.8606
    9    0 3.4879200000000D+04 2.9290000000000D+02
   10    0 3.4879200000000D+04 1.5789285714286D+01
*---+----+-------------------+-------------------+---------+---------------------
*   1: printout of the result at time [hours]
*---+----+-------------------+-------------------+---------+---------------------
    1    0 3.6679200000000D+04
*---+----+-------------------+-------------------+---------+---------------------
    2    1 3.6679200000000D+04 5.9809000000000D+00
   0.84151    1.0142    1.0518    1.0602    1.0592     1.055    1.0492     1.038
    1.0092   0.82162
    3    1 3.6679200000000D+04 2.8223867100000D+12
   0.84151    1.0142    1.0518    1.0602    1.0592     1.055    1.0492     1.038
    1.0092   0.82162
    9    0 3.6679200000000D+04 2.9290000000000D+02
   10    0 3.6679200000000D+04 1.5789285714286D+01
*---+----+-------------------+-------------------+---------+---------------------
*   1: printout of the result at time [hours]
*---+----+-------------------+-------------------+---------+---------------------
    1    0 4.1073600000000D+04
*---+----+-------------------+-------------------+---------+---------------------
    2    1 4.1073600000000D+04 7.5526000000000D+00
   0.94259    1.0366    1.0031   0.98496   0.98536   0.99688    1.0182      1.05
    1.0719   0.91041
    3    1 4.1073600000000D+04 3.4311461800000D+12
   0.94259    1.0366    1.0031   0.98496   0.98536   0.99688    1.0182      1.05
    1.0719   0.91041
    9    0 4.1073600000000D+04 2.9290000000000D+02
   10    0 4.1073600000000D+04 1.5789285714286D+01
*---+----+-------------------+-------------------+---------+---------------------
*   1: printout of the result at time [hours]
*---+----+-------------------+-------------------+---------+---------------------
    1    0 4.1361600000000D+04
*---+----+-------------------+-------------------+---------+---------------------
    2    1 4.1361600000000D+04 7.2706000000000D+00
    0.8892   0.97832   0.95687   0.95549   0.97323    1.0018    1.0401    1.0904
    1.1381    0.9764
    3    1 4.1361600000000D+04 3.2724970600000D+12
    0.8892   0.97832   0.95687   0.95549   0.97323    1.0018    1.0401    1.0904
    1.1381    0.9764
    9    0 4.1361600000000D+04 2.8960000000000D+02
   10    0 4.1361600000000D+04 1.5789285714286D+01
* data point #2666 end
*  00:  last line of data set (finishing the program)
*---+----+-------------------+-------------------+---------+---------------------
00000    0 4.1361600000000D+04
*---+----+-------------------+-------------------+---------+---------------------
