* data point #2463 begin
*
*---+----+-------------------+-------------------+---------+---------------------
*   1: printout of the result at time [hours]
*---+----+-------------------+-------------------+---------+---------------------
    1    0 0.0000000000000D+00
*---+----+-------------------+-------------------+---------+---------------------
    2    1 0.0000000000000D+00 2.9094800000000D+01
   0.45094   0.70999   0.87081    1.0052    1.1232     1.219    1.2839    1.3077
    1.2169   0.81234
    3    1 0.0000000000000D+00 1.0625420960000D+13
   0.45094   0.70999   0.87081    1.0052    1.1232     1.219    1.2839    1.3077
    1.2169   0.81234
    9    0 0.0000000000000D+00 2.9060000000000D+02
   10    0 0.0000000000000D+00 1.5760000000000D+01
*---+----+-------------------+-------------------+---------+---------------------
*   1: printout of the result at time [hours]
*---+----+-------------------+-------------------+---------+---------------------
    1    0 1.5120000000000D+02
*---+----+-------------------+-------------------+---------+---------------------
    2    1 1.5120000000000D+02 2.8696100000000D+01
    0.6442   0.92256    1.0255    1.0799    1.1156    1.1382    1.1511     1.135
    1.0606   0.72742
    3    1 1.5120000000000D+02 1.0505642210000D+13
    0.6442   0.92256    1.0255    1.0799    1.1156    1.1382    1.1511     1.135
    1.0606   0.72742
    9    0 1.5120000000000D+02 2.9060000000000D+02
   10    0 1.5120000000000D+02 1.5760000000000D+01
*---+----+-------------------+-------------------+---------+---------------------
*   1: printout of the result at time [hours]
*---+----+-------------------+-------------------+---------+---------------------
    1    0 6.8208000000000D+03
*---+----+-------------------+-------------------+---------+---------------------
    2    1 6.8208000000000D+03 2.7816000000000D+01
   0.84193    1.1267    1.1345    1.1071    1.0797    1.0553    1.0339    1.0111
   0.95122   0.65858
    3    1 6.8208000000000D+03 1.0636838400000D+13
   0.84193    1.1267    1.1345    1.1071    1.0797    1.0553    1.0339    1.0111
   0.95122   0.65858
    9    0 6.8208000000000D+03 2.9060000000000D+02
   10    0 6.8208000000000D+03 1.5760000000000D+01
*---+----+-------------------+-------------------+---------+---------------------
*   1: printout of the result at time [hours]
*---+----+-------------------+-------------------+---------+---------------------
    1    0 1.0098200000000D+04
*---+----+-------------------+-------------------+---------+---------------------
    2    1 1.0098200000000D+04 2.7579800000000D+01
   0.92945    1.1374    1.0776    1.0442    1.0259    1.0145    1.0094    1.0138
     1.005   0.74279
    3    1 1.0098200000000D+04 1.0714752300000D+13
   0.92945    1.1374    1.0776    1.0442    1.0259    1.0145    1.0094    1.0138
     1.005   0.74279
    9    0 1.0098200000000D+04 2.9060000000000D+02
   10    0 1.0098200000000D+04 1.5760000000000D+01
*---+----+-------------------+-------------------+---------+---------------------
*   1: printout of the result at time [hours]
*---+----+-------------------+-------------------+---------+---------------------
    1    0 1.0100200000000D+04
*---+----+-------------------+-------------------+---------+---------------------
    2    1 1.0100200000000D+04 2.6026200000000D+01
   0.46515   0.72531   0.86236   0.98547    1.0952    1.1867    1.2546    1.2969
    1.2596   0.86866
    3    1 1.0100200000000D+04 1.1050724520000D+13
   0.46515   0.72531   0.86236   0.98547    1.0952    1.1867    1.2546    1.2969
    1.2596   0.86866
    9    0 1.0100200000000D+04 2.9290000000000D+02
   10    0 1.0100200000000D+04 1.5760000000000D+01
*---+----+-------------------+-------------------+---------+---------------------
*   1: printout of the result at time [hours]
*---+----+-------------------+-------------------+---------+---------------------
    1    0 1.0243200000000D+04
*---+----+-------------------+-------------------+---------+---------------------
    2    1 1.0243200000000D+04 2.6084000000000D+01
   0.63702   0.91918    1.0049    1.0598    1.0983    1.1243    1.1432    1.1399
    1.1019   0.77147
    3    1 1.0243200000000D+04 1.1075266400000D+13
   0.63702   0.91918    1.0049    1.0598    1.0983    1.1243    1.1432    1.1399
    1.1019   0.77147
    9    0 1.0243200000000D+04 2.9290000000000D+02
   10    0 1.0243200000000D+04 1.5760000000000D+01
*---+----+-------------------+-------------------+---------+---------------------
*   1: printout of the result at time [hours]
*---+----+-------------------+-------------------+---------+---------------------
    1    0 1.3699200000000D+04
*---+----+-------------------+-------------------+---------+---------------------
    2    1 1.3699200000000D+04 2.4836000000000D+01
   0.77698    1.0313    1.0627    1.0699    1.0718    1.0721    1.0709    1.0649
    1.0303   0.74911
    3    1 1.3699200000000D+04 1.0654644000000D+13
   0.77698    1.0313    1.0627    1.0699    1.0718    1.0721    1.0709    1.0649
    1.0303   0.74911
    9    0 1.3699200000000D+04 2.9290000000000D+02
   10    0 1.3699200000000D+04 1.5760000000000D+01
*---+----+-------------------+-------------------+---------+---------------------
*   1: printout of the result at time [hours]
*---+----+-------------------+-------------------+---------+---------------------
    1    0 1.5499200000000D+04
*---+----+-------------------+-------------------+---------+---------------------
    2    1 1.5499200000000D+04 2.3987500000000D+01
   0.81155    1.0542    1.0788    1.0782    1.0719    1.0642    1.0555    1.0425
    1.0031   0.74001
    3    1 1.5499200000000D+04 1.0348207500000D+13
   0.81155    1.0542    1.0788    1.0782    1.0719    1.0642    1.0555    1.0425
    1.0031   0.74001
    9    0 1.5499200000000D+04 2.9290000000000D+02
   10    0 1.5499200000000D+04 1.5760000000000D+01
*---+----+-------------------+-------------------+---------+---------------------
*   1: printout of the result at time [hours]
*---+----+-------------------+-------------------+---------+---------------------
    1    0 1.9893600000000D+04
*---+----+-------------------+-------------------+---------+---------------------
    2    1 1.9893600000000D+04 2.3273300000000D+01
   0.96737     1.073    1.0247   0.99934   0.99118   0.99251    1.0028    1.0252
    1.0486   0.87534
    3    1 1.9893600000000D+04 1.0075011570000D+13
   0.96737     1.073    1.0247   0.99934   0.99118   0.99251    1.0028    1.0252
    1.0486   0.87534
    9    0 1.9893600000000D+04 2.9290000000000D+02
   10    0 1.9893600000000D+04 1.5760000000000D+01
*---+----+-------------------+-------------------+---------+---------------------
*   1: printout of the result at time [hours]
*---+----+-------------------+-------------------+---------+---------------------
    1    0 2.0181600000000D+04
*---+----+-------------------+-------------------+---------+---------------------
    2    1 2.0181600000000D+04 2.2191000000000D+01
   0.91037    1.0109   0.97724   0.96972   0.97954   0.99829    1.0256     1.066
    1.1187   0.94363
    3    1 2.0181600000000D+04 9.5132817000000D+12
   0.91037    1.0109   0.97724   0.96972   0.97954   0.99829    1.0256     1.066
    1.1187   0.94363
    9    0 2.0181600000000D+04 2.8960000000000D+02
   10    0 2.0181600000000D+04 1.5760000000000D+01
* data point #2463 end
*  00:  last line of data set (finishing the program)
*---+----+-------------------+-------------------+---------+---------------------
00000    0 2.0181600000000D+04
*---+----+-------------------+-------------------+---------+---------------------
