* data point #3770 begin
*
*---+----+-------------------+-------------------+---------+---------------------
*   1: printout of the result at time [hours]
*---+----+-------------------+-------------------+---------+---------------------
    1    0 0.0000000000000D+00
*---+----+-------------------+-------------------+---------+---------------------
    2    1 0.0000000000000D+00 3.1367500000000D+01
     0.452   0.73541   0.90887    1.0443    1.1552    1.2386    1.2907    1.2771
    1.1584   0.73946
    3    1 0.0000000000000D+00 1.0759052500000D+13
     0.452   0.73541   0.90887    1.0443    1.1552    1.2386    1.2907    1.2771
    1.1584   0.73946
    9    0 0.0000000000000D+00 2.9060000000000D+02
   10    0 0.0000000000000D+00 1.5760000000000D+01
*---+----+-------------------+-------------------+---------+---------------------
*   1: printout of the result at time [hours]
*---+----+-------------------+-------------------+---------+---------------------
    1    0 1.5120000000000D+02
*---+----+-------------------+-------------------+---------+---------------------
    2    1 1.5120000000000D+02 3.0703100000000D+01
   0.63788   0.94336    1.0575    1.1109    1.1396    1.1537    1.1494    1.1195
    1.0182   0.67003
    3    1 1.5120000000000D+02 1.0558796090000D+13
   0.63788   0.94336    1.0575    1.1109    1.1396    1.1537    1.1494    1.1195
    1.0182   0.67003
    9    0 1.5120000000000D+02 2.9060000000000D+02
   10    0 1.5120000000000D+02 1.5760000000000D+01
*---+----+-------------------+-------------------+---------+---------------------
*   1: printout of the result at time [hours]
*---+----+-------------------+-------------------+---------+---------------------
    1    0 6.8208000000000D+03
*---+----+-------------------+-------------------+---------+---------------------
    2    1 6.8208000000000D+03 2.7884500000000D+01
   0.83695    1.1272    1.1299    1.1023    1.0771    1.0555    1.0369    1.0173
   0.95853   0.65836
    3    1 6.8208000000000D+03 1.0194573200000D+13
   0.83695    1.1272    1.1299    1.1023    1.0771    1.0555    1.0369    1.0173
   0.95853   0.65836
    9    0 6.8208000000000D+03 2.9060000000000D+02
   10    0 6.8208000000000D+03 1.5760000000000D+01
*---+----+-------------------+-------------------+---------+---------------------
*   1: printout of the result at time [hours]
*---+----+-------------------+-------------------+---------+---------------------
    1    0 1.0098200000000D+04
*---+----+-------------------+-------------------+---------+---------------------
    2    1 1.0098200000000D+04 2.7404700000000D+01
   0.93112    1.1331    1.0712    1.0386    1.0218    1.0122    1.0092    1.0168
    1.0133   0.75254
    3    1 1.0098200000000D+04 1.0213731690000D+13
   0.93112    1.1331    1.0712    1.0386    1.0218    1.0122    1.0092    1.0168
    1.0133   0.75254
    9    0 1.0098200000000D+04 2.9060000000000D+02
   10    0 1.0098200000000D+04 1.5760000000000D+01
*---+----+-------------------+-------------------+---------+---------------------
*   1: printout of the result at time [hours]
*---+----+-------------------+-------------------+---------+---------------------
    1    0 1.0100200000000D+04
*---+----+-------------------+-------------------+---------+---------------------
    2    1 1.0100200000000D+04 2.6977100000000D+01
   0.48886   0.75038   0.88931    1.0092    1.1115    1.1921     1.246    1.2709
    1.2173   0.82448
    3    1 1.0100200000000D+04 1.1068704130000D+13
   0.48886   0.75038   0.88931    1.0092    1.1115    1.1921     1.246    1.2709
    1.2173   0.82448
    9    0 1.0100200000000D+04 2.9290000000000D+02
   10    0 1.0100200000000D+04 1.5760000000000D+01
*---+----+-------------------+-------------------+---------+---------------------
*   1: printout of the result at time [hours]
*---+----+-------------------+-------------------+---------+---------------------
    1    0 1.0243200000000D+04
*---+----+-------------------+-------------------+---------+---------------------
    2    1 1.0243200000000D+04 2.6926300000000D+01
   0.66433    0.9422    1.0261    1.0756    1.1065     1.124    1.1328    1.1191
     1.071   0.73842
    3    1 1.0243200000000D+04 1.1045168260000D+13
   0.66433    0.9422    1.0261    1.0756    1.1065     1.124    1.1328    1.1191
     1.071   0.73842
    9    0 1.0243200000000D+04 2.9290000000000D+02
   10    0 1.0243200000000D+04 1.5760000000000D+01
*---+----+-------------------+-------------------+---------+---------------------
*   1: printout of the result at time [hours]
*---+----+-------------------+-------------------+---------+---------------------
    1    0 1.3699200000000D+04
*---+----+-------------------+-------------------+---------+---------------------
    2    1 1.3699200000000D+04 2.5839400000000D+01
    0.7915    1.0453     1.078    1.0826    1.0803    1.0758    1.0689    1.0551
    1.0083    0.7141
    3    1 1.3699200000000D+04 1.0806037080000D+13
    0.7915    1.0453     1.078    1.0826    1.0803    1.0758    1.0689    1.0551
    1.0083    0.7141
    9    0 1.3699200000000D+04 2.9290000000000D+02
   10    0 1.3699200000000D+04 1.5760000000000D+01
*---+----+-------------------+-------------------+---------+---------------------
*   1: printout of the result at time [hours]
*---+----+-------------------+-------------------+---------+---------------------
    1    0 1.5499200000000D+04
*---+----+-------------------+-------------------+---------+---------------------
    2    1 1.5499200000000D+04 2.5184800000000D+01
   0.81724    1.0691    1.0984    1.0955    1.0847    1.0714    1.0561    1.0338
   0.97821   0.69558
    3    1 1.5499200000000D+04 1.0650651920000D+13
   0.81724    1.0691    1.0984    1.0955    1.0847    1.0714    1.0561    1.0338
   0.97821   0.69558
    9    0 1.5499200000000D+04 2.9290000000000D+02
   10    0 1.5499200000000D+04 1.5760000000000D+01
*---+----+-------------------+-------------------+---------+---------------------
*   1: printout of the result at time [hours]
*---+----+-------------------+-------------------+---------+---------------------
    1    0 1.9893600000000D+04
*---+----+-------------------+-------------------+---------+---------------------
    2    1 1.9893600000000D+04 2.4049700000000D+01
    0.9554    1.0685    1.0239    1.0013   0.99664     1.002     1.016    1.0403
    1.0542    0.8418
    3    1 1.9893600000000D+04 1.0264411960000D+13
    0.9554    1.0685    1.0239    1.0013   0.99664     1.002     1.016    1.0403
    1.0542    0.8418
    9    0 1.9893600000000D+04 2.9290000000000D+02
   10    0 1.9893600000000D+04 1.5760000000000D+01
*---+----+-------------------+-------------------+---------+---------------------
*   1: printout of the result at time [hours]
*---+----+-------------------+-------------------+---------+---------------------
    1    0 2.0181600000000D+04
*---+----+-------------------+-------------------+---------+---------------------
    2    1 2.0181600000000D+04 2.2989100000000D+01
   0.89738    1.0047   0.97524   0.97098   0.98486    1.0082      1.04     1.083
    1.1261   0.90947
    3    1 2.0181600000000D+04 9.7151936600000D+12
   0.89738    1.0047   0.97524   0.97098   0.98486    1.0082      1.04     1.083
    1.1261   0.90947
    9    0 2.0181600000000D+04 2.8960000000000D+02
   10    0 2.0181600000000D+04 1.5760000000000D+01
* data point #3770 end
*  00:  last line of data set (finishing the program)
*---+----+-------------------+-------------------+---------+---------------------
00000    0 2.0181600000000D+04
*---+----+-------------------+-------------------+---------+---------------------
