* data point #3831 begin
*
*---+----+-------------------+-------------------+---------+---------------------
*   1: printout of the result at time [hours]
*---+----+-------------------+-------------------+---------+---------------------
    1    0 0.0000000000000D+00
*---+----+-------------------+-------------------+---------+---------------------
    2    1 0.0000000000000D+00 2.6488100000000D+01
   0.54983   0.85888    1.0192    1.1225    1.1892    1.2243    1.2207    1.1706
    1.0323   0.61258
    3    1 0.0000000000000D+00 1.0078722050000D+13
   0.54983   0.85888    1.0192    1.1225    1.1892    1.2243    1.2207    1.1706
    1.0323   0.61258
    9    0 0.0000000000000D+00 2.9290000000000D+02
   10    0 0.0000000000000D+00 1.5800000000000D+01
*---+----+-------------------+-------------------+---------+---------------------
*   1: printout of the result at time [hours]
*---+----+-------------------+-------------------+---------+---------------------
    1    0 1.4400000000000D+02
*---+----+-------------------+-------------------+---------+---------------------
    2    1 1.4400000000000D+02 2.6620700000000D+01
   0.69671    1.0006    1.1003    1.1376    1.1489     1.144    1.1236    1.0782
   0.96962   0.60025
    3    1 1.4400000000000D+02 1.0131838420000D+13
   0.69671    1.0006    1.1003    1.1376    1.1489     1.144    1.1236    1.0782
   0.96962   0.60025
    9    0 1.4400000000000D+02 2.9290000000000D+02
   10    0 1.4400000000000D+02 1.5800000000000D+01
*---+----+-------------------+-------------------+---------+---------------------
*   1: printout of the result at time [hours]
*---+----+-------------------+-------------------+---------+---------------------
    1    0 3.6000000000000D+03
*---+----+-------------------+-------------------+---------+---------------------
    2    1 3.6000000000000D+03 2.6943200000000D+01
   0.82815    1.0885    1.1113    1.0985    1.0833      1.07    1.0578    1.0399
   0.97869   0.64391
    3    1 3.6000000000000D+03 1.0200695520000D+13
   0.82815    1.0885    1.1113    1.0985    1.0833      1.07    1.0578    1.0399
   0.97869   0.64391
    9    0 3.6000000000000D+03 2.9290000000000D+02
   10    0 3.6000000000000D+03 1.5800000000000D+01
*---+----+-------------------+-------------------+---------+---------------------
*   1: printout of the result at time [hours]
*---+----+-------------------+-------------------+---------+---------------------
    1    0 7.3968000000000D+03
*---+----+-------------------+-------------------+---------+---------------------
    2    1 7.3968000000000D+03 2.8190600000000D+01
   0.89221    1.1326    1.1129    1.0822    1.0591    1.0417    1.0281    1.0152
   0.97231    0.6637
    3    1 7.3968000000000D+03 1.0447436360000D+13
   0.89221    1.1326    1.1129    1.0822    1.0591    1.0417    1.0281    1.0152
   0.97231    0.6637
    9    0 7.3968000000000D+03 2.9290000000000D+02
   10    0 7.3968000000000D+03 1.5800000000000D+01
*---+----+-------------------+-------------------+---------+---------------------
*   1: printout of the result at time [hours]
*---+----+-------------------+-------------------+---------+---------------------
    1    0 7.9742000000000D+03
*---+----+-------------------+-------------------+---------+---------------------
    2    1 7.9742000000000D+03 2.6773600000000D+01
   0.82185      1.05    1.0491    1.0431    1.0467    1.0555    1.0671    1.0788
    1.0565   0.73135
    3    1 7.9742000000000D+03 9.7937828800000D+12
   0.82185      1.05    1.0491    1.0431    1.0467    1.0555    1.0671    1.0788
    1.0565   0.73135
    9    0 7.9742000000000D+03 2.8810000000000D+02
   10    0 7.9742000000000D+03 1.5800000000000D+01
*---+----+-------------------+-------------------+---------+---------------------
*   1: printout of the result at time [hours]
*---+----+-------------------+-------------------+---------+---------------------
    1    0 7.9762000000000D+03
*---+----+-------------------+-------------------+---------+---------------------
    2    1 7.9762000000000D+03 2.9922600000000D+01
    0.5047   0.79933   0.93725     1.047    1.1419    1.2151    1.2576    1.2535
    1.1488   0.69479
    3    1 7.9762000000000D+03 1.1609968800000D+13
    0.5047   0.79933   0.93725     1.047    1.1419    1.2151    1.2576    1.2535
    1.1488   0.69479
    9    0 7.9762000000000D+03 2.9290000000000D+02
   10    0 7.9762000000000D+03 1.5800000000000D+01
*---+----+-------------------+-------------------+---------+---------------------
*   1: printout of the result at time [hours]
*---+----+-------------------+-------------------+---------+---------------------
    1    0 8.1192000000000D+03
*---+----+-------------------+-------------------+---------+---------------------
    2    1 8.1192000000000D+03 3.0126100000000D+01
   0.67676   0.98632    1.0636    1.0991    1.1224    1.1369    1.1365    1.1151
    1.0255   0.63789
    3    1 8.1192000000000D+03 1.1697964630000D+13
   0.67676   0.98632    1.0636    1.0991    1.1224    1.1369    1.1365    1.1151
    1.0255   0.63789
    9    0 8.1192000000000D+03 2.9290000000000D+02
   10    0 8.1192000000000D+03 1.5800000000000D+01
*---+----+-------------------+-------------------+---------+---------------------
*   1: printout of the result at time [hours]
*---+----+-------------------+-------------------+---------+---------------------
    1    0 1.1575200000000D+04
*---+----+-------------------+-------------------+---------+---------------------
    2    1 1.1575200000000D+04 2.9521800000000D+01
   0.87393    1.1086    1.0845    1.0611    1.0472    1.0396    1.0382    1.0418
    1.0182   0.68692
    3    1 1.1575200000000D+04 1.1646350100000D+13
   0.87393    1.1086    1.0845    1.0611    1.0472    1.0396    1.0382    1.0418
    1.0182   0.68692
    9    0 1.1575200000000D+04 2.9290000000000D+02
   10    0 1.1575200000000D+04 1.5800000000000D+01
*---+----+-------------------+-------------------+---------+---------------------
*   1: printout of the result at time [hours]
*---+----+-------------------+-------------------+---------+---------------------
    1    0 1.1952000000000D+04
*---+----+-------------------+-------------------+---------+---------------------
    2    1 1.1952000000000D+04 2.9426700000000D+01
   0.89218    1.1189    1.0838    1.0576    1.0418    1.0327    1.0301    1.0342
     1.015   0.69369
    3    1 1.1952000000000D+04 1.1626489170000D+13
   0.89218    1.1189    1.0838    1.0576    1.0418    1.0327    1.0301    1.0342
     1.015   0.69369
    9    0 1.1952000000000D+04 2.9290000000000D+02
   10    0 1.1952000000000D+04 1.5800000000000D+01
*---+----+-------------------+-------------------+---------+---------------------
*   1: printout of the result at time [hours]
*---+----+-------------------+-------------------+---------+---------------------
    1    0 1.2935000000000D+04
*---+----+-------------------+-------------------+---------+---------------------
    2    1 1.2935000000000D+04 2.5588500000000D+01
   0.78336   0.97051   0.97048   0.98353    1.0099    1.0436    1.0846    1.1362
    1.1741   0.84374
    3    1 1.2935000000000D+04 9.8234251500000D+12
   0.78336   0.97051   0.97048   0.98353    1.0099    1.0436    1.0846    1.1362
    1.1741   0.84374
    9    0 1.2935000000000D+04 2.8270000000000D+02
   10    0 1.2935000000000D+04 1.5800000000000D+01
*---+----+-------------------+-------------------+---------+---------------------
*   1: printout of the result at time [hours]
*---+----+-------------------+-------------------+---------+---------------------
    1    0 1.2937000000000D+04
*---+----+-------------------+-------------------+---------+---------------------
    2    1 1.2937000000000D+04 2.3508800000000D+01
   0.47016   0.71628   0.85117   0.97389    1.0847    1.1782    1.2494    1.2908
    1.2715   0.91391
    3    1 1.2937000000000D+04 1.0205170080000D+13
   0.47016   0.71628   0.85117   0.97389    1.0847    1.1782    1.2494    1.2908
    1.2715   0.91391
    9    0 1.2937000000000D+04 2.9290000000000D+02
   10    0 1.2937000000000D+04 1.5800000000000D+01
*---+----+-------------------+-------------------+---------+---------------------
*   1: printout of the result at time [hours]
*---+----+-------------------+-------------------+---------+---------------------
    1    0 1.3080000000000D+04
*---+----+-------------------+-------------------+---------+---------------------
    2    1 1.3080000000000D+04 2.3705000000000D+01
   0.64358    0.9077   0.99228     1.048    1.0884    1.1169    1.1348    1.1468
    1.1118   0.80979
    3    1 1.3080000000000D+04 1.0280858500000D+13
   0.64358    0.9077   0.99228     1.048    1.0884    1.1169    1.1348    1.1468
    1.1118   0.80979
    9    0 1.3080000000000D+04 2.9290000000000D+02
   10    0 1.3080000000000D+04 1.5800000000000D+01
*---+----+-------------------+-------------------+---------+---------------------
*   1: printout of the result at time [hours]
*---+----+-------------------+-------------------+---------+---------------------
    1    0 1.6536000000000D+04
*---+----+-------------------+-------------------+---------+---------------------
    2    1 1.6536000000000D+04 2.2909000000000D+01
   0.78463    1.0219    1.0524    1.0605    1.0639    1.0658    1.0701    1.0641
    1.0372   0.77934
    3    1 1.6536000000000D+04 9.9631241000000D+12
   0.78463    1.0219    1.0524    1.0605    1.0639    1.0658    1.0701    1.0641
    1.0372   0.77934
    9    0 1.6536000000000D+04 2.9290000000000D+02
   10    0 1.6536000000000D+04 1.5800000000000D+01
*---+----+-------------------+-------------------+---------+---------------------
*   1: printout of the result at time [hours]
*---+----+-------------------+-------------------+---------+---------------------
    1    0 1.8336000000000D+04
*---+----+-------------------+-------------------+---------+---------------------
    2    1 1.8336000000000D+04 2.2182500000000D+01
   0.82056    1.0465    1.0696    1.0697    1.0647    1.0583    1.0514    1.0415
    1.0095   0.76835
    3    1 1.8336000000000D+04 9.6715700000000D+12
   0.82056    1.0465    1.0696    1.0697    1.0647    1.0583    1.0514    1.0415
    1.0095   0.76835
    9    0 1.8336000000000D+04 2.9290000000000D+02
   10    0 1.8336000000000D+04 1.5800000000000D+01
*---+----+-------------------+-------------------+---------+---------------------
*   1: printout of the result at time [hours]
*---+----+-------------------+-------------------+---------+---------------------
    1    0 2.2730400000000D+04
*---+----+-------------------+-------------------+---------+---------------------
    2    1 2.2730400000000D+04 2.1934300000000D+01
   0.97988    1.0691    1.0193   0.99383   0.98553   0.98681   0.99721    1.0207
    1.0495   0.89818
    3    1 2.2730400000000D+04 9.5589679400000D+12
   0.97988    1.0691    1.0193   0.99383   0.98553   0.98681   0.99721    1.0207
    1.0495   0.89818
    9    0 2.2730400000000D+04 2.9290000000000D+02
   10    0 2.2730400000000D+04 1.5800000000000D+01
*---+----+-------------------+-------------------+---------+---------------------
*   1: printout of the result at time [hours]
*---+----+-------------------+-------------------+---------+---------------------
    1    0 2.3018400000000D+04
*---+----+-------------------+-------------------+---------+---------------------
    2    1 2.3018400000000D+04 2.0916900000000D+01
   0.92241    1.0076   0.97232   0.96439   0.97381   0.99221    1.0195    1.0607
    1.1199   0.96721
    3    1 2.3018400000000D+04 9.0172755900000D+12
   0.92241    1.0076   0.97232   0.96439   0.97381   0.99221    1.0195    1.0607
    1.1199   0.96721
    9    0 2.3018400000000D+04 2.8960000000000D+02
   10    0 2.3018400000000D+04 1.5800000000000D+01
* data point #3831 end
*  00:  last line of data set (finishing the program)
*---+----+-------------------+-------------------+---------+---------------------
00000    0 2.3018400000000D+04
*---+----+-------------------+-------------------+---------+---------------------
