* data point #308 begin
*
*---+----+-------------------+-------------------+---------+---------------------
*   1: printout of the result at time [hours]
*---+----+-------------------+-------------------+---------+---------------------
    1    0 0.0000000000000D+00
*---+----+-------------------+-------------------+---------+---------------------
    2    1 0.0000000000000D+00 2.9759200000000D+01
   0.45344   0.73648   0.90893    1.0435     1.154     1.237    1.2891    1.2762
    1.1592   0.74206
    3    1 0.0000000000000D+00 1.0930554160000D+13
   0.45344   0.73648   0.90893    1.0435     1.154     1.237    1.2891    1.2762
    1.1592   0.74206
    9    0 0.0000000000000D+00 2.9060000000000D+02
   10    0 0.0000000000000D+00 1.5760000000000D+01
*---+----+-------------------+-------------------+---------+---------------------
*   1: printout of the result at time [hours]
*---+----+-------------------+-------------------+---------+---------------------
    1    0 1.5120000000000D+02
*---+----+-------------------+-------------------+---------+---------------------
    2    1 1.5120000000000D+02 2.9000600000000D+01
   0.63868   0.94329    1.0565    1.1095    1.1382    1.1526    1.1487    1.1196
      1.02   0.67306
    3    1 1.5120000000000D+02 1.0689621160000D+13
   0.63868   0.94329    1.0565    1.1095    1.1382    1.1526    1.1487    1.1196
      1.02   0.67306
    9    0 1.5120000000000D+02 2.9060000000000D+02
   10    0 1.5120000000000D+02 1.5760000000000D+01
*---+----+-------------------+-------------------+---------+---------------------
*   1: printout of the result at time [hours]
*---+----+-------------------+-------------------+---------+---------------------
    1    0 6.8208000000000D+03
*---+----+-------------------+-------------------+---------+---------------------
    2    1 6.8208000000000D+03 2.6037400000000D+01
   0.83737    1.1263    1.1282    1.1007    1.0758    1.0547    1.0366    1.0179
   0.96073   0.66174
    3    1 6.8208000000000D+03 1.0245716900000D+13
   0.83737    1.1263    1.1282    1.1007    1.0758    1.0547    1.0366    1.0179
   0.96073   0.66174
    9    0 6.8208000000000D+03 2.9060000000000D+02
   10    0 6.8208000000000D+03 1.5760000000000D+01
*---+----+-------------------+-------------------+---------+---------------------
*   1: printout of the result at time [hours]
*---+----+-------------------+-------------------+---------+---------------------
    1    0 1.0098200000000D+04
*---+----+-------------------+-------------------+---------+---------------------
    2    1 1.0098200000000D+04 2.5798500000000D+01
   0.93176    1.1326    1.0702    1.0377     1.021    1.0116    1.0087    1.0166
    1.0142    0.7557
    3    1 1.0098200000000D+04 1.0275542550000D+13
   0.93176    1.1326    1.0702    1.0377     1.021    1.0116    1.0087    1.0166
    1.0142    0.7557
    9    0 1.0098200000000D+04 2.9060000000000D+02
   10    0 1.0098200000000D+04 1.5760000000000D+01
*---+----+-------------------+-------------------+---------+---------------------
*   1: printout of the result at time [hours]
*---+----+-------------------+-------------------+---------+---------------------
    1    0 1.0100200000000D+04
*---+----+-------------------+-------------------+---------+---------------------
    2    1 1.0100200000000D+04 2.5411800000000D+01
   0.48824   0.74942   0.88845    1.0086    1.1111    1.1921    1.2465    1.2718
    1.2184   0.82552
    3    1 1.0100200000000D+04 1.1140533120000D+13
   0.48824   0.74942   0.88845    1.0086    1.1111    1.1921    1.2465    1.2718
    1.2184   0.82552
    9    0 1.0100200000000D+04 2.9290000000000D+02
   10    0 1.0100200000000D+04 1.5760000000000D+01
*---+----+-------------------+-------------------+---------+---------------------
*   1: printout of the result at time [hours]
*---+----+-------------------+-------------------+---------+---------------------
    1    0 1.0243200000000D+04
*---+----+-------------------+-------------------+---------+---------------------
    2    1 1.0243200000000D+04 2.5375600000000D+01
   0.66383   0.94146    1.0256    1.0753    1.1064    1.1241    1.1331    1.1196
    1.0716    0.7391
    3    1 1.0243200000000D+04 1.1104362560000D+13
   0.66383   0.94146    1.0256    1.0753    1.1064    1.1241    1.1331    1.1196
    1.0716    0.7391
    9    0 1.0243200000000D+04 2.9290000000000D+02
   10    0 1.0243200000000D+04 1.5760000000000D+01
*---+----+-------------------+-------------------+---------+---------------------
*   1: printout of the result at time [hours]
*---+----+-------------------+-------------------+---------+---------------------
    1    0 1.3699200000000D+04
*---+----+-------------------+-------------------+---------+---------------------
    2    1 1.3699200000000D+04 2.4601900000000D+01
   0.79136    1.0452    1.0781    1.0827    1.0805    1.0759    1.0691     1.055
    1.0081   0.71393
    3    1 1.3699200000000D+04 1.0886340750000D+13
   0.79136    1.0452    1.0781    1.0827    1.0805    1.0759    1.0691     1.055
    1.0081   0.71393
    9    0 1.3699200000000D+04 2.9290000000000D+02
   10    0 1.3699200000000D+04 1.5760000000000D+01
*---+----+-------------------+-------------------+---------+---------------------
*   1: printout of the result at time [hours]
*---+----+-------------------+-------------------+---------+---------------------
    1    0 1.5499200000000D+04
*---+----+-------------------+-------------------+---------+---------------------
    2    1 1.5499200000000D+04 2.4095200000000D+01
   0.81713    1.0691    1.0987    1.0957    1.0849    1.0716    1.0561    1.0337
   0.97779    0.6952
    3    1 1.5499200000000D+04 1.0729592560000D+13
   0.81713    1.0691    1.0987    1.0957    1.0849    1.0716    1.0561    1.0337
   0.97779    0.6952
    9    0 1.5499200000000D+04 2.9290000000000D+02
   10    0 1.5499200000000D+04 1.5760000000000D+01
*---+----+-------------------+-------------------+---------+---------------------
*   1: printout of the result at time [hours]
*---+----+-------------------+-------------------+---------+---------------------
    1    0 1.9893600000000D+04
*---+----+-------------------+-------------------+---------+---------------------
    2    1 1.9893600000000D+04 2.3225900000000D+01
   0.95536    1.0685    1.0241    1.0015   0.99678     1.002     1.016    1.0402
     1.054    0.8416
    3    1 1.9893600000000D+04 1.0335525500000D+13
   0.95536    1.0685    1.0241    1.0015   0.99678     1.002     1.016    1.0402
     1.054    0.8416
    9    0 1.9893600000000D+04 2.9290000000000D+02
   10    0 1.9893600000000D+04 1.5760000000000D+01
*---+----+-------------------+-------------------+---------+---------------------
*   1: printout of the result at time [hours]
*---+----+-------------------+-------------------+---------+---------------------
    1    0 2.0181600000000D+04
*---+----+-------------------+-------------------+---------+---------------------
    2    1 2.0181600000000D+04 2.2208100000000D+01
   0.89742    1.0049    0.9755   0.97118     0.985    1.0082    1.0399    1.0828
    1.1258   0.90926
    3    1 2.0181600000000D+04 9.7848888600000D+12
   0.89742    1.0049    0.9755   0.97118     0.985    1.0082    1.0399    1.0828
    1.1258   0.90926
    9    0 2.0181600000000D+04 2.8960000000000D+02
   10    0 2.0181600000000D+04 1.5760000000000D+01
* data point #308 end
*  00:  last line of data set (finishing the program)
*---+----+-------------------+-------------------+---------+---------------------
00000    0 2.0181600000000D+04
*---+----+-------------------+-------------------+---------+---------------------
