* data point #3776 begin
*
*---+----+-------------------+-------------------+---------+---------------------
*   1: printout of the result at time [hours]
*---+----+-------------------+-------------------+---------+---------------------
    1    0 0.0000000000000D+00
*---+----+-------------------+-------------------+---------+---------------------
    2    1 0.0000000000000D+00 2.9242600000000D+01
   0.45201    0.7354   0.90888    1.0443    1.1552    1.2386    1.2907    1.2771
    1.1583   0.73947
    3    1 0.0000000000000D+00 1.0778822360000D+13
   0.45201    0.7354   0.90888    1.0443    1.1552    1.2386    1.2907    1.2771
    1.1583   0.73947
    9    0 0.0000000000000D+00 2.9060000000000D+02
   10    0 0.0000000000000D+00 1.5760000000000D+01
*---+----+-------------------+-------------------+---------+---------------------
*   1: printout of the result at time [hours]
*---+----+-------------------+-------------------+---------+---------------------
    1    0 1.5120000000000D+02
*---+----+-------------------+-------------------+---------+---------------------
    2    1 1.5120000000000D+02 2.8674300000000D+01
   0.63789   0.94335    1.0575    1.1109    1.1396    1.1537    1.1494    1.1195
    1.0182   0.67001
    3    1 1.5120000000000D+02 1.0589418990000D+13
   0.63789   0.94335    1.0575    1.1109    1.1396    1.1537    1.1494    1.1195
    1.0182   0.67001
    9    0 1.5120000000000D+02 2.9060000000000D+02
   10    0 1.5120000000000D+02 1.5760000000000D+01
*---+----+-------------------+-------------------+---------+---------------------
*   1: printout of the result at time [hours]
*---+----+-------------------+-------------------+---------+---------------------
    1    0 6.8208000000000D+03
*---+----+-------------------+-------------------+---------+---------------------
    2    1 6.8208000000000D+03 2.7180200000000D+01
   0.83697    1.1272    1.1299    1.1022    1.0771    1.0555    1.0369    1.0173
   0.95853   0.65838
    3    1 6.8208000000000D+03 1.0233345300000D+13
   0.83697    1.1272    1.1299    1.1022    1.0771    1.0555    1.0369    1.0173
   0.95853   0.65838
    9    0 6.8208000000000D+03 2.9060000000000D+02
   10    0 6.8208000000000D+03 1.5760000000000D+01
*---+----+-------------------+-------------------+---------+---------------------
*   1: printout of the result at time [hours]
*---+----+-------------------+-------------------+---------+---------------------
    1    0 1.0098200000000D+04
*---+----+-------------------+-------------------+---------+---------------------
    2    1 1.0098200000000D+04 2.6883700000000D+01
   0.93112    1.1331    1.0712    1.0386    1.0218    1.0122    1.0092    1.0168
    1.0133   0.75254
    3    1 1.0098200000000D+04 1.0264196660000D+13
   0.93112    1.1331    1.0712    1.0386    1.0218    1.0122    1.0092    1.0168
    1.0133   0.75254
    9    0 1.0098200000000D+04 2.9060000000000D+02
   10    0 1.0098200000000D+04 1.5760000000000D+01
*---+----+-------------------+-------------------+---------+---------------------
*   1: printout of the result at time [hours]
*---+----+-------------------+-------------------+---------+---------------------
    1    0 1.0100200000000D+04
*---+----+-------------------+-------------------+---------+---------------------
    2    1 1.0100200000000D+04 2.6530200000000D+01
   0.48884   0.75039   0.88933    1.0092    1.1115    1.1921     1.246    1.2709
    1.2173   0.82449
    3    1 1.0100200000000D+04 1.1150643060000D+13
   0.48884   0.75039   0.88933    1.0092    1.1115    1.1921     1.246    1.2709
    1.2173   0.82449
    9    0 1.0100200000000D+04 2.9290000000000D+02
   10    0 1.0100200000000D+04 1.5760000000000D+01
*---+----+-------------------+-------------------+---------+---------------------
*   1: printout of the result at time [hours]
*---+----+-------------------+-------------------+---------+---------------------
    1    0 1.0243200000000D+04
*---+----+-------------------+-------------------+---------+---------------------
    2    1 1.0243200000000D+04 2.6484300000000D+01
   0.66432   0.94218    1.0261    1.0756    1.1065    1.1239    1.1328     1.119
     1.071   0.73844
    3    1 1.0243200000000D+04 1.1104866990000D+13
   0.66432   0.94218    1.0261    1.0756    1.1065    1.1239    1.1328     1.119
     1.071   0.73844
    9    0 1.0243200000000D+04 2.9290000000000D+02
   10    0 1.0243200000000D+04 1.5760000000000D+01
*---+----+-------------------+-------------------+---------+---------------------
*   1: printout of the result at time [hours]
*---+----+-------------------+-------------------+---------+---------------------
    1    0 1.3699200000000D+04
*---+----+-------------------+-------------------+---------+---------------------
    2    1 1.3699200000000D+04 2.5574900000000D+01
   0.79152    1.0453     1.078    1.0825    1.0803    1.0758     1.069    1.0551
    1.0083    0.7141
    3    1 1.3699200000000D+04 1.0877004970000D+13
   0.79152    1.0453     1.078    1.0825    1.0803    1.0758     1.069    1.0551
    1.0083    0.7141
    9    0 1.3699200000000D+04 2.9290000000000D+02
   10    0 1.3699200000000D+04 1.5760000000000D+01
*---+----+-------------------+-------------------+---------+---------------------
*   1: printout of the result at time [hours]
*---+----+-------------------+-------------------+---------+---------------------
    1    0 1.5499200000000D+04
*---+----+-------------------+-------------------+---------+---------------------
    2    1 1.5499200000000D+04 2.4987400000000D+01
   0.81725    1.0691    1.0984    1.0954    1.0847    1.0714    1.0561    1.0338
   0.97821   0.69559
    3    1 1.5499200000000D+04 1.0719594600000D+13
   0.81725    1.0691    1.0984    1.0954    1.0847    1.0714    1.0561    1.0338
   0.97821   0.69559
    9    0 1.5499200000000D+04 2.9290000000000D+02
   10    0 1.5499200000000D+04 1.5760000000000D+01
*---+----+-------------------+-------------------+---------+---------------------
*   1: printout of the result at time [hours]
*---+----+-------------------+-------------------+---------+---------------------
    1    0 1.9893600000000D+04
*---+----+-------------------+-------------------+---------+---------------------
    2    1 1.9893600000000D+04 2.3922700000000D+01
   0.95541    1.0684    1.0239    1.0013   0.99663    1.0019     1.016    1.0403
    1.0543   0.84179
    3    1 1.9893600000000D+04 1.0334606400000D+13
   0.95541    1.0684    1.0239    1.0013   0.99663    1.0019     1.016    1.0403
    1.0543   0.84179
    9    0 1.9893600000000D+04 2.9290000000000D+02
   10    0 1.9893600000000D+04 1.5760000000000D+01
*---+----+-------------------+-------------------+---------+---------------------
*   1: printout of the result at time [hours]
*---+----+-------------------+-------------------+---------+---------------------
    1    0 2.0181600000000D+04
*---+----+-------------------+-------------------+---------+---------------------
    2    1 2.0181600000000D+04 2.2874400000000D+01
   0.89738    1.0047   0.97524   0.97095   0.98486    1.0082      1.04     1.083
    1.1261   0.90949
    3    1 2.0181600000000D+04 9.7856683200000D+12
   0.89738    1.0047   0.97524   0.97095   0.98486    1.0082      1.04     1.083
    1.1261   0.90949
    9    0 2.0181600000000D+04 2.8960000000000D+02
   10    0 2.0181600000000D+04 1.5760000000000D+01
* data point #3776 end
*  00:  last line of data set (finishing the program)
*---+----+-------------------+-------------------+---------+---------------------
00000    0 2.0181600000000D+04
*---+----+-------------------+-------------------+---------+---------------------
