* data point #3804 begin
*
*---+----+-------------------+-------------------+---------+---------------------
*   1: printout of the result at time [hours]
*---+----+-------------------+-------------------+---------+---------------------
    1    0 0.0000000000000D+00
*---+----+-------------------+-------------------+---------+---------------------
    2    1 0.0000000000000D+00 2.9519400000000D+01
   0.44696    0.7804   0.93982    1.0565    1.1492    1.2194    1.2623    1.2649
    1.1751   0.70554
    3    1 0.0000000000000D+00 1.0523666100000D+13
   0.44696    0.7804   0.93982    1.0565    1.1492    1.2194    1.2623    1.2649
    1.1751   0.70554
    9    0 0.0000000000000D+00 2.9290000000000D+02
   10    0 0.0000000000000D+00 1.5789285714286D+01
*---+----+-------------------+-------------------+---------+---------------------
*   1: printout of the result at time [hours]
*---+----+-------------------+-------------------+---------+---------------------
    1    0 1.4400000000000D+02
*---+----+-------------------+-------------------+---------+---------------------
    2    1 1.4400000000000D+02 2.8840300000000D+01
   0.61379   0.98009    1.0803    1.1199    1.1373    1.1436    1.1372    1.1148
    1.0342   0.63883
    3    1 1.4400000000000D+02 1.0304639190000D+13
   0.61379   0.98009    1.0803    1.1199    1.1373    1.1436    1.1372    1.1148
    1.0342   0.63883
    9    0 1.4400000000000D+02 2.9290000000000D+02
   10    0 1.4400000000000D+02 1.5789285714286D+01
*---+----+-------------------+-------------------+---------+---------------------
*   1: printout of the result at time [hours]
*---+----+-------------------+-------------------+---------+---------------------
    1    0 3.6000000000000D+03
*---+----+-------------------+-------------------+---------+---------------------
    2    1 3.6000000000000D+03 2.7453900000000D+01
    0.7612    1.1023    1.1274    1.1114    1.0932    1.0776     1.064     1.046
   0.98321   0.63379
    3    1 3.6000000000000D+03 1.0185396900000D+13
    0.7612    1.1023    1.1274    1.1114    1.0932    1.0776     1.064     1.046
   0.98321   0.63379
    9    0 3.6000000000000D+03 2.9290000000000D+02
   10    0 3.6000000000000D+03 1.5789285714286D+01
*---+----+-------------------+-------------------+---------+---------------------
*   1: printout of the result at time [hours]
*---+----+-------------------+-------------------+---------+---------------------
    1    0 6.1200000000000D+03
*---+----+-------------------+-------------------+---------+---------------------
    2    1 6.1200000000000D+03 2.6926500000000D+01
   0.81719    1.1308    1.1396    1.1138     1.087    1.0623    1.0399    1.0157
   0.95575   0.63788
    3    1 6.1200000000000D+03 1.0170139050000D+13
   0.81719    1.1308    1.1396    1.1138     1.087    1.0623    1.0399    1.0157
   0.95575   0.63788
    9    0 6.1200000000000D+03 2.9290000000000D+02
   10    0 6.1200000000000D+03 1.5789285714286D+01
*---+----+-------------------+-------------------+---------+---------------------
*   1: printout of the result at time [hours]
*---+----+-------------------+-------------------+---------+---------------------
    1    0 1.0113600000000D+04
*---+----+-------------------+-------------------+---------+---------------------
    2    1 1.0113600000000D+04 2.6410600000000D+01
   0.91357    1.1218    1.0656    1.0364    1.0235    1.0179    1.0185    1.0277
    1.0203   0.75477
    3    1 1.0113600000000D+04 1.0128465100000D+13
   0.91357    1.1218    1.0656    1.0364    1.0235    1.0179    1.0185    1.0277
    1.0203   0.75477
    9    0 1.0113600000000D+04 2.9290000000000D+02
   10    0 1.0113600000000D+04 1.5789285714286D+01
*---+----+-------------------+-------------------+---------+---------------------
*   1: printout of the result at time [hours]
*---+----+-------------------+-------------------+---------+---------------------
    1    0 1.0460600000000D+04
*---+----+-------------------+-------------------+---------+---------------------
    2    1 1.0460600000000D+04 2.5662100000000D+01
   0.87347    1.0623    1.0294    1.0157    1.0176    1.0257    1.0391    1.0615
    1.0722   0.80305
    3    1 1.0460600000000D+04 9.7926573600000D+12
   0.87347    1.0623    1.0294    1.0157    1.0176    1.0257    1.0391    1.0615
    1.0722   0.80305
    9    0 1.0460600000000D+04 2.9050000000000D+02
   10    0 1.0460600000000D+04 1.5789285714286D+01
*---+----+-------------------+-------------------+---------+---------------------
*   1: printout of the result at time [hours]
*---+----+-------------------+-------------------+---------+---------------------
    1    0 1.0462600000000D+04
*---+----+-------------------+-------------------+---------+---------------------
    2    1 1.0462600000000D+04 2.7405000000000D+01
   0.51206   0.83284    0.9985    1.1166    1.1956    1.2377    1.2356    1.1835
    1.0461   0.64153
    3    1 1.0462600000000D+04 1.1397739500000D+13
   0.51206   0.83284    0.9985    1.1166    1.1956    1.2377    1.2356    1.1835
    1.0461   0.64153
    9    0 1.0462600000000D+04 2.9290000000000D+02
   10    0 1.0462600000000D+04 1.5789285714286D+01
*---+----+-------------------+-------------------+---------+---------------------
*   1: printout of the result at time [hours]
*---+----+-------------------+-------------------+---------+---------------------
    1    0 1.0605600000000D+04
*---+----+-------------------+-------------------+---------+---------------------
    2    1 1.0605600000000D+04 2.7335400000000D+01
   0.64956    0.9761    1.0852    1.1382    1.1605     1.161    1.1405    1.0907
   0.97771   0.62055
    3    1 1.0605600000000D+04 1.1363325780000D+13
   0.64956    0.9761    1.0852    1.1382    1.1605     1.161    1.1405    1.0907
   0.97771   0.62055
    9    0 1.0605600000000D+04 2.9290000000000D+02
   10    0 1.0605600000000D+04 1.5789285714286D+01
*---+----+-------------------+-------------------+---------+---------------------
*   1: printout of the result at time [hours]
*---+----+-------------------+-------------------+---------+---------------------
    1    0 1.4061600000000D+04
*---+----+-------------------+-------------------+---------+---------------------
    2    1 1.4061600000000D+04 2.6250800000000D+01
   0.80379    1.0524    1.0772    1.0697    1.0676    1.0677    1.0688    1.0639
    1.0179   0.71095
    3    1 1.4061600000000D+04 1.0978084560000D+13
   0.80379    1.0524    1.0772    1.0697    1.0676    1.0677    1.0688    1.0639
    1.0179   0.71095
    9    0 1.4061600000000D+04 2.9290000000000D+02
   10    0 1.4061600000000D+04 1.5789285714286D+01
*---+----+-------------------+-------------------+---------+---------------------
*   1: printout of the result at time [hours]
*---+----+-------------------+-------------------+---------+---------------------
    1    0 1.7253600000000D+04
*---+----+-------------------+-------------------+---------+---------------------
    2    1 1.7253600000000D+04 2.4929900000000D+01
   0.91464    1.0802    1.0486    1.0315    1.0238    1.0221    1.0256    1.0344
    1.0282   0.79094
    3    1 1.7253600000000D+04 1.0448121090000D+13
   0.91464    1.0802    1.0486    1.0315    1.0238    1.0221    1.0256    1.0344
    1.0282   0.79094
    9    0 1.7253600000000D+04 2.9290000000000D+02
   10    0 1.7253600000000D+04 1.5789285714286D+01
*---+----+-------------------+-------------------+---------+---------------------
*   1: printout of the result at time [hours]
*---+----+-------------------+-------------------+---------+---------------------
    1    0 1.7749400000000D+04
*---+----+-------------------+-------------------+---------+---------------------
    2    1 1.7749400000000D+04 2.3550100000000D+01
   0.85872    1.0048   0.99473   0.99698    1.0105    1.0297    1.0537    1.0831
    1.1025   0.86535
    3    1 1.7749400000000D+04 9.7638714600000D+12
   0.85872    1.0048   0.99473   0.99698    1.0105    1.0297    1.0537    1.0831
    1.1025   0.86535
    9    0 1.7749400000000D+04 2.8920000000000D+02
   10    0 1.7749400000000D+04 1.5789285714286D+01
*---+----+-------------------+-------------------+---------+---------------------
*   1: printout of the result at time [hours]
*---+----+-------------------+-------------------+---------+---------------------
    1    0 1.7751400000000D+04
*---+----+-------------------+-------------------+---------+---------------------
    2    1 1.7751400000000D+04 2.1535100000000D+01
   0.50021   0.78365   0.93689    1.0551     1.148    1.2146    1.2538    1.2378
    1.1354   0.73461
    3    1 1.7751400000000D+04 9.7424792400000D+12
   0.50021   0.78365   0.93689    1.0551     1.148    1.2146    1.2538    1.2378
    1.1354   0.73461
    9    0 1.7751400000000D+04 2.9290000000000D+02
   10    0 1.7751400000000D+04 1.5789285714286D+01
*---+----+-------------------+-------------------+---------+---------------------
*   1: printout of the result at time [hours]
*---+----+-------------------+-------------------+---------+---------------------
    1    0 1.7894400000000D+04
*---+----+-------------------+-------------------+---------+---------------------
    2    1 1.7894400000000D+04 2.1948400000000D+01
    0.6385   0.92376     1.025    1.0834    1.1218    1.1461    1.1589    1.1392
     1.057   0.70648
    3    1 1.7894400000000D+04 9.9031180800000D+12
    0.6385   0.92376     1.025    1.0834    1.1218    1.1461    1.1589    1.1392
     1.057   0.70648
    9    0 1.7894400000000D+04 2.9290000000000D+02
   10    0 1.7894400000000D+04 1.5789285714286D+01
*---+----+-------------------+-------------------+---------+---------------------
*   1: printout of the result at time [hours]
*---+----+-------------------+-------------------+---------+---------------------
    1    0 2.1350400000000D+04
*---+----+-------------------+-------------------+---------+---------------------
    2    1 2.1350400000000D+04 2.1674600000000D+01
   0.79268    1.0167    1.0433    1.0498    1.0562     1.065     1.076    1.0888
    1.0518   0.75964
    3    1 2.1350400000000D+04 9.7925842800000D+12
   0.79268    1.0167    1.0433    1.0498    1.0562     1.065     1.076    1.0888
    1.0518   0.75964
    9    0 2.1350400000000D+04 2.9290000000000D+02
   10    0 2.1350400000000D+04 1.5789285714286D+01
*---+----+-------------------+-------------------+---------+---------------------
*   1: printout of the result at time [hours]
*---+----+-------------------+-------------------+---------+---------------------
    1    0 2.5147200000000D+04
*---+----+-------------------+-------------------+---------+---------------------
    2    1 2.5147200000000D+04 2.0871200000000D+01
   0.91686    1.0457    1.0273    1.0155    1.0142    1.0194    1.0302    1.0467
    1.0525   0.83172
    3    1 2.5147200000000D+04 9.4316952800000D+12
   0.91686    1.0457    1.0273    1.0155    1.0142    1.0194    1.0302    1.0467
    1.0525   0.83172
    9    0 2.5147200000000D+04 2.9290000000000D+02
   10    0 2.5147200000000D+04 1.5789285714286D+01
*---+----+-------------------+-------------------+---------+---------------------
*   1: printout of the result at time [hours]
*---+----+-------------------+-------------------+---------+---------------------
    1    0 2.5724600000000D+04
*---+----+-------------------+-------------------+---------+---------------------
    2    1 2.5724600000000D+04 1.9350000000000D+01
   0.85132   0.96879   0.96439   0.97328   0.99488    1.0238    1.0589    1.1015
    1.1412   0.92202
    3    1 2.5724600000000D+04 8.6281650000000D+12
   0.85132   0.96879   0.96439   0.97328   0.99488    1.0238    1.0589    1.1015
    1.1412   0.92202
    9    0 2.5724600000000D+04 2.8810000000000D+02
   10    0 2.5724600000000D+04 1.5789285714286D+01
*---+----+-------------------+-------------------+---------+---------------------
*   1: printout of the result at time [hours]
*---+----+-------------------+-------------------+---------+---------------------
    1    0 2.5726600000000D+04
*---+----+-------------------+-------------------+---------+---------------------
    2    1 2.5726600000000D+04 8.6043000000000D+00
   0.50521   0.77403   0.92849    1.0431    1.1302    1.1937    1.2318    1.2343
    1.1631     0.796
    3    1 2.5726600000000D+04 4.1292035700000D+12
   0.50521   0.77403   0.92849    1.0431    1.1302    1.1937    1.2318    1.2343
    1.1631     0.796
    9    0 2.5726600000000D+04 2.9480000000000D+02
   10    0 2.5726600000000D+04 1.5789285714286D+01
*---+----+-------------------+-------------------+---------+---------------------
*   1: printout of the result at time [hours]
*---+----+-------------------+-------------------+---------+---------------------
    1    0 2.5888800000000D+04
*---+----+-------------------+-------------------+---------+---------------------
    2    1 2.5888800000000D+04 8.9599000000000D+00
   0.66329    0.9326    1.0309    1.0793    1.1054    1.1201      1.13    1.1184
    1.0651   0.75492
    3    1 2.5888800000000D+04 4.2425126500000D+12
   0.66329    0.9326    1.0309    1.0793    1.1054    1.1201      1.13    1.1184
    1.0651   0.75492
    9    0 2.5888800000000D+04 2.9480000000000D+02
   10    0 2.5888800000000D+04 1.5789285714286D+01
*---+----+-------------------+-------------------+---------+---------------------
*   1: printout of the result at time [hours]
*---+----+-------------------+-------------------+---------+---------------------
    1    0 2.6815200000000D+04
*---+----+-------------------+-------------------+---------+---------------------
    2    1 2.6815200000000D+04 8.9879000000000D+00
   0.69226   0.95506    1.0394    1.0764    1.0955    1.1064    1.1153    1.1055
    1.0573   0.75691
    3    1 2.6815200000000D+04 4.2324021100000D+12
   0.69226   0.95506    1.0394    1.0764    1.0955    1.1064    1.1153    1.1055
    1.0573   0.75691
    9    0 2.6815200000000D+04 2.9480000000000D+02
   10    0 2.6815200000000D+04 1.5789285714286D+01
*---+----+-------------------+-------------------+---------+---------------------
*   1: printout of the result at time [hours]
*---+----+-------------------+-------------------+---------+---------------------
    1    0 2.6817600000000D+04
*---+----+-------------------+-------------------+---------+---------------------
    2    1 2.6817600000000D+04 9.7676000000000D+00
   0.70734   0.96902    1.0483    1.0802    1.0946    1.1028    1.1033    1.0954
    1.0475   0.75146
    3    1 2.6817600000000D+04 4.5643994800000D+12
   0.70734   0.96902    1.0483    1.0802    1.0946    1.1028    1.1033    1.0954
    1.0475   0.75146
    9    0 2.6817600000000D+04 2.9060000000000D+02
   10    0 2.6817600000000D+04 1.5789285714286D+01
*---+----+-------------------+-------------------+---------+---------------------
*   1: printout of the result at time [hours]
*---+----+-------------------+-------------------+---------+---------------------
    1    0 2.9594400000000D+04
*---+----+-------------------+-------------------+---------+---------------------
    2    1 2.9594400000000D+04 9.8749000000000D+00
    0.7992    1.0235    1.0588    1.0633    1.0626    1.0622    1.0629    1.0617
     1.033   0.77277
    3    1 2.9594400000000D+04 4.5740536800000D+12
    0.7992    1.0235    1.0588    1.0633    1.0626    1.0622    1.0629    1.0617
     1.033   0.77277
    9    0 2.9594400000000D+04 2.9060000000000D+02
   10    0 2.9594400000000D+04 1.5789285714286D+01
*---+----+-------------------+-------------------+---------+---------------------
*   1: printout of the result at time [hours]
*---+----+-------------------+-------------------+---------+---------------------
    1    0 3.1278200000000D+04
*---+----+-------------------+-------------------+---------+---------------------
    2    1 3.1278200000000D+04 9.8714000000000D+00
   0.82805     1.036    1.0629    1.0629    1.0587    1.0548    1.0519    1.0479
    1.0202   0.77669
    3    1 3.1278200000000D+04 4.5428182800000D+12
   0.82805     1.036    1.0629    1.0629    1.0587    1.0548    1.0519    1.0479
    1.0202   0.77669
    9    0 3.1278200000000D+04 2.9060000000000D+02
   10    0 3.1278200000000D+04 1.5789285714286D+01
*---+----+-------------------+-------------------+---------+---------------------
*   1: printout of the result at time [hours]
*---+----+-------------------+-------------------+---------+---------------------
    1    0 3.1280200000000D+04
*---+----+-------------------+-------------------+---------+---------------------
    2    1 3.1280200000000D+04 1.7362000000000D+00
    0.5201   0.71017   0.84322   0.96302    1.0684    1.1554    1.2199    1.2602
    1.2516    1.0079
    3    1 3.1280200000000D+04 8.8876078000000D+11
    0.5201   0.71017   0.84322   0.96302    1.0684    1.1554    1.2199    1.2602
    1.2516    1.0079
    9    0 3.1280200000000D+04 2.9290000000000D+02
   10    0 3.1280200000000D+04 1.5789285714286D+01
*---+----+-------------------+-------------------+---------+---------------------
*   1: printout of the result at time [hours]
*---+----+-------------------+-------------------+---------+---------------------
    1    0 3.1423200000000D+04
*---+----+-------------------+-------------------+---------+---------------------
    2    1 3.1423200000000D+04 1.8902000000000D+00
   0.70575   0.88879   0.96921    1.0248    1.0634    1.0909    1.1083    1.1221
    1.1115   0.91525
    3    1 3.1423200000000D+04 9.4963648000000D+11
   0.70575   0.88879   0.96921    1.0248    1.0634    1.0909    1.1083    1.1221
    1.1115   0.91525
    9    0 3.1423200000000D+04 2.9290000000000D+02
   10    0 3.1423200000000D+04 1.5789285714286D+01
*---+----+-------------------+-------------------+---------+---------------------
*   1: printout of the result at time [hours]
*---+----+-------------------+-------------------+---------+---------------------
    1    0 3.4879200000000D+04
*---+----+-------------------+-------------------+---------+---------------------
    2    1 3.4879200000000D+04 2.2975000000000D+00
   0.81959    0.9876    1.0263    1.0411     1.049    1.0542    1.0625    1.0577
    1.0437   0.85832
    3    1 3.4879200000000D+04 1.1200312500000D+12
   0.81959    0.9876    1.0263    1.0411     1.049    1.0542    1.0625    1.0577
    1.0437   0.85832
    9    0 3.4879200000000D+04 2.9290000000000D+02
   10    0 3.4879200000000D+04 1.5789285714286D+01
*---+----+-------------------+-------------------+---------+---------------------
*   1: printout of the result at time [hours]
*---+----+-------------------+-------------------+---------+---------------------
    1    0 3.6679200000000D+04
*---+----+-------------------+-------------------+---------+---------------------
    2    1 3.6679200000000D+04 2.5036000000000D+00
   0.84319    1.0157    1.0537    1.0617    1.0601    1.0553    1.0481    1.0361
    1.0062   0.82002
    3    1 3.6679200000000D+04 1.1999754800000D+12
   0.84319    1.0157    1.0537    1.0617    1.0601    1.0553    1.0481    1.0361
    1.0062   0.82002
    9    0 3.6679200000000D+04 2.9290000000000D+02
   10    0 3.6679200000000D+04 1.5789285714286D+01
*---+----+-------------------+-------------------+---------+---------------------
*   1: printout of the result at time [hours]
*---+----+-------------------+-------------------+---------+---------------------
    1    0 4.1073600000000D+04
*---+----+-------------------+-------------------+---------+---------------------
    2    1 4.1073600000000D+04 3.3637000000000D+00
   0.94271    1.0384    1.0057   0.98731   0.98701   0.99771    1.0179    1.0483
    1.0679   0.90704
    3    1 4.1073600000000D+04 1.5294743900000D+12
   0.94271    1.0384    1.0057   0.98731   0.98701   0.99771    1.0179    1.0483
    1.0679   0.90704
    9    0 4.1073600000000D+04 2.9290000000000D+02
   10    0 4.1073600000000D+04 1.5789285714286D+01
*---+----+-------------------+-------------------+---------+---------------------
*   1: printout of the result at time [hours]
*---+----+-------------------+-------------------+---------+---------------------
    1    0 4.1361600000000D+04
*---+----+-------------------+-------------------+---------+---------------------
    2    1 4.1361600000000D+04 3.2316000000000D+00
   0.88934   0.98032   0.95928   0.95742   0.97475    1.0026      1.04    1.0892
    1.1344   0.97258
    3    1 4.1361600000000D+04 1.4496957600000D+12
   0.88934   0.98032   0.95928   0.95742   0.97475    1.0026      1.04    1.0892
    1.1344   0.97258
    9    0 4.1361600000000D+04 2.8960000000000D+02
   10    0 4.1361600000000D+04 1.5789285714286D+01
* data point #3804 end
*  00:  last line of data set (finishing the program)
*---+----+-------------------+-------------------+---------+---------------------
00000    0 4.1361600000000D+04
*---+----+-------------------+-------------------+---------+---------------------
