* data point #3060 begin
*
*---+----+-------------------+-------------------+---------+---------------------
*   1: printout of the result at time [hours]
*---+----+-------------------+-------------------+---------+---------------------
    1    0 0.0000000000000D+00
*---+----+-------------------+-------------------+---------+---------------------
    2    1 0.0000000000000D+00 3.2164900000000D+01
   0.55337   0.86411    1.0242     1.126    1.1908    1.2237    1.2182     1.166
    1.0261   0.60759
    3    1 0.0000000000000D+00 1.1453920890000D+13
   0.55337   0.86411    1.0242     1.126    1.1908    1.2237    1.2182     1.166
    1.0261   0.60759
    9    0 0.0000000000000D+00 2.9290000000000D+02
   10    0 0.0000000000000D+00 1.5800000000000D+01
*---+----+-------------------+-------------------+---------+---------------------
*   1: printout of the result at time [hours]
*---+----+-------------------+-------------------+---------+---------------------
    1    0 1.4400000000000D+02
*---+----+-------------------+-------------------+---------+---------------------
    2    1 1.4400000000000D+02 3.2097000000000D+01
   0.69926    1.0044    1.1038      1.14    1.1499    1.1437     1.122    1.0753
   0.96529   0.59641
    3    1 1.4400000000000D+02 1.1448999900000D+13
   0.69926    1.0044    1.1038      1.14    1.1499    1.1437     1.122    1.0753
   0.96529   0.59641
    9    0 1.4400000000000D+02 2.9290000000000D+02
   10    0 1.4400000000000D+02 1.5800000000000D+01
*---+----+-------------------+-------------------+---------+---------------------
*   1: printout of the result at time [hours]
*---+----+-------------------+-------------------+---------+---------------------
    1    0 3.6000000000000D+03
*---+----+-------------------+-------------------+---------+---------------------
    2    1 3.6000000000000D+03 3.0662400000000D+01
   0.82828    1.0892    1.1118    1.0988    1.0835    1.0701    1.0578    1.0397
   0.97807   0.64258
    3    1 3.6000000000000D+03 1.1207107200000D+13
   0.82828    1.0892    1.1118    1.0988    1.0835    1.0701    1.0578    1.0397
   0.97807   0.64258
    9    0 3.6000000000000D+03 2.9290000000000D+02
   10    0 3.6000000000000D+03 1.5800000000000D+01
*---+----+-------------------+-------------------+---------+---------------------
*   1: printout of the result at time [hours]
*---+----+-------------------+-------------------+---------+---------------------
    1    0 7.3968000000000D+03
*---+----+-------------------+-------------------+---------+---------------------
    2    1 7.3968000000000D+03 2.9890100000000D+01
    0.8909    1.1318    1.1121    1.0817     1.059    1.0421    1.0289    1.0163
   0.97337   0.66373
    3    1 7.3968000000000D+03 1.1128084230000D+13
    0.8909    1.1318    1.1121    1.0817     1.059    1.0421    1.0289    1.0163
   0.97337   0.66373
    9    0 7.3968000000000D+03 2.9290000000000D+02
   10    0 7.3968000000000D+03 1.5800000000000D+01
*---+----+-------------------+-------------------+---------+---------------------
*   1: printout of the result at time [hours]
*---+----+-------------------+-------------------+---------+---------------------
    1    0 7.9742000000000D+03
*---+----+-------------------+-------------------+---------+---------------------
    2    1 7.9742000000000D+03 2.8201700000000D+01
   0.82048    1.0487     1.048    1.0423    1.0464    1.0558    1.0681    1.0803
    1.0581   0.73184
    3    1 7.9742000000000D+03 1.0375405430000D+13
   0.82048    1.0487     1.048    1.0423    1.0464    1.0558    1.0681    1.0803
    1.0581   0.73184
    9    0 7.9742000000000D+03 2.8810000000000D+02
   10    0 7.9742000000000D+03 1.5800000000000D+01
*---+----+-------------------+-------------------+---------+---------------------
*   1: printout of the result at time [hours]
*---+----+-------------------+-------------------+---------+---------------------
    1    0 7.9762000000000D+03
*---+----+-------------------+-------------------+---------+---------------------
    2    1 7.9762000000000D+03 3.1494100000000D+01
   0.52372   0.83158   0.96974    1.0719     1.155    1.2145    1.2466    1.2239
    1.1054   0.65771
    3    1 7.9762000000000D+03 1.2506307110000D+13
   0.52372   0.83158   0.96974    1.0719     1.155    1.2145    1.2466    1.2239
    1.1054   0.65771
    9    0 7.9762000000000D+03 2.9290000000000D+02
   10    0 7.9762000000000D+03 1.5800000000000D+01
*---+----+-------------------+-------------------+---------+---------------------
*   1: printout of the result at time [hours]
*---+----+-------------------+-------------------+---------+---------------------
    1    0 8.1192000000000D+03
*---+----+-------------------+-------------------+---------+---------------------
    2    1 8.1192000000000D+03 3.1196300000000D+01
   0.69297    1.0132    1.0886    1.1165    1.1304    1.1341    1.1255    1.0942
   0.99451    0.6101
    3    1 8.1192000000000D+03 1.2409888140000D+13
   0.69297    1.0132    1.0886    1.1165    1.1304    1.1341    1.1255    1.0942
   0.99451    0.6101
    9    0 8.1192000000000D+03 2.9290000000000D+02
   10    0 8.1192000000000D+03 1.5800000000000D+01
*---+----+-------------------+-------------------+---------+---------------------
*   1: printout of the result at time [hours]
*---+----+-------------------+-------------------+---------+---------------------
    1    0 1.1575200000000D+04
*---+----+-------------------+-------------------+---------+---------------------
    2    1 1.1575200000000D+04 2.9615300000000D+01
    0.8786    1.1139    1.0894    1.0648    1.0494    1.0403    1.0371    1.0383
    1.0107   0.67745
    3    1 1.1575200000000D+04 1.2006042620000D+13
    0.8786    1.1139    1.0894    1.0648    1.0494    1.0403    1.0371    1.0383
    1.0107   0.67745
    9    0 1.1575200000000D+04 2.9290000000000D+02
   10    0 1.1575200000000D+04 1.5800000000000D+01
*---+----+-------------------+-------------------+---------+---------------------
*   1: printout of the result at time [hours]
*---+----+-------------------+-------------------+---------+---------------------
    1    0 1.1952000000000D+04
*---+----+-------------------+-------------------+---------+---------------------
    2    1 1.1952000000000D+04 2.9487900000000D+01
   0.89603    1.1231    1.0877    1.0607    1.0438    1.0335    1.0295    1.0315
    1.0088   0.68526
    3    1 1.1952000000000D+04 1.1969138610000D+13
   0.89603    1.1231    1.0877    1.0607    1.0438    1.0335    1.0295    1.0315
    1.0088   0.68526
    9    0 1.1952000000000D+04 2.9290000000000D+02
   10    0 1.1952000000000D+04 1.5800000000000D+01
*---+----+-------------------+-------------------+---------+---------------------
*   1: printout of the result at time [hours]
*---+----+-------------------+-------------------+---------+---------------------
    1    0 1.2935000000000D+04
*---+----+-------------------+-------------------+---------+---------------------
    2    1 1.2935000000000D+04 2.5761600000000D+01
   0.78501   0.97207   0.97257   0.98577     1.012    1.0452    1.0855    1.1355
      1.17    0.8364
    3    1 1.2935000000000D+04 1.0144918080000D+13
   0.78501   0.97207   0.97257   0.98577     1.012    1.0452    1.0855    1.1355
      1.17    0.8364
    9    0 1.2935000000000D+04 2.8270000000000D+02
   10    0 1.2935000000000D+04 1.5800000000000D+01
*---+----+-------------------+-------------------+---------+---------------------
*   1: printout of the result at time [hours]
*---+----+-------------------+-------------------+---------+---------------------
    1    0 1.2937000000000D+04
*---+----+-------------------+-------------------+---------+---------------------
    2    1 1.2937000000000D+04 2.2204100000000D+01
   0.46892   0.71356   0.84836   0.97167    1.0833    1.1779    1.2504    1.2931
    1.2753    0.9174
    3    1 1.2937000000000D+04 9.6832080100000D+12
   0.46892   0.71356   0.84836   0.97167    1.0833    1.1779    1.2504    1.2931
    1.2753    0.9174
    9    0 1.2937000000000D+04 2.9290000000000D+02
   10    0 1.2937000000000D+04 1.5800000000000D+01
*---+----+-------------------+-------------------+---------+---------------------
*   1: printout of the result at time [hours]
*---+----+-------------------+-------------------+---------+---------------------
    1    0 1.3080000000000D+04
*---+----+-------------------+-------------------+---------+---------------------
    2    1 1.3080000000000D+04 2.2458900000000D+01
   0.64224   0.90481   0.98954    1.0461    1.0875    1.1169    1.1359    1.1488
    1.1152   0.81291
    3    1 1.3080000000000D+04 9.7875886200000D+12
   0.64224   0.90481   0.98954    1.0461    1.0875    1.1169    1.1359    1.1488
    1.1152   0.81291
    9    0 1.3080000000000D+04 2.9290000000000D+02
   10    0 1.3080000000000D+04 1.5800000000000D+01
*---+----+-------------------+-------------------+---------+---------------------
*   1: printout of the result at time [hours]
*---+----+-------------------+-------------------+---------+---------------------
    1    0 1.6536000000000D+04
*---+----+-------------------+-------------------+---------+---------------------
    2    1 1.6536000000000D+04 2.1778500000000D+01
   0.78371    1.0194    1.0502    1.0591    1.0632    1.0659     1.071    1.0657
    1.0398   0.78201
    3    1 1.6536000000000D+04 9.5302716000000D+12
   0.78371    1.0194    1.0502    1.0591    1.0632    1.0659     1.071    1.0657
    1.0398   0.78201
    9    0 1.6536000000000D+04 2.9290000000000D+02
   10    0 1.6536000000000D+04 1.5800000000000D+01
*---+----+-------------------+-------------------+---------+---------------------
*   1: printout of the result at time [hours]
*---+----+-------------------+-------------------+---------+---------------------
    1    0 1.8336000000000D+04
*---+----+-------------------+-------------------+---------+---------------------
    2    1 1.8336000000000D+04 2.1104600000000D+01
   0.81982    1.0442    1.0675    1.0683     1.064    1.0583    1.0521    1.0429
    1.0119   0.77083
    3    1 1.8336000000000D+04 9.2585880200000D+12
   0.81982    1.0442    1.0675    1.0683     1.064    1.0583    1.0521    1.0429
    1.0119   0.77083
    9    0 1.8336000000000D+04 2.9290000000000D+02
   10    0 1.8336000000000D+04 1.5800000000000D+01
*---+----+-------------------+-------------------+---------+---------------------
*   1: printout of the result at time [hours]
*---+----+-------------------+-------------------+---------+---------------------
    1    0 2.2730400000000D+04
*---+----+-------------------+-------------------+---------+---------------------
    2    1 2.2730400000000D+04 2.1105200000000D+01
   0.97947    1.0673    1.0177   0.99274   0.98492   0.98668   0.99757    1.0217
    1.0513   0.90058
    3    1 2.2730400000000D+04 9.2271934400000D+12
   0.97947    1.0673    1.0177   0.99274   0.98492   0.98668   0.99757    1.0217
    1.0513   0.90058
    9    0 2.2730400000000D+04 2.9290000000000D+02
   10    0 2.2730400000000D+04 1.5800000000000D+01
*---+----+-------------------+-------------------+---------+---------------------
*   1: printout of the result at time [hours]
*---+----+-------------------+-------------------+---------+---------------------
    1    0 2.3018400000000D+04
*---+----+-------------------+-------------------+---------+---------------------
    2    1 2.3018400000000D+04 2.0127600000000D+01
   0.92197    1.0058   0.97076   0.96325   0.97314   0.99202    1.0198    1.0617
    1.1219   0.96971
    3    1 2.3018400000000D+04 8.7071997600000D+12
   0.92197    1.0058   0.97076   0.96325   0.97314   0.99202    1.0198    1.0617
    1.1219   0.96971
    9    0 2.3018400000000D+04 2.8960000000000D+02
   10    0 2.3018400000000D+04 1.5800000000000D+01
* data point #3060 end
*  00:  last line of data set (finishing the program)
*---+----+-------------------+-------------------+---------+---------------------
00000    0 2.3018400000000D+04
*---+----+-------------------+-------------------+---------+---------------------
