* data point #3413 begin
*
*---+----+-------------------+-------------------+---------+---------------------
*   1: printout of the result at time [hours]
*---+----+-------------------+-------------------+---------+---------------------
    1    0 0.0000000000000D+00
*---+----+-------------------+-------------------+---------+---------------------
    2    1 0.0000000000000D+00 1.7119400000000D+01
   0.55335   0.86411    1.0242     1.126    1.1908    1.2237    1.2182     1.166
     1.026   0.60761
    3    1 0.0000000000000D+00 6.2708362200000D+12
   0.55335   0.86411    1.0242     1.126    1.1908    1.2237    1.2182     1.166
     1.026   0.60761
    9    0 0.0000000000000D+00 2.9290000000000D+02
   10    0 0.0000000000000D+00 1.5800000000000D+01
*---+----+-------------------+-------------------+---------+---------------------
*   1: printout of the result at time [hours]
*---+----+-------------------+-------------------+---------+---------------------
    1    0 1.4400000000000D+02
*---+----+-------------------+-------------------+---------+---------------------
    2    1 1.4400000000000D+02 1.7460700000000D+01
   0.69923    1.0044    1.1039    1.1399    1.1499    1.1437     1.122    1.0753
   0.96531   0.59643
    3    1 1.4400000000000D+02 6.3923622700000D+12
   0.69923    1.0044    1.1039    1.1399    1.1499    1.1437     1.122    1.0753
   0.96531   0.59643
    9    0 1.4400000000000D+02 2.9290000000000D+02
   10    0 1.4400000000000D+02 1.5800000000000D+01
*---+----+-------------------+-------------------+---------+---------------------
*   1: printout of the result at time [hours]
*---+----+-------------------+-------------------+---------+---------------------
    1    0 3.6000000000000D+03
*---+----+-------------------+-------------------+---------+---------------------
    2    1 3.6000000000000D+03 1.8237600000000D+01
   0.82829    1.0892    1.1118    1.0988    1.0835    1.0701    1.0578    1.0398
   0.97803   0.64257
    3    1 3.6000000000000D+03 6.6530764800000D+12
   0.82829    1.0892    1.1118    1.0988    1.0835    1.0701    1.0578    1.0398
   0.97803   0.64257
    9    0 3.6000000000000D+03 2.9290000000000D+02
   10    0 3.6000000000000D+03 1.5800000000000D+01
*---+----+-------------------+-------------------+---------+---------------------
*   1: printout of the result at time [hours]
*---+----+-------------------+-------------------+---------+---------------------
    1    0 7.3968000000000D+03
*---+----+-------------------+-------------------+---------+---------------------
    2    1 7.3968000000000D+03 1.9599600000000D+01
   0.89089    1.1318    1.1121    1.0817    1.0591    1.0421    1.0289    1.0163
   0.97339   0.66374
    3    1 7.3968000000000D+03 7.0891753200000D+12
   0.89089    1.1318    1.1121    1.0817    1.0591    1.0421    1.0289    1.0163
   0.97339   0.66374
    9    0 7.3968000000000D+03 2.9290000000000D+02
   10    0 7.3968000000000D+03 1.5800000000000D+01
*---+----+-------------------+-------------------+---------+---------------------
*   1: printout of the result at time [hours]
*---+----+-------------------+-------------------+---------+---------------------
    1    0 7.9742000000000D+03
*---+----+-------------------+-------------------+---------+---------------------
    2    1 7.9742000000000D+03 1.8700700000000D+01
    0.8205    1.0487    1.0479    1.0423    1.0464    1.0558     1.068    1.0803
    1.0581   0.73184
    3    1 7.9742000000000D+03 6.6555791300000D+12
    0.8205    1.0487    1.0479    1.0423    1.0464    1.0558     1.068    1.0803
    1.0581   0.73184
    9    0 7.9742000000000D+03 2.8810000000000D+02
   10    0 7.9742000000000D+03 1.5800000000000D+01
*---+----+-------------------+-------------------+---------+---------------------
*   1: printout of the result at time [hours]
*---+----+-------------------+-------------------+---------+---------------------
    1    0 7.9762000000000D+03
*---+----+-------------------+-------------------+---------+---------------------
    2    1 7.9762000000000D+03 2.1983900000000D+01
   0.52375   0.83156   0.96976    1.0718     1.155    1.2145    1.2465    1.2239
    1.1054   0.65771
    3    1 7.9762000000000D+03 8.4594047200000D+12
   0.52375   0.83156   0.96976    1.0718     1.155    1.2145    1.2465    1.2239
    1.1054   0.65771
    9    0 7.9762000000000D+03 2.9290000000000D+02
   10    0 7.9762000000000D+03 1.5800000000000D+01
*---+----+-------------------+-------------------+---------+---------------------
*   1: printout of the result at time [hours]
*---+----+-------------------+-------------------+---------+---------------------
    1    0 8.1192000000000D+03
*---+----+-------------------+-------------------+---------+---------------------
    2    1 8.1192000000000D+03 2.2357100000000D+01
   0.69298    1.0131    1.0886    1.1165    1.1304    1.1341    1.1255    1.0942
   0.99449    0.6101
    3    1 8.1192000000000D+03 8.5940692400000D+12
   0.69298    1.0131    1.0886    1.1165    1.1304    1.1341    1.1255    1.0942
   0.99449    0.6101
    9    0 8.1192000000000D+03 2.9290000000000D+02
   10    0 8.1192000000000D+03 1.5800000000000D+01
*---+----+-------------------+-------------------+---------+---------------------
*   1: printout of the result at time [hours]
*---+----+-------------------+-------------------+---------+---------------------
    1    0 1.1575200000000D+04
*---+----+-------------------+-------------------+---------+---------------------
    2    1 1.1575200000000D+04 2.3031000000000D+01
    0.8786    1.1139    1.0894    1.0648    1.0494    1.0403    1.0371    1.0383
    1.0107   0.67743
    3    1 1.1575200000000D+04 8.7655986000000D+12
    0.8786    1.1139    1.0894    1.0648    1.0494    1.0403    1.0371    1.0383
    1.0107   0.67743
    9    0 1.1575200000000D+04 2.9290000000000D+02
   10    0 1.1575200000000D+04 1.5800000000000D+01
*---+----+-------------------+-------------------+---------+---------------------
*   1: printout of the result at time [hours]
*---+----+-------------------+-------------------+---------+---------------------
    1    0 1.1952000000000D+04
*---+----+-------------------+-------------------+---------+---------------------
    2    1 1.1952000000000D+04 2.3047600000000D+01
   0.89602    1.1231    1.0877    1.0607    1.0438    1.0335    1.0295    1.0316
    1.0088   0.68528
    3    1 1.1952000000000D+04 8.7788308400000D+12
   0.89602    1.1231    1.0877    1.0607    1.0438    1.0335    1.0295    1.0316
    1.0088   0.68528
    9    0 1.1952000000000D+04 2.9290000000000D+02
   10    0 1.1952000000000D+04 1.5800000000000D+01
*---+----+-------------------+-------------------+---------+---------------------
*   1: printout of the result at time [hours]
*---+----+-------------------+-------------------+---------+---------------------
    1    0 1.2935000000000D+04
*---+----+-------------------+-------------------+---------+---------------------
    2    1 1.2935000000000D+04 2.0087100000000D+01
   0.78498   0.97207   0.97256   0.98576     1.012    1.0451    1.0855    1.1356
    1.1701   0.83641
    3    1 1.2935000000000D+04 7.4362444200000D+12
   0.78498   0.97207   0.97256   0.98576     1.012    1.0451    1.0855    1.1356
    1.1701   0.83641
    9    0 1.2935000000000D+04 2.8270000000000D+02
   10    0 1.2935000000000D+04 1.5800000000000D+01
*---+----+-------------------+-------------------+---------+---------------------
*   1: printout of the result at time [hours]
*---+----+-------------------+-------------------+---------+---------------------
    1    0 1.2937000000000D+04
*---+----+-------------------+-------------------+---------+---------------------
    2    1 1.2937000000000D+04 2.5220500000000D+01
    0.4689   0.71355   0.84836   0.97167    1.0833    1.1779    1.2504    1.2931
    1.2753   0.91743
    3    1 1.2937000000000D+04 1.0640528950000D+13
    0.4689   0.71355   0.84836   0.97167    1.0833    1.1779    1.2504    1.2931
    1.2753   0.91743
    9    0 1.2937000000000D+04 2.9290000000000D+02
   10    0 1.2937000000000D+04 1.5800000000000D+01
*---+----+-------------------+-------------------+---------+---------------------
*   1: printout of the result at time [hours]
*---+----+-------------------+-------------------+---------+---------------------
    1    0 1.3080000000000D+04
*---+----+-------------------+-------------------+---------+---------------------
    2    1 1.3080000000000D+04 2.5419900000000D+01
   0.64225    0.9048   0.98954    1.0461    1.0875    1.1169    1.1359    1.1488
    1.1152   0.81291
    3    1 1.3080000000000D+04 1.0704319890000D+13
   0.64225    0.9048   0.98954    1.0461    1.0875    1.1169    1.1359    1.1488
    1.1152   0.81291
    9    0 1.3080000000000D+04 2.9290000000000D+02
   10    0 1.3080000000000D+04 1.5800000000000D+01
*---+----+-------------------+-------------------+---------+---------------------
*   1: printout of the result at time [hours]
*---+----+-------------------+-------------------+---------+---------------------
    1    0 1.6536000000000D+04
*---+----+-------------------+-------------------+---------+---------------------
    2    1 1.6536000000000D+04 2.4327600000000D+01
   0.78372    1.0194    1.0502     1.059    1.0632    1.0659     1.071    1.0657
    1.0398   0.78199
    3    1 1.6536000000000D+04 1.0356259320000D+13
   0.78372    1.0194    1.0502     1.059    1.0632    1.0659     1.071    1.0657
    1.0398   0.78199
    9    0 1.6536000000000D+04 2.9290000000000D+02
   10    0 1.6536000000000D+04 1.5800000000000D+01
*---+----+-------------------+-------------------+---------+---------------------
*   1: printout of the result at time [hours]
*---+----+-------------------+-------------------+---------+---------------------
    1    0 1.8336000000000D+04
*---+----+-------------------+-------------------+---------+---------------------
    2    1 1.8336000000000D+04 2.3501600000000D+01
   0.81982    1.0442    1.0675    1.0683     1.064    1.0584    1.0521     1.043
    1.0118   0.77084
    3    1 1.8336000000000D+04 1.0053984480000D+13
   0.81982    1.0442    1.0675    1.0683     1.064    1.0584    1.0521     1.043
    1.0118   0.77084
    9    0 1.8336000000000D+04 2.9290000000000D+02
   10    0 1.8336000000000D+04 1.5800000000000D+01
*---+----+-------------------+-------------------+---------+---------------------
*   1: printout of the result at time [hours]
*---+----+-------------------+-------------------+---------+---------------------
    1    0 2.2730400000000D+04
*---+----+-------------------+-------------------+---------+---------------------
    2    1 2.2730400000000D+04 2.3094100000000D+01
   0.97947    1.0673    1.0177   0.99276   0.98493    0.9867   0.99757    1.0217
    1.0513   0.90058
    3    1 2.2730400000000D+04 9.8888936200000D+12
   0.97947    1.0673    1.0177   0.99276   0.98493    0.9867   0.99757    1.0217
    1.0513   0.90058
    9    0 2.2730400000000D+04 2.9290000000000D+02
   10    0 2.2730400000000D+04 1.5800000000000D+01
*---+----+-------------------+-------------------+---------+---------------------
*   1: printout of the result at time [hours]
*---+----+-------------------+-------------------+---------+---------------------
    1    0 2.3018400000000D+04
*---+----+-------------------+-------------------+---------+---------------------
    2    1 2.3018400000000D+04 2.2019700000000D+01
   0.92199    1.0058   0.97077   0.96327   0.97313   0.99202    1.0198    1.0616
    1.1219   0.96968
    3    1 2.3018400000000D+04 9.3297468900000D+12
   0.92199    1.0058   0.97077   0.96327   0.97313   0.99202    1.0198    1.0616
    1.1219   0.96968
    9    0 2.3018400000000D+04 2.8960000000000D+02
   10    0 2.3018400000000D+04 1.5800000000000D+01
* data point #3413 end
*  00:  last line of data set (finishing the program)
*---+----+-------------------+-------------------+---------+---------------------
00000    0 2.3018400000000D+04
*---+----+-------------------+-------------------+---------+---------------------
