* data point #3623 begin
*
*---+----+-------------------+-------------------+---------+---------------------
*   1: printout of the result at time [hours]
*---+----+-------------------+-------------------+---------+---------------------
    1    0 0.0000000000000D+00
*---+----+-------------------+-------------------+---------+---------------------
    2    1 0.0000000000000D+00 2.8091700000000D+01
   0.56871   0.87962    1.0398    1.1346    1.1894     1.212    1.1973    1.1374
   0.99901   0.64225
    3    1 0.0000000000000D+00 9.7393923900000D+12
   0.56871   0.87962    1.0398    1.1346    1.1894     1.212    1.1973    1.1374
   0.99901   0.64225
    9    0 0.0000000000000D+00 2.9290000000000D+02
   10    0 0.0000000000000D+00 1.5761290322581D+01
*---+----+-------------------+-------------------+---------+---------------------
*   1: printout of the result at time [hours]
*---+----+-------------------+-------------------+---------+---------------------
    1    0 1.4400000000000D+02
*---+----+-------------------+-------------------+---------+---------------------
    2    1 1.4400000000000D+02 2.7605500000000D+01
   0.71138    1.0133    1.1122    1.1427    1.1457     1.133    1.1056    1.0538
   0.94604   0.63607
    3    1 1.4400000000000D+02 9.5901507000000D+12
   0.71138    1.0133    1.1122    1.1427    1.1457     1.133    1.1056    1.0538
   0.94604   0.63607
    9    0 1.4400000000000D+02 2.9290000000000D+02
   10    0 1.4400000000000D+02 1.5761290322581D+01
*---+----+-------------------+-------------------+---------+---------------------
*   1: printout of the result at time [hours]
*---+----+-------------------+-------------------+---------+---------------------
    1    0 3.6000000000000D+03
*---+----+-------------------+-------------------+---------+---------------------
    2    1 3.6000000000000D+03 2.7835100000000D+01
   0.82101    1.0974    1.1344    1.1113    1.0894    1.0687    1.0487    1.0208
   0.94808   0.66028
    3    1 3.6000000000000D+03 1.0084656730000D+13
   0.82101    1.0974    1.1344    1.1113    1.0894    1.0687    1.0487    1.0208
   0.94808   0.66028
    9    0 3.6000000000000D+03 2.9290000000000D+02
   10    0 3.6000000000000D+03 1.5761290322581D+01
*---+----+-------------------+-------------------+---------+---------------------
*   1: printout of the result at time [hours]
*---+----+-------------------+-------------------+---------+---------------------
    1    0 7.3968000000000D+03
*---+----+-------------------+-------------------+---------+---------------------
    2    1 7.3968000000000D+03 2.8762400000000D+01
   0.86578    1.1453    1.1312    1.0973    1.0707    1.0493      1.03    1.0068
   0.94161   0.66211
    3    1 7.3968000000000D+03 1.0765766320000D+13
   0.86578    1.1453    1.1312    1.0973    1.0707    1.0493      1.03    1.0068
   0.94161   0.66211
    9    0 7.3968000000000D+03 2.9290000000000D+02
   10    0 7.3968000000000D+03 1.5761290322581D+01
*---+----+-------------------+-------------------+---------+---------------------
*   1: printout of the result at time [hours]
*---+----+-------------------+-------------------+---------+---------------------
    1    0 7.9742000000000D+03
*---+----+-------------------+-------------------+---------+---------------------
    2    1 7.9742000000000D+03 2.7270000000000D+01
   0.79413    1.0548    1.0594     1.053    1.0556    1.0626    1.0711    1.0815
    1.0326   0.73513
    3    1 7.9742000000000D+03 1.0087173000000D+13
   0.79413    1.0548    1.0594     1.053    1.0556    1.0626    1.0711    1.0815
    1.0326   0.73513
    9    0 7.9742000000000D+03 2.8810000000000D+02
   10    0 7.9742000000000D+03 1.5761290322581D+01
*---+----+-------------------+-------------------+---------+---------------------
*   1: printout of the result at time [hours]
*---+----+-------------------+-------------------+---------+---------------------
    1    0 7.9762000000000D+03
*---+----+-------------------+-------------------+---------+---------------------
    2    1 7.9762000000000D+03 1.9525500000000D+01
   0.51543   0.84105   0.98471    1.0855    1.1636    1.2167    1.2415    1.2102
    1.0786   0.66288
    3    1 7.9762000000000D+03 8.4428262000000D+12
   0.51543   0.84105   0.98471    1.0855    1.1636    1.2167    1.2415    1.2102
    1.0786   0.66288
    9    0 7.9762000000000D+03 2.9290000000000D+02
   10    0 7.9762000000000D+03 1.5761290322581D+01
*---+----+-------------------+-------------------+---------+---------------------
*   1: printout of the result at time [hours]
*---+----+-------------------+-------------------+---------+---------------------
    1    0 8.1192000000000D+03
*---+----+-------------------+-------------------+---------+---------------------
    2    1 8.1192000000000D+03 1.9402900000000D+01
   0.67005    1.0088    1.0922    1.1226    1.1365    1.1391    1.1284    1.0927
   0.98346   0.62625
    3    1 8.1192000000000D+03 8.3975751200000D+12
   0.67005    1.0088    1.0922    1.1226    1.1365    1.1391    1.1284    1.0927
   0.98346   0.62625
    9    0 8.1192000000000D+03 2.9290000000000D+02
   10    0 8.1192000000000D+03 1.5761290322581D+01
*---+----+-------------------+-------------------+---------+---------------------
*   1: printout of the result at time [hours]
*---+----+-------------------+-------------------+---------+---------------------
    1    0 1.1575200000000D+04
*---+----+-------------------+-------------------+---------+---------------------
    2    1 1.1575200000000D+04 2.0088700000000D+01
   0.83963    1.0992    1.0862    1.0662    1.0539    1.0475    1.0465    1.0477
    1.0119   0.70139
    3    1 1.1575200000000D+04 8.6100168200000D+12
   0.83963    1.0992    1.0862    1.0662    1.0539    1.0475    1.0465    1.0477
    1.0119   0.70139
    9    0 1.1575200000000D+04 2.9290000000000D+02
   10    0 1.1575200000000D+04 1.5761290322581D+01
*---+----+-------------------+-------------------+---------+---------------------
*   1: printout of the result at time [hours]
*---+----+-------------------+-------------------+---------+---------------------
    1    0 1.1952000000000D+04
*---+----+-------------------+-------------------+---------+---------------------
    2    1 1.1952000000000D+04 2.0148000000000D+01
   0.85676    1.1048    1.0855    1.0627    1.0487     1.041    1.0393    1.0413
    1.0104    0.7095
    3    1 1.1952000000000D+04 8.6273736000000D+12
   0.85676    1.1048    1.0855    1.0627    1.0487     1.041    1.0393    1.0413
    1.0104    0.7095
    9    0 1.1952000000000D+04 2.9290000000000D+02
   10    0 1.1952000000000D+04 1.5761290322581D+01
*---+----+-------------------+-------------------+---------+---------------------
*   1: printout of the result at time [hours]
*---+----+-------------------+-------------------+---------+---------------------
    1    0 1.2935000000000D+04
*---+----+-------------------+-------------------+---------+---------------------
    2    1 1.2935000000000D+04 1.7907900000000D+01
   0.75402   0.96488   0.97309   0.98845    1.0159    1.0505    1.0919    1.1408
    1.1639   0.85644
    3    1 1.2935000000000D+04 7.4210337600000D+12
   0.75402   0.96488   0.97309   0.98845    1.0159    1.0505    1.0919    1.1408
    1.1639   0.85644
    9    0 1.2935000000000D+04 2.8270000000000D+02
   10    0 1.2935000000000D+04 1.5761290322581D+01
*---+----+-------------------+-------------------+---------+---------------------
*   1: printout of the result at time [hours]
*---+----+-------------------+-------------------+---------+---------------------
    1    0 1.2937000000000D+04
*---+----+-------------------+-------------------+---------+---------------------
    2    1 1.2937000000000D+04 2.1541200000000D+01
   0.51557   0.79689   0.93904    1.0479    1.1316    1.1914    1.2258    1.2276
    1.1623   0.76189
    3    1 1.2937000000000D+04 8.9568309600000D+12
   0.51557   0.79689   0.93904    1.0479    1.1316    1.1914    1.2258    1.2276
    1.1623   0.76189
    9    0 1.2937000000000D+04 2.9480000000000D+02
   10    0 1.2937000000000D+04 1.5761290322581D+01
*---+----+-------------------+-------------------+---------+---------------------
*   1: printout of the result at time [hours]
*---+----+-------------------+-------------------+---------+---------------------
    1    0 1.3099200000000D+04
*---+----+-------------------+-------------------+---------+---------------------
    2    1 1.3099200000000D+04 2.1819800000000D+01
   0.67778   0.96495    1.0481    1.0886    1.1093    1.1198     1.119    1.1074
    1.0542   0.71078
    3    1 1.3099200000000D+04 9.0617629400000D+12
   0.67778   0.96495    1.0481    1.0886    1.1093    1.1198     1.119    1.1074
    1.0542   0.71078
    9    0 1.3099200000000D+04 2.9480000000000D+02
   10    0 1.3099200000000D+04 1.5761290322581D+01
*---+----+-------------------+-------------------+---------+---------------------
*   1: printout of the result at time [hours]
*---+----+-------------------+-------------------+---------+---------------------
    1    0 1.4025600000000D+04
*---+----+-------------------+-------------------+---------+---------------------
    2    1 1.4025600000000D+04 2.1812400000000D+01
   0.70909   0.99022    1.0591    1.0879    1.1007    1.1064    1.1038    1.0925
    1.0419   0.70845
    3    1 1.4025600000000D+04 9.0914083200000D+12
   0.70909   0.99022    1.0591    1.0879    1.1007    1.1064    1.1038    1.0925
    1.0419   0.70845
    9    0 1.4025600000000D+04 2.9480000000000D+02
   10    0 1.4025600000000D+04 1.5761290322581D+01
*---+----+-------------------+-------------------+---------+---------------------
*   1: printout of the result at time [hours]
*---+----+-------------------+-------------------+---------+---------------------
    1    0 1.4028000000000D+04
*---+----+-------------------+-------------------+---------+---------------------
    2    1 1.4028000000000D+04 2.3548200000000D+01
   0.72545    1.0054    1.0684    1.0918    1.0998    1.1001    1.0952    1.0815
    1.0308    0.7015
    3    1 1.4028000000000D+04 9.7442451600000D+12
   0.72545    1.0054    1.0684    1.0918    1.0998    1.1001    1.0952    1.0815
    1.0308    0.7015
    9    0 1.4028000000000D+04 2.9060000000000D+02
   10    0 1.4028000000000D+04 1.5761290322581D+01
*---+----+-------------------+-------------------+---------+---------------------
*   1: printout of the result at time [hours]
*---+----+-------------------+-------------------+---------+---------------------
    1    0 1.6804800000000D+04
*---+----+-------------------+-------------------+---------+---------------------
    2    1 1.6804800000000D+04 2.3433500000000D+01
   0.81136    1.0625    1.0927    1.0834     1.075     1.066    1.0571    1.0453
    1.0032   0.70348
    3    1 1.6804800000000D+04 9.7787995500000D+12
   0.81136    1.0625    1.0927    1.0834     1.075     1.066    1.0571    1.0453
    1.0032   0.70348
    9    0 1.6804800000000D+04 2.9060000000000D+02
   10    0 1.6804800000000D+04 1.5761290322581D+01
*---+----+-------------------+-------------------+---------+---------------------
*   1: printout of the result at time [hours]
*---+----+-------------------+-------------------+---------+---------------------
    1    0 1.8488600000000D+04
*---+----+-------------------+-------------------+---------+---------------------
    2    1 1.8488600000000D+04 2.3217900000000D+01
   0.83427    1.0767    1.1018    1.0882    1.0752    1.0616    1.0479    1.0313
   0.98532   0.69778
    3    1 1.8488600000000D+04 9.7445526300000D+12
   0.83427    1.0767    1.1018    1.0882    1.0752    1.0616    1.0479    1.0313
   0.98532   0.69778
    9    0 1.8488600000000D+04 2.9060000000000D+02
   10    0 1.8488600000000D+04 1.5761290322581D+01
*---+----+-------------------+-------------------+---------+---------------------
*   1: printout of the result at time [hours]
*---+----+-------------------+-------------------+---------+---------------------
    1    0 1.8490600000000D+04
*---+----+-------------------+-------------------+---------+---------------------
    2    1 1.8490600000000D+04 2.4539300000000D+01
    0.5056   0.73865   0.85659   0.96678    1.0718    1.1662    1.2437    1.2935
    1.2721   0.88515
    3    1 1.8490600000000D+04 1.0809561650000D+13
    0.5056   0.73865   0.85659   0.96678    1.0718    1.1662    1.2437    1.2935
    1.2721   0.88515
    9    0 1.8490600000000D+04 2.9060000000000D+02
   10    0 1.8490600000000D+04 1.5761290322581D+01
*---+----+-------------------+-------------------+---------+---------------------
*   1: printout of the result at time [hours]
*---+----+-------------------+-------------------+---------+---------------------
    1    0 1.8640800000000D+04
*---+----+-------------------+-------------------+---------+---------------------
    2    1 1.8640800000000D+04 2.4667400000000D+01
    0.6766   0.91923   0.98689    1.0336    1.0728    1.1061    1.1331    1.1552
    1.1219   0.79453
    3    1 1.8640800000000D+04 1.0865989700000D+13
    0.6766   0.91923   0.98689    1.0336    1.0728    1.1061    1.1331    1.1552
    1.1219   0.79453
    9    0 1.8640800000000D+04 2.9060000000000D+02
   10    0 1.8640800000000D+04 1.5761290322581D+01
*---+----+-------------------+-------------------+---------+---------------------
*   1: printout of the result at time [hours]
*---+----+-------------------+-------------------+---------+---------------------
    1    0 2.2279200000000D+04
*---+----+-------------------+-------------------+---------+---------------------
    2    1 2.2279200000000D+04 2.3406600000000D+01
    0.8501    1.0436    1.0395     1.031    1.0308    1.0374    1.0497    1.0657
    1.0587   0.79362
    3    1 2.2279200000000D+04 1.0537651320000D+13
    0.8501    1.0436    1.0395     1.031    1.0308    1.0374    1.0497    1.0657
    1.0587   0.79362
    9    0 2.2279200000000D+04 2.9060000000000D+02
   10    0 2.2279200000000D+04 1.5761290322581D+01
*---+----+-------------------+-------------------+---------+---------------------
*   1: printout of the result at time [hours]
*---+----+-------------------+-------------------+---------+---------------------
    1    0 2.5689600000000D+04
*---+----+-------------------+-------------------+---------+---------------------
    2    1 2.5689600000000D+04 2.2648500000000D+01
   0.93724    1.0784    1.0411    1.0236    1.0163     1.014    1.0165    1.0266
    1.0289   0.81741
    3    1 2.5689600000000D+04 1.0311862050000D+13
   0.93724    1.0784    1.0411    1.0236    1.0163     1.014    1.0165    1.0266
    1.0289   0.81741
    9    0 2.5689600000000D+04 2.9060000000000D+02
   10    0 2.5689600000000D+04 1.5761290322581D+01
*---+----+-------------------+-------------------+---------+---------------------
*   1: printout of the result at time [hours]
*---+----+-------------------+-------------------+---------+---------------------
    1    0 2.7373400000000D+04
*---+----+-------------------+-------------------+---------+---------------------
    2    1 2.7373400000000D+04 2.2390800000000D+01
   0.99085    1.0622    1.0176   0.99876   0.99438   0.99594    1.0032    1.0218
    1.0441   0.87112
    3    1 2.7373400000000D+04 1.0201248480000D+13
   0.99085    1.0622    1.0176   0.99876   0.99438   0.99594    1.0032    1.0218
    1.0441   0.87112
    9    0 2.7373400000000D+04 2.9060000000000D+02
   10    0 2.7373400000000D+04 1.5761290322581D+01
*---+----+-------------------+-------------------+---------+---------------------
*   1: printout of the result at time [hours]
*---+----+-------------------+-------------------+---------+---------------------
    1    0 2.7375400000000D+04
*---+----+-------------------+-------------------+---------+---------------------
    2    1 2.7375400000000D+04 7.9402000000000D+00
   0.42959   0.66447   0.82152   0.96408    1.0946    1.2078    1.2934    1.3403
    1.2802   0.90413
    3    1 2.7375400000000D+04 3.7398342000000D+12
   0.42959   0.66447   0.82152   0.96408    1.0946    1.2078    1.2934    1.3403
    1.2802   0.90413
    9    0 2.7375400000000D+04 2.9060000000000D+02
   10    0 2.7375400000000D+04 1.5761290322581D+01
*---+----+-------------------+-------------------+---------+---------------------
*   1: printout of the result at time [hours]
*---+----+-------------------+-------------------+---------+---------------------
    1    0 2.7525600000000D+04
*---+----+-------------------+-------------------+---------+---------------------
    2    1 2.7525600000000D+04 8.1183000000000D+00
   0.60949    0.8604   0.96707    1.0383    1.0926    1.1355    1.1659    1.1819
    1.1288   0.82012
    3    1 2.7525600000000D+04 3.7709503500000D+12
   0.60949    0.8604   0.96707    1.0383    1.0926    1.1355    1.1659    1.1819
    1.1288   0.82012
    9    0 2.7525600000000D+04 2.9060000000000D+02
   10    0 2.7525600000000D+04 1.5761290322581D+01
*---+----+-------------------+-------------------+---------+---------------------
*   1: printout of the result at time [hours]
*---+----+-------------------+-------------------+---------+---------------------
    1    0 3.4195200000000D+04
*---+----+-------------------+-------------------+---------+---------------------
    2    1 3.4195200000000D+04 9.2250000000000D+00
   0.84824    1.0359    1.0493    1.0443    1.0409    1.0405    1.0437    1.0487
    1.0322   0.81626
    3    1 3.4195200000000D+04 4.1291100000000D+12
   0.84824    1.0359    1.0493    1.0443    1.0409    1.0405    1.0437    1.0487
    1.0322   0.81626
    9    0 3.4195200000000D+04 2.9060000000000D+02
   10    0 3.4195200000000D+04 1.5761290322581D+01
*---+----+-------------------+-------------------+---------+---------------------
*   1: printout of the result at time [hours]
*---+----+-------------------+-------------------+---------+---------------------
    1    0 3.7472600000000D+04
*---+----+-------------------+-------------------+---------+---------------------
    2    1 3.7472600000000D+04 1.0273800000000D+01
   0.94726    1.0413    1.0057   0.98912   0.98834   0.99515    1.0096    1.0373
     1.074   0.91232
    3    1 3.7472600000000D+04 4.4988970200000D+12
   0.94726    1.0413    1.0057   0.98912   0.98834   0.99515    1.0096    1.0373
     1.074   0.91232
    9    0 3.7472600000000D+04 2.9060000000000D+02
   10    0 3.7472600000000D+04 1.5761290322581D+01
*---+----+-------------------+-------------------+---------+---------------------
*   1: printout of the result at time [hours]
*---+----+-------------------+-------------------+---------+---------------------
    1    0 3.7474600000000D+04
*---+----+-------------------+-------------------+---------+---------------------
    2    1 3.7474600000000D+04 2.2375000000000D+00
   0.53184   0.71866   0.85006   0.96894    1.0722    1.1571    1.2183     1.255
     1.242   0.98592
    3    1 3.7474600000000D+04 1.1814000000000D+12
   0.53184   0.71866   0.85006   0.96894    1.0722    1.1571    1.2183     1.255
     1.242   0.98592
    9    0 3.7474600000000D+04 2.9290000000000D+02
   10    0 3.7474600000000D+04 1.5761290322581D+01
*---+----+-------------------+-------------------+---------+---------------------
*   1: printout of the result at time [hours]
*---+----+-------------------+-------------------+---------+---------------------
    1    0 3.7617600000000D+04
*---+----+-------------------+-------------------+---------+---------------------
    2    1 3.7617600000000D+04 2.3964000000000D+00
   0.72025   0.89801   0.97646    1.0299     1.067    1.0921    1.1117    1.1104
    1.1017   0.89259
    3    1 3.7617600000000D+04 1.2319892400000D+12
   0.72025   0.89801   0.97646    1.0299     1.067    1.0921    1.1117    1.1104
    1.1017   0.89259
    9    0 3.7617600000000D+04 2.9290000000000D+02
   10    0 3.7617600000000D+04 1.5761290322581D+01
*---+----+-------------------+-------------------+---------+---------------------
*   1: printout of the result at time [hours]
*---+----+-------------------+-------------------+---------+---------------------
    1    0 4.1073600000000D+04
*---+----+-------------------+-------------------+---------+---------------------
    2    1 4.1073600000000D+04 2.8797000000000D+00
   0.82891   0.99872    1.0386    1.0518    1.0571    1.0609    1.0595    1.0536
    1.0279     0.823
    3    1 4.1073600000000D+04 1.4124928500000D+12
   0.82891   0.99872    1.0386    1.0518    1.0571    1.0609    1.0595    1.0536
    1.0279     0.823
    9    0 4.1073600000000D+04 2.9290000000000D+02
   10    0 4.1073600000000D+04 1.5761290322581D+01
*---+----+-------------------+-------------------+---------+---------------------
*   1: printout of the result at time [hours]
*---+----+-------------------+-------------------+---------+---------------------
    1    0 4.2873600000000D+04
*---+----+-------------------+-------------------+---------+---------------------
    2    1 4.2873600000000D+04 3.1517000000000D+00
   0.84462    1.0299    1.0731    1.0788    1.0728    1.0629    1.0502    1.0299
    0.9836   0.77419
    3    1 4.2873600000000D+04 1.5118704900000D+12
   0.84462    1.0299    1.0731    1.0788    1.0728    1.0629    1.0502    1.0299
    0.9836   0.77419
    9    0 4.2873600000000D+04 2.9290000000000D+02
   10    0 4.2873600000000D+04 1.5761290322581D+01
*---+----+-------------------+-------------------+---------+---------------------
*   1: printout of the result at time [hours]
*---+----+-------------------+-------------------+---------+---------------------
    1    0 4.7268000000000D+04
*---+----+-------------------+-------------------+---------+---------------------
    2    1 4.7268000000000D+04 3.9966000000000D+00
   0.95856    1.0316   0.99735   0.98183   0.98434    0.9971    1.0194    1.0519
    1.0744   0.90352
    3    1 4.7268000000000D+04 1.7509104600000D+12
   0.95856    1.0316   0.99735   0.98183   0.98434    0.9971    1.0194    1.0519
    1.0744   0.90352
    9    0 4.7268000000000D+04 2.9290000000000D+02
   10    0 4.7268000000000D+04 1.5761290322581D+01
*---+----+-------------------+-------------------+---------+---------------------
*   1: printout of the result at time [hours]
*---+----+-------------------+-------------------+---------+---------------------
    1    0 4.7556000000000D+04
*---+----+-------------------+-------------------+---------+---------------------
    2    1 4.7556000000000D+04 3.8178000000000D+00
   0.90288   0.97255   0.95107   0.95238   0.97255    1.0027     1.042    1.0928
    1.1407   0.97045
    3    1 4.7556000000000D+04 1.6615065600000D+12
   0.90288   0.97255   0.95107   0.95238   0.97255    1.0027     1.042    1.0928
    1.1407   0.97045
    9    0 4.7556000000000D+04 2.8960000000000D+02
   10    0 4.7556000000000D+04 1.5761290322581D+01
* data point #3623 end
*  00:  last line of data set (finishing the program)
*---+----+-------------------+-------------------+---------+---------------------
00000    0 4.7556000000000D+04
*---+----+-------------------+-------------------+---------+---------------------
