* data point #3538 begin
*
*---+----+-------------------+-------------------+---------+---------------------
*   1: printout of the result at time [hours]
*---+----+-------------------+-------------------+---------+---------------------
    1    0 0.0000000000000D+00
*---+----+-------------------+-------------------+---------+---------------------
    2    1 0.0000000000000D+00 2.9036900000000D+01
   0.44781   0.78252   0.94263    1.0591    1.1512    1.2201    1.2615    1.2622
    1.1709     0.702
    3    1 0.0000000000000D+00 9.8086648200000D+12
   0.44781   0.78252   0.94263    1.0591    1.1512    1.2201    1.2615    1.2622
    1.1709     0.702
    9    0 0.0000000000000D+00 2.9290000000000D+02
   10    0 0.0000000000000D+00 1.5789285714286D+01
*---+----+-------------------+-------------------+---------+---------------------
*   1: printout of the result at time [hours]
*---+----+-------------------+-------------------+---------+---------------------
    1    0 1.4400000000000D+02
*---+----+-------------------+-------------------+---------+---------------------
    2    1 1.4400000000000D+02 2.8367900000000D+01
   0.61418   0.98153    1.0823    1.1218    1.1385    1.1441    1.1366    1.1131
    1.0315   0.63642
    3    1 1.4400000000000D+02 9.6025341500000D+12
   0.61418   0.98153    1.0823    1.1218    1.1385    1.1441    1.1366    1.1131
    1.0315   0.63642
    9    0 1.4400000000000D+02 2.9290000000000D+02
   10    0 1.4400000000000D+02 1.5789285714286D+01
*---+----+-------------------+-------------------+---------+---------------------
*   1: printout of the result at time [hours]
*---+----+-------------------+-------------------+---------+---------------------
    1    0 3.6000000000000D+03
*---+----+-------------------+-------------------+---------+---------------------
    2    1 3.6000000000000D+03 2.7030300000000D+01
   0.76066    1.1016    1.1269    1.1111    1.0931    1.0778    1.0644    1.0465
   0.98386   0.63414
    3    1 3.6000000000000D+03 9.4930413600000D+12
   0.76066    1.1016    1.1269    1.1111    1.0931    1.0778    1.0644    1.0465
   0.98386   0.63414
    9    0 3.6000000000000D+03 2.9290000000000D+02
   10    0 3.6000000000000D+03 1.5789285714286D+01
*---+----+-------------------+-------------------+---------+---------------------
*   1: printout of the result at time [hours]
*---+----+-------------------+-------------------+---------+---------------------
    1    0 6.1200000000000D+03
*---+----+-------------------+-------------------+---------+---------------------
    2    1 6.1200000000000D+03 2.6620300000000D+01
   0.81705    1.1309    1.1398    1.1141    1.0871    1.0623    1.0399    1.0157
   0.95559    0.6376
    3    1 6.1200000000000D+03 9.5487016100000D+12
   0.81705    1.1309    1.1398    1.1141    1.0871    1.0623    1.0399    1.0157
   0.95559    0.6376
    9    0 6.1200000000000D+03 2.9290000000000D+02
   10    0 6.1200000000000D+03 1.5789285714286D+01
*---+----+-------------------+-------------------+---------+---------------------
*   1: printout of the result at time [hours]
*---+----+-------------------+-------------------+---------+---------------------
    1    0 1.0113600000000D+04
*---+----+-------------------+-------------------+---------+---------------------
    2    1 1.0113600000000D+04 2.6098100000000D+01
   0.91344    1.1214    1.0652     1.036    1.0232    1.0178    1.0186     1.028
     1.021   0.75538
    3    1 1.0113600000000D+04 9.5466849800000D+12
   0.91344    1.1214    1.0652     1.036    1.0232    1.0178    1.0186     1.028
     1.021   0.75538
    9    0 1.0113600000000D+04 2.9290000000000D+02
   10    0 1.0113600000000D+04 1.5789285714286D+01
*---+----+-------------------+-------------------+---------+---------------------
*   1: printout of the result at time [hours]
*---+----+-------------------+-------------------+---------+---------------------
    1    0 1.0460600000000D+04
*---+----+-------------------+-------------------+---------+---------------------
    2    1 1.0460600000000D+04 2.5356700000000D+01
   0.87342     1.062     1.029    1.0153    1.0174    1.0256    1.0391    1.0618
    1.0728   0.80361
    3    1 1.0460600000000D+04 9.2323744700000D+12
   0.87342     1.062     1.029    1.0153    1.0174    1.0256    1.0391    1.0618
    1.0728   0.80361
    9    0 1.0460600000000D+04 2.9050000000000D+02
   10    0 1.0460600000000D+04 1.5789285714286D+01
*---+----+-------------------+-------------------+---------+---------------------
*   1: printout of the result at time [hours]
*---+----+-------------------+-------------------+---------+---------------------
    1    0 1.0462600000000D+04
*---+----+-------------------+-------------------+---------+---------------------
    2    1 1.0462600000000D+04 2.8438800000000D+01
   0.51078   0.83147   0.99779    1.1163    1.1956     1.238    1.2361    1.1842
    1.0471   0.64271
    3    1 1.0462600000000D+04 1.1256077040000D+13
   0.51078   0.83147   0.99779    1.1163    1.1956     1.238    1.2361    1.1842
    1.0471   0.64271
    9    0 1.0462600000000D+04 2.9290000000000D+02
   10    0 1.0462600000000D+04 1.5789285714286D+01
*---+----+-------------------+-------------------+---------+---------------------
*   1: printout of the result at time [hours]
*---+----+-------------------+-------------------+---------+---------------------
    1    0 1.0605600000000D+04
*---+----+-------------------+-------------------+---------+---------------------
    2    1 1.0605600000000D+04 2.8380000000000D+01
   0.64887   0.97565    1.0853    1.1384    1.1607    1.1611    1.1405    1.0906
   0.97777   0.62097
    3    1 1.0605600000000D+04 1.1235642000000D+13
   0.64887   0.97565    1.0853    1.1384    1.1607    1.1611    1.1405    1.0906
   0.97777   0.62097
    9    0 1.0605600000000D+04 2.9290000000000D+02
   10    0 1.0605600000000D+04 1.5789285714286D+01
*---+----+-------------------+-------------------+---------+---------------------
*   1: printout of the result at time [hours]
*---+----+-------------------+-------------------+---------+---------------------
    1    0 1.4061600000000D+04
*---+----+-------------------+-------------------+---------+---------------------
    2    1 1.4061600000000D+04 2.7189100000000D+01
   0.80374     1.053     1.078    1.0704    1.0681     1.068    1.0686    1.0633
    1.0168   0.70999
    3    1 1.4061600000000D+04 1.0905548010000D+13
   0.80374     1.053     1.078    1.0704    1.0681     1.068    1.0686    1.0633
    1.0168   0.70999
    9    0 1.4061600000000D+04 2.9290000000000D+02
   10    0 1.4061600000000D+04 1.5789285714286D+01
*---+----+-------------------+-------------------+---------+---------------------
*   1: printout of the result at time [hours]
*---+----+-------------------+-------------------+---------+---------------------
    1    0 1.7253600000000D+04
*---+----+-------------------+-------------------+---------+---------------------
    2    1 1.7253600000000D+04 2.5740000000000D+01
   0.91465    1.0806    1.0491    1.0319    1.0241    1.0222    1.0256    1.0341
    1.0275   0.79017
    3    1 1.7253600000000D+04 1.0406682000000D+13
   0.91465    1.0806    1.0491    1.0319    1.0241    1.0222    1.0256    1.0341
    1.0275   0.79017
    9    0 1.7253600000000D+04 2.9290000000000D+02
   10    0 1.7253600000000D+04 1.5789285714286D+01
*---+----+-------------------+-------------------+---------+---------------------
*   1: printout of the result at time [hours]
*---+----+-------------------+-------------------+---------+---------------------
    1    0 1.7749400000000D+04
*---+----+-------------------+-------------------+---------+---------------------
    2    1 1.7749400000000D+04 2.4314100000000D+01
    0.8586     1.005   0.99518    0.9974    1.0108    1.0299    1.0537    1.0829
    1.1018   0.86464
    3    1 1.7749400000000D+04 9.7353656400000D+12
    0.8586     1.005   0.99518    0.9974    1.0108    1.0299    1.0537    1.0829
    1.1018   0.86464
    9    0 1.7749400000000D+04 2.8920000000000D+02
   10    0 1.7749400000000D+04 1.5789285714286D+01
*---+----+-------------------+-------------------+---------+---------------------
*   1: printout of the result at time [hours]
*---+----+-------------------+-------------------+---------+---------------------
    1    0 1.7751400000000D+04
*---+----+-------------------+-------------------+---------+---------------------
    2    1 1.7751400000000D+04 2.2450100000000D+01
   0.50169   0.78543   0.93853    1.0562    1.1485    1.2143    1.2526    1.2361
    1.1333   0.73332
    3    1 1.7751400000000D+04 9.9049841200000D+12
   0.50169   0.78543   0.93853    1.0562    1.1485    1.2143    1.2526    1.2361
    1.1333   0.73332
    9    0 1.7751400000000D+04 2.9290000000000D+02
   10    0 1.7751400000000D+04 1.5789285714286D+01
*---+----+-------------------+-------------------+---------+---------------------
*   1: printout of the result at time [hours]
*---+----+-------------------+-------------------+---------+---------------------
    1    0 1.7894400000000D+04
*---+----+-------------------+-------------------+---------+---------------------
    2    1 1.7894400000000D+04 2.2824400000000D+01
    0.6394   0.92476     1.026     1.084     1.122    1.1459    1.1583    1.1382
    1.0558   0.70578
    3    1 1.7894400000000D+04 1.0033606240000D+13
    0.6394   0.92476     1.026     1.084     1.122    1.1459    1.1583    1.1382
    1.0558   0.70578
    9    0 1.7894400000000D+04 2.9290000000000D+02
   10    0 1.7894400000000D+04 1.5789285714286D+01
*---+----+-------------------+-------------------+---------+---------------------
*   1: printout of the result at time [hours]
*---+----+-------------------+-------------------+---------+---------------------
    1    0 2.1350400000000D+04
*---+----+-------------------+-------------------+---------+---------------------
    2    1 2.1350400000000D+04 2.2355900000000D+01
   0.79254    1.0164    1.0431    1.0497    1.0563    1.0652    1.0761     1.089
    1.0518   0.75971
    3    1 2.1350400000000D+04 9.8924857500000D+12
   0.79254    1.0164    1.0431    1.0497    1.0563    1.0652    1.0761     1.089
    1.0518   0.75971
    9    0 2.1350400000000D+04 2.9290000000000D+02
   10    0 2.1350400000000D+04 1.5789285714286D+01
*---+----+-------------------+-------------------+---------+---------------------
*   1: printout of the result at time [hours]
*---+----+-------------------+-------------------+---------+---------------------
    1    0 2.5147200000000D+04
*---+----+-------------------+-------------------+---------+---------------------
    2    1 2.5147200000000D+04 2.1361400000000D+01
   0.91637    1.0449    1.0267    1.0151     1.014    1.0195    1.0306    1.0473
    1.0532   0.83239
    3    1 2.5147200000000D+04 9.5229121200000D+12
   0.91637    1.0449    1.0267    1.0151     1.014    1.0195    1.0306    1.0473
    1.0532   0.83239
    9    0 2.5147200000000D+04 2.9290000000000D+02
   10    0 2.5147200000000D+04 1.5789285714286D+01
*---+----+-------------------+-------------------+---------+---------------------
*   1: printout of the result at time [hours]
*---+----+-------------------+-------------------+---------+---------------------
    1    0 2.5724600000000D+04
*---+----+-------------------+-------------------+---------+---------------------
    2    1 2.5724600000000D+04 1.9798200000000D+01
   0.85083   0.96807   0.96377   0.97277   0.99469    1.0238    1.0592    1.1021
     1.142   0.92276
    3    1 2.5724600000000D+04 8.7092281800000D+12
   0.85083   0.96807   0.96377   0.97277   0.99469    1.0238    1.0592    1.1021
     1.142   0.92276
    9    0 2.5724600000000D+04 2.8810000000000D+02
   10    0 2.5724600000000D+04 1.5789285714286D+01
*---+----+-------------------+-------------------+---------+---------------------
*   1: printout of the result at time [hours]
*---+----+-------------------+-------------------+---------+---------------------
    1    0 2.5726600000000D+04
*---+----+-------------------+-------------------+---------+---------------------
    2    1 2.5726600000000D+04 8.6914000000000D+00
   0.50567   0.77525   0.93069    1.0457    1.1327    1.1952    1.2366    1.2313
     1.157   0.78975
    3    1 2.5726600000000D+04 4.1006025200000D+12
   0.50567   0.77525   0.93069    1.0457    1.1327    1.1952    1.2366    1.2313
     1.157   0.78975
    9    0 2.5726600000000D+04 2.9480000000000D+02
   10    0 2.5726600000000D+04 1.5789285714286D+01
*---+----+-------------------+-------------------+---------+---------------------
*   1: printout of the result at time [hours]
*---+----+-------------------+-------------------+---------+---------------------
    1    0 2.5888800000000D+04
*---+----+-------------------+-------------------+---------+---------------------
    2    1 2.5888800000000D+04 8.9933000000000D+00
   0.66205   0.93169    1.0312    1.0802    1.1068    1.1217    1.1313    1.1187
    1.0637   0.75256
    3    1 2.5888800000000D+04 4.1818845000000D+12
   0.66205   0.93169    1.0312    1.0802    1.1068    1.1217    1.1313    1.1187
    1.0637   0.75256
    9    0 2.5888800000000D+04 2.9480000000000D+02
   10    0 2.5888800000000D+04 1.5789285714286D+01
*---+----+-------------------+-------------------+---------+---------------------
*   1: printout of the result at time [hours]
*---+----+-------------------+-------------------+---------+---------------------
    1    0 2.6815200000000D+04
*---+----+-------------------+-------------------+---------+---------------------
    2    1 2.6815200000000D+04 8.9976000000000D+00
   0.69107   0.95414    1.0395    1.0773    1.0967    1.1079    1.1165    1.1059
    1.0562   0.75487
    3    1 2.6815200000000D+04 4.1820844800000D+12
   0.69107   0.95414    1.0395    1.0773    1.0967    1.1079    1.1165    1.1059
    1.0562   0.75487
    9    0 2.6815200000000D+04 2.9480000000000D+02
   10    0 2.6815200000000D+04 1.5789285714286D+01
*---+----+-------------------+-------------------+---------+---------------------
*   1: printout of the result at time [hours]
*---+----+-------------------+-------------------+---------+---------------------
    1    0 2.6817600000000D+04
*---+----+-------------------+-------------------+---------+---------------------
    2    1 2.6817600000000D+04 9.7780000000000D+00
   0.70618   0.96819    1.0484    1.0811    1.0958    1.1042    1.1046    1.0957
    1.0463   0.74944
    3    1 2.6817600000000D+04 4.5037468000000D+12
   0.70618   0.96819    1.0484    1.0811    1.0958    1.1042    1.1046    1.0957
    1.0463   0.74944
    9    0 2.6817600000000D+04 2.9060000000000D+02
   10    0 2.6817600000000D+04 1.5789285714286D+01
*---+----+-------------------+-------------------+---------+---------------------
*   1: printout of the result at time [hours]
*---+----+-------------------+-------------------+---------+---------------------
    1    0 2.9594400000000D+04
*---+----+-------------------+-------------------+---------+---------------------
    2    1 2.9594400000000D+04 9.8204000000000D+00
   0.79834    1.0228    1.0586    1.0634     1.063    1.0628    1.0637    1.0623
    1.0331   0.77207
    3    1 2.9594400000000D+04 4.5036354400000D+12
   0.79834    1.0228    1.0586    1.0634     1.063    1.0628    1.0637    1.0623
    1.0331   0.77207
    9    0 2.9594400000000D+04 2.9060000000000D+02
   10    0 2.9594400000000D+04 1.5789285714286D+01
*---+----+-------------------+-------------------+---------+---------------------
*   1: printout of the result at time [hours]
*---+----+-------------------+-------------------+---------+---------------------
    1    0 3.1278200000000D+04
*---+----+-------------------+-------------------+---------+---------------------
    2    1 3.1278200000000D+04 9.7866000000000D+00
   0.82756    1.0356    1.0627    1.0629    1.0589    1.0551    1.0524    1.0484
    1.0204   0.77616
    3    1 3.1278200000000D+04 4.4822628000000D+12
   0.82756    1.0356    1.0627    1.0629    1.0589    1.0551    1.0524    1.0484
    1.0204   0.77616
    9    0 3.1278200000000D+04 2.9060000000000D+02
   10    0 3.1278200000000D+04 1.5789285714286D+01
*---+----+-------------------+-------------------+---------+---------------------
*   1: printout of the result at time [hours]
*---+----+-------------------+-------------------+---------+---------------------
    1    0 3.1280200000000D+04
*---+----+-------------------+-------------------+---------+---------------------
    2    1 3.1280200000000D+04 1.7066000000000D+00
   0.51799   0.70725    0.8391    0.9598    1.0664    1.1549    1.2211    1.2575
    1.2627    1.0131
    3    1 3.1280200000000D+04 8.6848874000000D+11
   0.51799   0.70725    0.8391    0.9598    1.0664    1.1549    1.2211    1.2575
    1.2627    1.0131
    9    0 3.1280200000000D+04 2.9290000000000D+02
   10    0 3.1280200000000D+04 1.5789285714286D+01
*---+----+-------------------+-------------------+---------+---------------------
*   1: printout of the result at time [hours]
*---+----+-------------------+-------------------+---------+---------------------
    1    0 3.1423200000000D+04
*---+----+-------------------+-------------------+---------+---------------------
    2    1 3.1423200000000D+04 1.8580000000000D+00
   0.70344    0.8859   0.96609    1.0221    1.0619    1.0904    1.1098    1.1243
    1.1168   0.91927
    3    1 3.1423200000000D+04 9.1896680000000D+11
   0.70344    0.8859   0.96609    1.0221    1.0619    1.0904    1.1098    1.1243
    1.1168   0.91927
    9    0 3.1423200000000D+04 2.9290000000000D+02
   10    0 3.1423200000000D+04 1.5789285714286D+01
*---+----+-------------------+-------------------+---------+---------------------
*   1: printout of the result at time [hours]
*---+----+-------------------+-------------------+---------+---------------------
    1    0 3.4879200000000D+04
*---+----+-------------------+-------------------+---------+---------------------
    2    1 3.4879200000000D+04 2.2622000000000D+00
   0.81779   0.98577    1.0238    1.0393    1.0477    1.0543    1.0631      1.06
    1.0477   0.86067
    3    1 3.4879200000000D+04 1.0797480600000D+12
   0.81779   0.98577    1.0238    1.0393    1.0477    1.0543    1.0631      1.06
    1.0477   0.86067
    9    0 3.4879200000000D+04 2.9290000000000D+02
   10    0 3.4879200000000D+04 1.5789285714286D+01
*---+----+-------------------+-------------------+---------+---------------------
*   1: printout of the result at time [hours]
*---+----+-------------------+-------------------+---------+---------------------
    1    0 3.6679200000000D+04
*---+----+-------------------+-------------------+---------+---------------------
    2    1 3.6679200000000D+04 2.4692000000000D+00
   0.84157    1.0141    1.0518    1.0603     1.059     1.055    1.0493     1.038
    1.0092   0.82172
    3    1 3.6679200000000D+04 1.1595363200000D+12
   0.84157    1.0141    1.0518    1.0603     1.059     1.055    1.0493     1.038
    1.0092   0.82172
    9    0 3.6679200000000D+04 2.9290000000000D+02
   10    0 3.6679200000000D+04 1.5789285714286D+01
*---+----+-------------------+-------------------+---------+---------------------
*   1: printout of the result at time [hours]
*---+----+-------------------+-------------------+---------+---------------------
    1    0 4.1073600000000D+04
*---+----+-------------------+-------------------+---------+---------------------
    2    1 4.1073600000000D+04 3.3304000000000D+00
   0.94253    1.0365    1.0032   0.98487   0.98547   0.99688    1.0182      1.05
    1.0719    0.9104
    3    1 4.1073600000000D+04 1.4690394400000D+12
   0.94253    1.0365    1.0032   0.98487   0.98547   0.99688    1.0182      1.05
    1.0719    0.9104
    9    0 4.1073600000000D+04 2.9290000000000D+02
   10    0 4.1073600000000D+04 1.5789285714286D+01
*---+----+-------------------+-------------------+---------+---------------------
*   1: printout of the result at time [hours]
*---+----+-------------------+-------------------+---------+---------------------
    1    0 4.1361600000000D+04
*---+----+-------------------+-------------------+---------+---------------------
    2    1 4.1361600000000D+04 3.1961000000000D+00
   0.88921   0.97838   0.95679   0.95554   0.97306    1.0018      1.04    1.0904
    1.1383    0.9765
    3    1 4.1361600000000D+04 1.3995721900000D+12
   0.88921   0.97838   0.95679   0.95554   0.97306    1.0018      1.04    1.0904
    1.1383    0.9765
    9    0 4.1361600000000D+04 2.8960000000000D+02
   10    0 4.1361600000000D+04 1.5789285714286D+01
* data point #3538 end
*  00:  last line of data set (finishing the program)
*---+----+-------------------+-------------------+---------+---------------------
00000    0 4.1361600000000D+04
*---+----+-------------------+-------------------+---------+---------------------
