* data point #3846 begin
*
*---+----+-------------------+-------------------+---------+---------------------
*   1: printout of the result at time [hours]
*---+----+-------------------+-------------------+---------+---------------------
    1    0 0.0000000000000D+00
*---+----+-------------------+-------------------+---------+---------------------
    2    1 0.0000000000000D+00 2.0237300000000D+01
    0.5687   0.87961    1.0398    1.1346    1.1894     1.212    1.1973    1.1374
     0.999   0.64228
    3    1 0.0000000000000D+00 7.2226923700000D+12
    0.5687   0.87961    1.0398    1.1346    1.1894     1.212    1.1973    1.1374
     0.999   0.64228
    9    0 0.0000000000000D+00 2.9290000000000D+02
   10    0 0.0000000000000D+00 1.5761290322581D+01
*---+----+-------------------+-------------------+---------+---------------------
*   1: printout of the result at time [hours]
*---+----+-------------------+-------------------+---------+---------------------
    1    0 1.4400000000000D+02
*---+----+-------------------+-------------------+---------+---------------------
    2    1 1.4400000000000D+02 2.0294400000000D+01
   0.71138    1.0133    1.1122    1.1427    1.1457     1.133    1.1056    1.0538
   0.94607   0.63609
    3    1 1.4400000000000D+02 7.2349536000000D+12
   0.71138    1.0133    1.1122    1.1427    1.1457     1.133    1.1056    1.0538
   0.94607   0.63609
    9    0 1.4400000000000D+02 2.9290000000000D+02
   10    0 1.4400000000000D+02 1.5761290322581D+01
*---+----+-------------------+-------------------+---------+---------------------
*   1: printout of the result at time [hours]
*---+----+-------------------+-------------------+---------+---------------------
    1    0 3.6000000000000D+03
*---+----+-------------------+-------------------+---------+---------------------
    2    1 3.6000000000000D+03 2.1346000000000D+01
     0.821    1.0974    1.1345    1.1113    1.0894    1.0687    1.0487    1.0208
   0.94809   0.66026
    3    1 3.6000000000000D+03 7.6205220000000D+12
     0.821    1.0974    1.1345    1.1113    1.0894    1.0687    1.0487    1.0208
   0.94809   0.66026
    9    0 3.6000000000000D+03 2.9290000000000D+02
   10    0 3.6000000000000D+03 1.5761290322581D+01
*---+----+-------------------+-------------------+---------+---------------------
*   1: printout of the result at time [hours]
*---+----+-------------------+-------------------+---------+---------------------
    1    0 7.3968000000000D+03
*---+----+-------------------+-------------------+---------+---------------------
    2    1 7.3968000000000D+03 2.2740400000000D+01
   0.86577    1.1453    1.1312    1.0973    1.0707    1.0492    1.0301    1.0068
   0.94163   0.66213
    3    1 7.3968000000000D+03 8.1456112800000D+12
   0.86577    1.1453    1.1312    1.0973    1.0707    1.0492    1.0301    1.0068
   0.94163   0.66213
    9    0 7.3968000000000D+03 2.9290000000000D+02
   10    0 7.3968000000000D+03 1.5761290322581D+01
*---+----+-------------------+-------------------+---------+---------------------
*   1: printout of the result at time [hours]
*---+----+-------------------+-------------------+---------+---------------------
    1    0 7.9742000000000D+03
*---+----+-------------------+-------------------+---------+---------------------
    2    1 7.9742000000000D+03 2.1662800000000D+01
   0.79413    1.0548    1.0595     1.053    1.0556    1.0626    1.0711    1.0815
    1.0326   0.73513
    3    1 7.9742000000000D+03 7.6577998000000D+12
   0.79413    1.0548    1.0595     1.053    1.0556    1.0626    1.0711    1.0815
    1.0326   0.73513
    9    0 7.9742000000000D+03 2.8810000000000D+02
   10    0 7.9742000000000D+03 1.5761290322581D+01
*---+----+-------------------+-------------------+---------+---------------------
*   1: printout of the result at time [hours]
*---+----+-------------------+-------------------+---------+---------------------
    1    0 7.9762000000000D+03
*---+----+-------------------+-------------------+---------+---------------------
    2    1 7.9762000000000D+03 2.8977700000000D+01
    0.5154   0.84106   0.98472    1.0855    1.1635    1.2167    1.2415    1.2102
    1.0786   0.66289
    3    1 7.9762000000000D+03 1.1257836450000D+13
    0.5154   0.84106   0.98472    1.0855    1.1635    1.2167    1.2415    1.2102
    1.0786   0.66289
    9    0 7.9762000000000D+03 2.9290000000000D+02
   10    0 7.9762000000000D+03 1.5761290322581D+01
*---+----+-------------------+-------------------+---------+---------------------
*   1: printout of the result at time [hours]
*---+----+-------------------+-------------------+---------+---------------------
    1    0 8.1192000000000D+03
*---+----+-------------------+-------------------+---------+---------------------
    2    1 8.1192000000000D+03 2.8797800000000D+01
   0.67005    1.0088    1.0922    1.1226    1.1365    1.1391    1.1284    1.0927
   0.98344   0.62626
    3    1 8.1192000000000D+03 1.1179305960000D+13
   0.67005    1.0088    1.0922    1.1226    1.1365    1.1391    1.1284    1.0927
   0.98344   0.62626
    9    0 8.1192000000000D+03 2.9290000000000D+02
   10    0 8.1192000000000D+03 1.5761290322581D+01
*---+----+-------------------+-------------------+---------+---------------------
*   1: printout of the result at time [hours]
*---+----+-------------------+-------------------+---------+---------------------
    1    0 1.1575200000000D+04
*---+----+-------------------+-------------------+---------+---------------------
    2    1 1.1575200000000D+04 2.8002500000000D+01
   0.83964    1.0992    1.0862    1.0662    1.0539    1.0475    1.0465    1.0476
    1.0119    0.7014
    3    1 1.1575200000000D+04 1.1027384500000D+13
   0.83964    1.0992    1.0862    1.0662    1.0539    1.0475    1.0465    1.0476
    1.0119    0.7014
    9    0 1.1575200000000D+04 2.9290000000000D+02
   10    0 1.1575200000000D+04 1.5761290322581D+01
*---+----+-------------------+-------------------+---------+---------------------
*   1: printout of the result at time [hours]
*---+----+-------------------+-------------------+---------+---------------------
    1    0 1.1952000000000D+04
*---+----+-------------------+-------------------+---------+---------------------
    2    1 1.1952000000000D+04 2.7868100000000D+01
   0.85675    1.1048    1.0855    1.0627    1.0487     1.041    1.0393    1.0413
    1.0104   0.70949
    3    1 1.1952000000000D+04 1.0993965450000D+13
   0.85675    1.1048    1.0855    1.0627    1.0487     1.041    1.0393    1.0413
    1.0104   0.70949
    9    0 1.1952000000000D+04 2.9290000000000D+02
   10    0 1.1952000000000D+04 1.5761290322581D+01
*---+----+-------------------+-------------------+---------+---------------------
*   1: printout of the result at time [hours]
*---+----+-------------------+-------------------+---------+---------------------
    1    0 1.2935000000000D+04
*---+----+-------------------+-------------------+---------+---------------------
    2    1 1.2935000000000D+04 2.4361100000000D+01
   0.75403   0.96486   0.97311   0.98842     1.016    1.0505    1.0919    1.1408
    1.1639   0.85645
    3    1 1.2935000000000D+04 9.3570985100000D+12
   0.75403   0.96486   0.97311   0.98842     1.016    1.0505    1.0919    1.1408
    1.1639   0.85645
    9    0 1.2935000000000D+04 2.8270000000000D+02
   10    0 1.2935000000000D+04 1.5761290322581D+01
*---+----+-------------------+-------------------+---------+---------------------
*   1: printout of the result at time [hours]
*---+----+-------------------+-------------------+---------+---------------------
    1    0 1.2937000000000D+04
*---+----+-------------------+-------------------+---------+---------------------
    2    1 1.2937000000000D+04 1.9139200000000D+01
   0.51554    0.7969   0.93902    1.0478    1.1316    1.1914    1.2258    1.2277
    1.1623   0.76189
    3    1 1.2937000000000D+04 9.2404057600000D+12
   0.51554    0.7969   0.93902    1.0478    1.1316    1.1914    1.2258    1.2277
    1.1623   0.76189
    9    0 1.2937000000000D+04 2.9480000000000D+02
   10    0 1.2937000000000D+04 1.5761290322581D+01
*---+----+-------------------+-------------------+---------+---------------------
*   1: printout of the result at time [hours]
*---+----+-------------------+-------------------+---------+---------------------
    1    0 1.3099200000000D+04
*---+----+-------------------+-------------------+---------+---------------------
    2    1 1.3099200000000D+04 1.9277100000000D+01
   0.67775   0.96498    1.0481    1.0886    1.1093    1.1197     1.119    1.1074
    1.0543   0.71079
    3    1 1.3099200000000D+04 9.3031284600000D+12
   0.67775   0.96498    1.0481    1.0886    1.1093    1.1197     1.119    1.1074
    1.0543   0.71079
    9    0 1.3099200000000D+04 2.9480000000000D+02
   10    0 1.3099200000000D+04 1.5761290322581D+01
*---+----+-------------------+-------------------+---------+---------------------
*   1: printout of the result at time [hours]
*---+----+-------------------+-------------------+---------+---------------------
    1    0 1.4025600000000D+04
*---+----+-------------------+-------------------+---------+---------------------
    2    1 1.4025600000000D+04 1.9312800000000D+01
   0.70912   0.99022    1.0591    1.0878    1.1007    1.1064    1.1038    1.0924
     1.042   0.70844
    3    1 1.4025600000000D+04 9.2933193600000D+12
   0.70912   0.99022    1.0591    1.0878    1.1007    1.1064    1.1038    1.0924
     1.042   0.70844
    9    0 1.4025600000000D+04 2.9480000000000D+02
   10    0 1.4025600000000D+04 1.5761290322581D+01
*---+----+-------------------+-------------------+---------+---------------------
*   1: printout of the result at time [hours]
*---+----+-------------------+-------------------+---------+---------------------
    1    0 1.4028000000000D+04
*---+----+-------------------+-------------------+---------+---------------------
    2    1 1.4028000000000D+04 2.0879600000000D+01
   0.72544    1.0054    1.0685    1.0917    1.0998    1.1001    1.0952    1.0815
    1.0308    0.7015
    3    1 1.4028000000000D+04 9.9762728800000D+12
   0.72544    1.0054    1.0685    1.0917    1.0998    1.1001    1.0952    1.0815
    1.0308    0.7015
    9    0 1.4028000000000D+04 2.9060000000000D+02
   10    0 1.4028000000000D+04 1.5761290322581D+01
*---+----+-------------------+-------------------+---------+---------------------
*   1: printout of the result at time [hours]
*---+----+-------------------+-------------------+---------+---------------------
    1    0 1.6804800000000D+04
*---+----+-------------------+-------------------+---------+---------------------
    2    1 1.6804800000000D+04 2.0935500000000D+01
   0.81135    1.0625    1.0927    1.0834     1.075     1.066    1.0571    1.0453
    1.0032   0.70349
    3    1 1.6804800000000D+04 9.9213334500000D+12
   0.81135    1.0625    1.0927    1.0834     1.075     1.066    1.0571    1.0453
    1.0032   0.70349
    9    0 1.6804800000000D+04 2.9060000000000D+02
   10    0 1.6804800000000D+04 1.5761290322581D+01
*---+----+-------------------+-------------------+---------+---------------------
*   1: printout of the result at time [hours]
*---+----+-------------------+-------------------+---------+---------------------
    1    0 1.8488600000000D+04
*---+----+-------------------+-------------------+---------+---------------------
    2    1 1.8488600000000D+04 2.0815800000000D+01
   0.83427    1.0767    1.1018    1.0882    1.0752    1.0616    1.0479    1.0313
   0.98531   0.69779
    3    1 1.8488600000000D+04 9.8354655000000D+12
   0.83427    1.0767    1.1018    1.0882    1.0752    1.0616    1.0479    1.0313
   0.98531   0.69779
    9    0 1.8488600000000D+04 2.9060000000000D+02
   10    0 1.8488600000000D+04 1.5761290322581D+01
*---+----+-------------------+-------------------+---------+---------------------
*   1: printout of the result at time [hours]
*---+----+-------------------+-------------------+---------+---------------------
    1    0 1.8490600000000D+04
*---+----+-------------------+-------------------+---------+---------------------
    2    1 1.8490600000000D+04 2.3642600000000D+01
   0.50557   0.73867   0.85659   0.96677    1.0718    1.1662    1.2437    1.2935
    1.2721   0.88514
    3    1 1.8490600000000D+04 1.0466579020000D+13
   0.50557   0.73867   0.85659   0.96677    1.0718    1.1662    1.2437    1.2935
    1.2721   0.88514
    9    0 1.8490600000000D+04 2.9060000000000D+02
   10    0 1.8490600000000D+04 1.5761290322581D+01
*---+----+-------------------+-------------------+---------+---------------------
*   1: printout of the result at time [hours]
*---+----+-------------------+-------------------+---------+---------------------
    1    0 1.8640800000000D+04
*---+----+-------------------+-------------------+---------+---------------------
    2    1 1.8640800000000D+04 2.3709600000000D+01
    0.6766   0.91925    0.9869    1.0336    1.0728    1.1061    1.1331    1.1553
    1.1219   0.79453
    3    1 1.8640800000000D+04 1.0493868960000D+13
    0.6766   0.91925    0.9869    1.0336    1.0728    1.1061    1.1331    1.1553
    1.1219   0.79453
    9    0 1.8640800000000D+04 2.9060000000000D+02
   10    0 1.8640800000000D+04 1.5761290322581D+01
*---+----+-------------------+-------------------+---------+---------------------
*   1: printout of the result at time [hours]
*---+----+-------------------+-------------------+---------+---------------------
    1    0 2.2279200000000D+04
*---+----+-------------------+-------------------+---------+---------------------
    2    1 2.2279200000000D+04 2.2831400000000D+01
    0.8501    1.0437    1.0394     1.031    1.0308    1.0374    1.0497    1.0657
    1.0587    0.7936
    3    1 2.2279200000000D+04 1.0244449180000D+13
    0.8501    1.0437    1.0394     1.031    1.0308    1.0374    1.0497    1.0657
    1.0587    0.7936
    9    0 2.2279200000000D+04 2.9060000000000D+02
   10    0 2.2279200000000D+04 1.5761290322581D+01
*---+----+-------------------+-------------------+---------+---------------------
*   1: printout of the result at time [hours]
*---+----+-------------------+-------------------+---------+---------------------
    1    0 2.5689600000000D+04
*---+----+-------------------+-------------------+---------+---------------------
    2    1 2.5689600000000D+04 2.2355000000000D+01
   0.93724    1.0785    1.0411    1.0236    1.0163     1.014    1.0165    1.0266
    1.0289    0.8174
    3    1 2.5689600000000D+04 1.0122344000000D+13
   0.93724    1.0785    1.0411    1.0236    1.0163     1.014    1.0165    1.0266
    1.0289    0.8174
    9    0 2.5689600000000D+04 2.9060000000000D+02
   10    0 2.5689600000000D+04 1.5761290322581D+01
*---+----+-------------------+-------------------+---------+---------------------
*   1: printout of the result at time [hours]
*---+----+-------------------+-------------------+---------+---------------------
    1    0 2.7373400000000D+04
*---+----+-------------------+-------------------+---------+---------------------
    2    1 2.7373400000000D+04 2.2172600000000D+01
   0.99082    1.0622    1.0176   0.99876   0.99438   0.99596    1.0033    1.0218
    1.0441   0.87112
    3    1 2.7373400000000D+04 1.0048622320000D+13
   0.99082    1.0622    1.0176   0.99876   0.99438   0.99596    1.0033    1.0218
    1.0441   0.87112
    9    0 2.7373400000000D+04 2.9060000000000D+02
   10    0 2.7373400000000D+04 1.5761290322581D+01
*---+----+-------------------+-------------------+---------+---------------------
*   1: printout of the result at time [hours]
*---+----+-------------------+-------------------+---------+---------------------
    1    0 2.7375400000000D+04
*---+----+-------------------+-------------------+---------+---------------------
    2    1 2.7375400000000D+04 2.4464000000000D+00
   0.42961   0.66424   0.82162   0.96387    1.0947    1.2079    1.2933    1.3403
    1.2802   0.90419
    3    1 2.7375400000000D+04 1.2598960000000D+12
   0.42961   0.66424   0.82162   0.96387    1.0947    1.2079    1.2933    1.3403
    1.2802   0.90419
    9    0 2.7375400000000D+04 2.9060000000000D+02
   10    0 2.7375400000000D+04 1.5761290322581D+01
*---+----+-------------------+-------------------+---------+---------------------
*   1: printout of the result at time [hours]
*---+----+-------------------+-------------------+---------+---------------------
    1    0 2.7525600000000D+04
*---+----+-------------------+-------------------+---------+---------------------
    2    1 2.7525600000000D+04 2.5599000000000D+00
    0.6094   0.86058   0.96723    1.0383    1.0926    1.1356    1.1657    1.1817
     1.129   0.81995
    3    1 2.7525600000000D+04 1.2904455900000D+12
    0.6094   0.86058   0.96723    1.0383    1.0926    1.1356    1.1657    1.1817
     1.129   0.81995
    9    0 2.7525600000000D+04 2.9060000000000D+02
   10    0 2.7525600000000D+04 1.5761290322581D+01
*---+----+-------------------+-------------------+---------+---------------------
*   1: printout of the result at time [hours]
*---+----+-------------------+-------------------+---------+---------------------
    1    0 3.4195200000000D+04
*---+----+-------------------+-------------------+---------+---------------------
    2    1 3.4195200000000D+04 3.0913000000000D+00
   0.84819    1.0358    1.0494    1.0442     1.041    1.0407    1.0436    1.0487
    1.0323   0.81616
    3    1 3.4195200000000D+04 1.4000497700000D+12
   0.84819    1.0358    1.0494    1.0442     1.041    1.0407    1.0436    1.0487
    1.0323   0.81616
    9    0 3.4195200000000D+04 2.9060000000000D+02
   10    0 3.4195200000000D+04 1.5761290322581D+01
*---+----+-------------------+-------------------+---------+---------------------
*   1: printout of the result at time [hours]
*---+----+-------------------+-------------------+---------+---------------------
    1    0 3.7472600000000D+04
*---+----+-------------------+-------------------+---------+---------------------
    2    1 3.7472600000000D+04 3.6861000000000D+00
   0.94734    1.0412    1.0057   0.98912   0.98831   0.99509    1.0095    1.0374
     1.074   0.91235
    3    1 3.7472600000000D+04 1.5603261300000D+12
   0.94734    1.0412    1.0057   0.98912   0.98831   0.99509    1.0095    1.0374
     1.074   0.91235
    9    0 3.7472600000000D+04 2.9060000000000D+02
   10    0 3.7472600000000D+04 1.5761290322581D+01
*---+----+-------------------+-------------------+---------+---------------------
*   1: printout of the result at time [hours]
*---+----+-------------------+-------------------+---------+---------------------
    1    0 3.7474600000000D+04
*---+----+-------------------+-------------------+---------+---------------------
    2    1 3.7474600000000D+04 1.3605200000000D+01
   0.53193   0.71862   0.84997   0.96897    1.0724     1.157    1.2181    1.2549
    1.2422   0.98595
    3    1 3.7474600000000D+04 6.5740326400000D+12
   0.53193   0.71862   0.84997   0.96897    1.0724     1.157    1.2181    1.2549
    1.2422   0.98595
    9    0 3.7474600000000D+04 2.9290000000000D+02
   10    0 3.7474600000000D+04 1.5761290322581D+01
*---+----+-------------------+-------------------+---------+---------------------
*   1: printout of the result at time [hours]
*---+----+-------------------+-------------------+---------+---------------------
    1    0 3.7617600000000D+04
*---+----+-------------------+-------------------+---------+---------------------
    2    1 3.7617600000000D+04 1.3789400000000D+01
   0.72041   0.89801    0.9764      1.03    1.0668    1.0921    1.1117    1.1105
    1.1016   0.89242
    3    1 3.7617600000000D+04 6.5940910800000D+12
   0.72041   0.89801    0.9764      1.03    1.0668    1.0921    1.1117    1.1105
    1.1016   0.89242
    9    0 3.7617600000000D+04 2.9290000000000D+02
   10    0 3.7617600000000D+04 1.5761290322581D+01
*---+----+-------------------+-------------------+---------+---------------------
*   1: printout of the result at time [hours]
*---+----+-------------------+-------------------+---------+---------------------
    1    0 4.1073600000000D+04
*---+----+-------------------+-------------------+---------+---------------------
    2    1 4.1073600000000D+04 1.4535200000000D+01
   0.82895   0.99868    1.0386     1.052    1.0572    1.0609    1.0596    1.0535
    1.0278   0.82283
    3    1 4.1073600000000D+04 7.1033522400000D+12
   0.82895   0.99868    1.0386     1.052    1.0572    1.0609    1.0596    1.0535
    1.0278   0.82283
    9    0 4.1073600000000D+04 2.9290000000000D+02
   10    0 4.1073600000000D+04 1.5761290322581D+01
*---+----+-------------------+-------------------+---------+---------------------
*   1: printout of the result at time [hours]
*---+----+-------------------+-------------------+---------+---------------------
    1    0 4.2873600000000D+04
*---+----+-------------------+-------------------+---------+---------------------
    2    1 4.2873600000000D+04 1.5034000000000D+01
   0.84469    1.0299    1.0731    1.0788    1.0728    1.0629    1.0502    1.0299
    0.9837   0.77418
    3    1 4.2873600000000D+04 7.4087552000000D+12
   0.84469    1.0299    1.0731    1.0788    1.0728    1.0629    1.0502    1.0299
    0.9837   0.77418
    9    0 4.2873600000000D+04 2.9290000000000D+02
   10    0 4.2873600000000D+04 1.5761290322581D+01
*---+----+-------------------+-------------------+---------+---------------------
*   1: printout of the result at time [hours]
*---+----+-------------------+-------------------+---------+---------------------
    1    0 4.7268000000000D+04
*---+----+-------------------+-------------------+---------+---------------------
    2    1 4.7268000000000D+04 1.5837900000000D+01
   0.95859    1.0317   0.99742    0.9817   0.98422   0.99717    1.0194     1.052
    1.0743   0.90347
    3    1 4.7268000000000D+04 7.7383979400000D+12
   0.95859    1.0317   0.99742    0.9817   0.98422   0.99717    1.0194     1.052
    1.0743   0.90347
    9    0 4.7268000000000D+04 2.9290000000000D+02
   10    0 4.7268000000000D+04 1.5761290322581D+01
*---+----+-------------------+-------------------+---------+---------------------
*   1: printout of the result at time [hours]
*---+----+-------------------+-------------------+---------+---------------------
    1    0 4.7556000000000D+04
*---+----+-------------------+-------------------+---------+---------------------
    2    1 4.7556000000000D+04 1.5212400000000D+01
   0.90295   0.97256    0.9512   0.95245    0.9725    1.0025    1.0418    1.0928
    1.1406   0.97052
    3    1 4.7556000000000D+04 7.3704078000000D+12
   0.90295   0.97256    0.9512   0.95245    0.9725    1.0025    1.0418    1.0928
    1.1406   0.97052
    9    0 4.7556000000000D+04 2.8960000000000D+02
   10    0 4.7556000000000D+04 1.5761290322581D+01
* data point #3846 end
*  00:  last line of data set (finishing the program)
*---+----+-------------------+-------------------+---------+---------------------
00000    0 4.7556000000000D+04
*---+----+-------------------+-------------------+---------+---------------------
