* data point #3746 begin
*
*---+----+-------------------+-------------------+---------+---------------------
*   1: printout of the result at time [hours]
*---+----+-------------------+-------------------+---------+---------------------
    1    0 0.0000000000000D+00
*---+----+-------------------+-------------------+---------+---------------------
    2    1 0.0000000000000D+00 3.0775000000000D+01
   0.44829   0.67045   0.81199   0.94502     1.072    1.1852    1.2754    1.3292
    1.3077   0.95477
    3    1 0.0000000000000D+00 1.0475810000000D+13
   0.44829   0.67045   0.81199   0.94502     1.072    1.1852    1.2754    1.3292
    1.3077   0.95477
    9    0 0.0000000000000D+00 2.9060000000000D+02
   10    0 0.0000000000000D+00 1.5760000000000D+01
*---+----+-------------------+-------------------+---------+---------------------
*   1: printout of the result at time [hours]
*---+----+-------------------+-------------------+---------+---------------------
    1    0 1.5120000000000D+02
*---+----+-------------------+-------------------+---------+---------------------
    2    1 1.5120000000000D+02 3.0749400000000D+01
    0.6446    0.8848    0.9742    1.0335    1.0808    1.1184    1.1455    1.1625
    1.1236   0.83215
    3    1 1.5120000000000D+02 1.0513219860000D+13
    0.6446    0.8848    0.9742    1.0335    1.0808    1.1184    1.1455    1.1625
    1.1236   0.83215
    9    0 1.5120000000000D+02 2.9060000000000D+02
   10    0 1.5120000000000D+02 1.5760000000000D+01
*---+----+-------------------+-------------------+---------+---------------------
*   1: printout of the result at time [hours]
*---+----+-------------------+-------------------+---------+---------------------
    1    0 6.8208000000000D+03
*---+----+-------------------+-------------------+---------+---------------------
    2    1 6.8208000000000D+03 3.1380300000000D+01
   0.84843    1.1216    1.1203    1.0943    1.0705      1.05    1.0324    1.0142
   0.96408   0.68409
    3    1 6.8208000000000D+03 1.1544812370000D+13
   0.84843    1.1216    1.1203    1.0943    1.0705      1.05    1.0324    1.0142
   0.96408   0.68409
    9    0 6.8208000000000D+03 2.9060000000000D+02
   10    0 6.8208000000000D+03 1.5760000000000D+01
*---+----+-------------------+-------------------+---------+---------------------
*   1: printout of the result at time [hours]
*---+----+-------------------+-------------------+---------+---------------------
    1    0 1.0098200000000D+04
*---+----+-------------------+-------------------+---------+---------------------
    2    1 1.0098200000000D+04 2.9523400000000D+01
   0.94342    1.1105     1.064     1.034     1.018    1.0087    1.0055    1.0119
    1.0119   0.79202
    3    1 1.0098200000000D+04 1.1094893720000D+13
   0.94342    1.1105     1.064     1.034     1.018    1.0087    1.0055    1.0119
    1.0119   0.79202
    9    0 1.0098200000000D+04 2.9060000000000D+02
   10    0 1.0098200000000D+04 1.5760000000000D+01
*---+----+-------------------+-------------------+---------+---------------------
*   1: printout of the result at time [hours]
*---+----+-------------------+-------------------+---------+---------------------
    1    0 1.0100200000000D+04
*---+----+-------------------+-------------------+---------+---------------------
    2    1 1.0100200000000D+04 2.7504100000000D+01
   0.49204   0.76454   0.91081    1.0305    1.1284    1.2025     1.248    1.2548
    1.1883    0.7801
    3    1 1.0100200000000D+04 1.1320687560000D+13
   0.49204   0.76454   0.91081    1.0305    1.1284    1.2025     1.248    1.2548
    1.1883    0.7801
    9    0 1.0100200000000D+04 2.9290000000000D+02
   10    0 1.0100200000000D+04 1.5760000000000D+01
*---+----+-------------------+-------------------+---------+---------------------
*   1: printout of the result at time [hours]
*---+----+-------------------+-------------------+---------+---------------------
    1    0 1.0243200000000D+04
*---+----+-------------------+-------------------+---------+---------------------
    2    1 1.0243200000000D+04 2.7469300000000D+01
   0.66631   0.95532    1.0453    1.0929    1.1189    1.1317    1.1293    1.1108
    1.0478   0.70162
    3    1 1.0243200000000D+04 1.1292629230000D+13
   0.66631   0.95532    1.0453    1.0929    1.1189    1.1317    1.1293    1.1108
    1.0478   0.70162
    9    0 1.0243200000000D+04 2.9290000000000D+02
   10    0 1.0243200000000D+04 1.5760000000000D+01
*---+----+-------------------+-------------------+---------+---------------------
*   1: printout of the result at time [hours]
*---+----+-------------------+-------------------+---------+---------------------
    1    0 1.3699200000000D+04
*---+----+-------------------+-------------------+---------+---------------------
    2    1 1.3699200000000D+04 2.6456500000000D+01
   0.79198    1.0557     1.093    1.0955    1.0894    1.0805     1.069    1.0492
   0.99144   0.68414
    3    1 1.3699200000000D+04 1.1119666950000D+13
   0.79198    1.0557     1.093    1.0955    1.0894    1.0805     1.069    1.0492
   0.99144   0.68414
    9    0 1.3699200000000D+04 2.9290000000000D+02
   10    0 1.3699200000000D+04 1.5760000000000D+01
*---+----+-------------------+-------------------+---------+---------------------
*   1: printout of the result at time [hours]
*---+----+-------------------+-------------------+---------+---------------------
    1    0 1.5499200000000D+04
*---+----+-------------------+-------------------+---------+---------------------
    2    1 1.5499200000000D+04 2.5853200000000D+01
   0.81719    1.0787    1.1181    1.1069    1.0925    1.0752    1.0555    1.0275
    0.9617   0.66673
    3    1 1.5499200000000D+04 1.1000536600000D+13
   0.81719    1.0787    1.1181    1.1069    1.0925    1.0752    1.0555    1.0275
    0.9617   0.66673
    9    0 1.5499200000000D+04 2.9290000000000D+02
   10    0 1.5499200000000D+04 1.5760000000000D+01
*---+----+-------------------+-------------------+---------+---------------------
*   1: printout of the result at time [hours]
*---+----+-------------------+-------------------+---------+---------------------
    1    0 1.9893600000000D+04
*---+----+-------------------+-------------------+---------+---------------------
    2    1 1.9893600000000D+04 2.4802600000000D+01
   0.95151    1.0728    1.0319    1.0092    1.0041    1.0088     1.022    1.0434
    1.0463   0.80987
    3    1 1.9893600000000D+04 1.0702321900000D+13
   0.95151    1.0728    1.0319    1.0092    1.0041    1.0088     1.022    1.0434
    1.0463   0.80987
    9    0 1.9893600000000D+04 2.9290000000000D+02
   10    0 1.9893600000000D+04 1.5760000000000D+01
*---+----+-------------------+-------------------+---------+---------------------
*   1: printout of the result at time [hours]
*---+----+-------------------+-------------------+---------+---------------------
    1    0 2.0181600000000D+04
*---+----+-------------------+-------------------+---------+---------------------
    2    1 2.0181600000000D+04 2.3740400000000D+01
   0.89413    1.0091   0.98322   0.97913   0.99299    1.0161    1.0473    1.0877
    1.1143   0.87606
    3    1 2.0181600000000D+04 1.0146646960000D+13
   0.89413    1.0091   0.98322   0.97913   0.99299    1.0161    1.0473    1.0877
    1.1143   0.87606
    9    0 2.0181600000000D+04 2.8960000000000D+02
   10    0 2.0181600000000D+04 1.5760000000000D+01
* data point #3746 end
*  00:  last line of data set (finishing the program)
*---+----+-------------------+-------------------+---------+---------------------
00000    0 2.0181600000000D+04
*---+----+-------------------+-------------------+---------+---------------------
