* data point #4134 begin
*
*---+----+-------------------+-------------------+---------+---------------------
*   1: printout of the result at time [hours]
*---+----+-------------------+-------------------+---------+---------------------
    1    0 0.0000000000000D+00
*---+----+-------------------+-------------------+---------+---------------------
    2    1 0.0000000000000D+00 2.6864300000000D+01
   0.56871   0.87961    1.0398    1.1346    1.1894     1.212    1.1973    1.1374
   0.99902   0.64227
    3    1 0.0000000000000D+00 1.0955261540000D+13
   0.56871   0.87961    1.0398    1.1346    1.1894     1.212    1.1973    1.1374
   0.99902   0.64227
    9    0 0.0000000000000D+00 2.9290000000000D+02
   10    0 0.0000000000000D+00 1.5761290322581D+01
*---+----+-------------------+-------------------+---------+---------------------
*   1: printout of the result at time [hours]
*---+----+-------------------+-------------------+---------+---------------------
    1    0 1.4400000000000D+02
*---+----+-------------------+-------------------+---------+---------------------
    2    1 1.4400000000000D+02 2.6350600000000D+01
   0.71137    1.0133    1.1122    1.1427    1.1457     1.133    1.1056    1.0538
   0.94605   0.63608
    3    1 1.4400000000000D+02 1.0766855160000D+13
   0.71137    1.0133    1.1122    1.1427    1.1457     1.133    1.1056    1.0538
   0.94605   0.63608
    9    0 1.4400000000000D+02 2.9290000000000D+02
   10    0 1.4400000000000D+02 1.5761290322581D+01
*---+----+-------------------+-------------------+---------+---------------------
*   1: printout of the result at time [hours]
*---+----+-------------------+-------------------+---------+---------------------
    1    0 3.6000000000000D+03
*---+----+-------------------+-------------------+---------+---------------------
    2    1 3.6000000000000D+03 2.7142200000000D+01
   0.82101    1.0974    1.1344    1.1113    1.0894    1.0687    1.0487    1.0208
   0.94808   0.66026
    3    1 3.6000000000000D+03 1.1041446960000D+13
   0.82101    1.0974    1.1344    1.1113    1.0894    1.0687    1.0487    1.0208
   0.94808   0.66026
    9    0 3.6000000000000D+03 2.9290000000000D+02
   10    0 3.6000000000000D+03 1.5761290322581D+01
*---+----+-------------------+-------------------+---------+---------------------
*   1: printout of the result at time [hours]
*---+----+-------------------+-------------------+---------+---------------------
    1    0 7.3968000000000D+03
*---+----+-------------------+-------------------+---------+---------------------
    2    1 7.3968000000000D+03 2.8134100000000D+01
   0.86578    1.1453    1.1312    1.0973    1.0707    1.0493      1.03    1.0067
    0.9416   0.66211
    3    1 7.3968000000000D+03 1.1447765290000D+13
   0.86578    1.1453    1.1312    1.0973    1.0707    1.0493      1.03    1.0067
    0.9416   0.66211
    9    0 7.3968000000000D+03 2.9290000000000D+02
   10    0 7.3968000000000D+03 1.5761290322581D+01
*---+----+-------------------+-------------------+---------+---------------------
*   1: printout of the result at time [hours]
*---+----+-------------------+-------------------+---------+---------------------
    1    0 7.9742000000000D+03
*---+----+-------------------+-------------------+---------+---------------------
    2    1 7.9742000000000D+03 2.6856200000000D+01
   0.79412    1.0548    1.0595    1.0529    1.0556    1.0626    1.0711    1.0815
    1.0326   0.73514
    3    1 7.9742000000000D+03 1.0750536860000D+13
   0.79412    1.0548    1.0595    1.0529    1.0556    1.0626    1.0711    1.0815
    1.0326   0.73514
    9    0 7.9742000000000D+03 2.8810000000000D+02
   10    0 7.9742000000000D+03 1.5761290322581D+01
*---+----+-------------------+-------------------+---------+---------------------
*   1: printout of the result at time [hours]
*---+----+-------------------+-------------------+---------+---------------------
    1    0 7.9762000000000D+03
*---+----+-------------------+-------------------+---------+---------------------
    2    1 7.9762000000000D+03 2.6244900000000D+01
   0.51541   0.84104   0.98472    1.0855    1.1635    1.2167    1.2415    1.2102
    1.0786   0.66287
    3    1 7.9762000000000D+03 1.1046478410000D+13
   0.51541   0.84104   0.98472    1.0855    1.1635    1.2167    1.2415    1.2102
    1.0786   0.66287
    9    0 7.9762000000000D+03 2.9290000000000D+02
   10    0 7.9762000000000D+03 1.5761290322581D+01
*---+----+-------------------+-------------------+---------+---------------------
*   1: printout of the result at time [hours]
*---+----+-------------------+-------------------+---------+---------------------
    1    0 8.1192000000000D+03
*---+----+-------------------+-------------------+---------+---------------------
    2    1 8.1192000000000D+03 2.5775600000000D+01
   0.67005    1.0088    1.0922    1.1225    1.1365    1.1391    1.1284    1.0927
   0.98345   0.62629
    3    1 8.1192000000000D+03 1.0848950040000D+13
   0.67005    1.0088    1.0922    1.1225    1.1365    1.1391    1.1284    1.0927
   0.98345   0.62629
    9    0 8.1192000000000D+03 2.9290000000000D+02
   10    0 8.1192000000000D+03 1.5761290322581D+01
*---+----+-------------------+-------------------+---------+---------------------
*   1: printout of the result at time [hours]
*---+----+-------------------+-------------------+---------+---------------------
    1    0 1.1575200000000D+04
*---+----+-------------------+-------------------+---------+---------------------
    2    1 1.1575200000000D+04 2.5672300000000D+01
   0.83962    1.0992    1.0862    1.0662    1.0539    1.0475    1.0465    1.0476
    1.0119   0.70142
    3    1 1.1575200000000D+04 1.0766962620000D+13
   0.83962    1.0992    1.0862    1.0662    1.0539    1.0475    1.0465    1.0476
    1.0119   0.70142
    9    0 1.1575200000000D+04 2.9290000000000D+02
   10    0 1.1575200000000D+04 1.5761290322581D+01
*---+----+-------------------+-------------------+---------+---------------------
*   1: printout of the result at time [hours]
*---+----+-------------------+-------------------+---------+---------------------
    1    0 1.1952000000000D+04
*---+----+-------------------+-------------------+---------+---------------------
    2    1 1.1952000000000D+04 2.5652300000000D+01
   0.85677    1.1048    1.0855    1.0627    1.0487     1.041    1.0392    1.0413
    1.0104   0.70949
    3    1 1.1952000000000D+04 1.0753444160000D+13
   0.85677    1.1048    1.0855    1.0627    1.0487     1.041    1.0392    1.0413
    1.0104   0.70949
    9    0 1.1952000000000D+04 2.9290000000000D+02
   10    0 1.1952000000000D+04 1.5761290322581D+01
*---+----+-------------------+-------------------+---------+---------------------
*   1: printout of the result at time [hours]
*---+----+-------------------+-------------------+---------+---------------------
    1    0 1.2935000000000D+04
*---+----+-------------------+-------------------+---------+---------------------
    2    1 1.2935000000000D+04 2.2713000000000D+01
   0.75406   0.96487    0.9731   0.98842    1.0159    1.0505    1.0919    1.1408
    1.1639   0.85643
    3    1 1.2935000000000D+04 9.2169354000000D+12
   0.75406   0.96487    0.9731   0.98842    1.0159    1.0505    1.0919    1.1408
    1.1639   0.85643
    9    0 1.2935000000000D+04 2.8270000000000D+02
   10    0 1.2935000000000D+04 1.5761290322581D+01
*---+----+-------------------+-------------------+---------+---------------------
*   1: printout of the result at time [hours]
*---+----+-------------------+-------------------+---------+---------------------
    1    0 1.2937000000000D+04
*---+----+-------------------+-------------------+---------+---------------------
    2    1 1.2937000000000D+04 2.5248200000000D+01
   0.51556   0.79689   0.93904    1.0479    1.1316    1.1914    1.2258    1.2277
    1.1623   0.76188
    3    1 1.2937000000000D+04 1.0033634680000D+13
   0.51556   0.79689   0.93904    1.0479    1.1316    1.1914    1.2258    1.2277
    1.1623   0.76188
    9    0 1.2937000000000D+04 2.9480000000000D+02
   10    0 1.2937000000000D+04 1.5761290322581D+01
*---+----+-------------------+-------------------+---------+---------------------
*   1: printout of the result at time [hours]
*---+----+-------------------+-------------------+---------+---------------------
    1    0 1.3099200000000D+04
*---+----+-------------------+-------------------+---------+---------------------
    2    1 1.3099200000000D+04 2.5327500000000D+01
   0.67776   0.96496    1.0481    1.0887    1.1093    1.1197     1.119    1.1074
    1.0542   0.71077
    3    1 1.3099200000000D+04 1.0077812250000D+13
   0.67776   0.96496    1.0481    1.0887    1.1093    1.1197     1.119    1.1074
    1.0542   0.71077
    9    0 1.3099200000000D+04 2.9480000000000D+02
   10    0 1.3099200000000D+04 1.5761290322581D+01
*---+----+-------------------+-------------------+---------+---------------------
*   1: printout of the result at time [hours]
*---+----+-------------------+-------------------+---------+---------------------
    1    0 1.4025600000000D+04
*---+----+-------------------+-------------------+---------+---------------------
    2    1 1.4025600000000D+04 2.4924100000000D+01
   0.70911   0.99021    1.0591    1.0879    1.1007    1.1064    1.1038    1.0924
    1.0419   0.70847
    3    1 1.4025600000000D+04 1.0046904710000D+13
   0.70911   0.99021    1.0591    1.0879    1.1007    1.1064    1.1038    1.0924
    1.0419   0.70847
    9    0 1.4025600000000D+04 2.9480000000000D+02
   10    0 1.4025600000000D+04 1.5761290322581D+01
*---+----+-------------------+-------------------+---------+---------------------
*   1: printout of the result at time [hours]
*---+----+-------------------+-------------------+---------+---------------------
    1    0 1.4028000000000D+04
*---+----+-------------------+-------------------+---------+---------------------
    2    1 1.4028000000000D+04 2.6973100000000D+01
   0.72546    1.0054    1.0684    1.0918    1.0998    1.1001    1.0952    1.0815
    1.0308   0.70151
    3    1 1.4028000000000D+04 1.0802726550000D+13
   0.72546    1.0054    1.0684    1.0918    1.0998    1.1001    1.0952    1.0815
    1.0308   0.70151
    9    0 1.4028000000000D+04 2.9060000000000D+02
   10    0 1.4028000000000D+04 1.5761290322581D+01
*---+----+-------------------+-------------------+---------+---------------------
*   1: printout of the result at time [hours]
*---+----+-------------------+-------------------+---------+---------------------
    1    0 1.6804800000000D+04
*---+----+-------------------+-------------------+---------+---------------------
    2    1 1.6804800000000D+04 2.5927000000000D+01
   0.81135    1.0625    1.0927    1.0833     1.075     1.066    1.0571    1.0453
    1.0032   0.70348
    3    1 1.6804800000000D+04 1.0694887500000D+13
   0.81135    1.0625    1.0927    1.0833     1.075     1.066    1.0571    1.0453
    1.0032   0.70348
    9    0 1.6804800000000D+04 2.9060000000000D+02
   10    0 1.6804800000000D+04 1.5761290322581D+01
*---+----+-------------------+-------------------+---------+---------------------
*   1: printout of the result at time [hours]
*---+----+-------------------+-------------------+---------+---------------------
    1    0 1.8488600000000D+04
*---+----+-------------------+-------------------+---------+---------------------
    2    1 1.8488600000000D+04 2.5358000000000D+01
   0.83429    1.0767    1.1017    1.0882    1.0752    1.0616    1.0479    1.0313
   0.98529   0.69781
    3    1 1.8488600000000D+04 1.0609787200000D+13
   0.83429    1.0767    1.1017    1.0882    1.0752    1.0616    1.0479    1.0313
   0.98529   0.69781
    9    0 1.8488600000000D+04 2.9060000000000D+02
   10    0 1.8488600000000D+04 1.5761290322581D+01
*---+----+-------------------+-------------------+---------+---------------------
*   1: printout of the result at time [hours]
*---+----+-------------------+-------------------+---------+---------------------
    1    0 1.8490600000000D+04
*---+----+-------------------+-------------------+---------+---------------------
    2    1 1.8490600000000D+04 2.5515000000000D+01
   0.50558   0.73866   0.85659   0.96676    1.0718    1.1662    1.2437    1.2935
    1.2721   0.88513
    3    1 1.8490600000000D+04 1.0810705500000D+13
   0.50558   0.73866   0.85659   0.96676    1.0718    1.1662    1.2437    1.2935
    1.2721   0.88513
    9    0 1.8490600000000D+04 2.9060000000000D+02
   10    0 1.8490600000000D+04 1.5761290322581D+01
*---+----+-------------------+-------------------+---------+---------------------
*   1: printout of the result at time [hours]
*---+----+-------------------+-------------------+---------+---------------------
    1    0 1.8640800000000D+04
*---+----+-------------------+-------------------+---------+---------------------
    2    1 1.8640800000000D+04 2.5449300000000D+01
   0.67656   0.91924    0.9869    1.0336    1.0728    1.1061    1.1331    1.1553
    1.1219   0.79456
    3    1 1.8640800000000D+04 1.0805772780000D+13
   0.67656   0.91924    0.9869    1.0336    1.0728    1.1061    1.1331    1.1553
    1.1219   0.79456
    9    0 1.8640800000000D+04 2.9060000000000D+02
   10    0 1.8640800000000D+04 1.5761290322581D+01
*---+----+-------------------+-------------------+---------+---------------------
*   1: printout of the result at time [hours]
*---+----+-------------------+-------------------+---------+---------------------
    1    0 2.2279200000000D+04
*---+----+-------------------+-------------------+---------+---------------------
    2    1 2.2279200000000D+04 2.4129200000000D+01
   0.85013    1.0436    1.0394     1.031    1.0308    1.0374    1.0496    1.0657
    1.0587    0.7936
    3    1 2.2279200000000D+04 1.0616848000000D+13
   0.85013    1.0436    1.0394     1.031    1.0308    1.0374    1.0496    1.0657
    1.0587    0.7936
    9    0 2.2279200000000D+04 2.9060000000000D+02
   10    0 2.2279200000000D+04 1.5761290322581D+01
*---+----+-------------------+-------------------+---------+---------------------
*   1: printout of the result at time [hours]
*---+----+-------------------+-------------------+---------+---------------------
    1    0 2.5689600000000D+04
*---+----+-------------------+-------------------+---------+---------------------
    2    1 2.5689600000000D+04 2.3814000000000D+01
   0.93726    1.0784    1.0411    1.0236    1.0163     1.014    1.0165    1.0266
    1.0288   0.81738
    3    1 2.5689600000000D+04 1.0685341800000D+13
   0.93726    1.0784    1.0411    1.0236    1.0163     1.014    1.0165    1.0266
    1.0288   0.81738
    9    0 2.5689600000000D+04 2.9060000000000D+02
   10    0 2.5689600000000D+04 1.5761290322581D+01
*---+----+-------------------+-------------------+---------+---------------------
*   1: printout of the result at time [hours]
*---+----+-------------------+-------------------+---------+---------------------
    1    0 2.7373400000000D+04
*---+----+-------------------+-------------------+---------+---------------------
    2    1 2.7373400000000D+04 2.3511800000000D+01
   0.99082    1.0621    1.0176   0.99873   0.99439   0.99597    1.0032    1.0219
    1.0441   0.87114
    3    1 2.7373400000000D+04 1.0582661180000D+13
   0.99082    1.0621    1.0176   0.99873   0.99439   0.99597    1.0032    1.0219
    1.0441   0.87114
    9    0 2.7373400000000D+04 2.9060000000000D+02
   10    0 2.7373400000000D+04 1.5761290322581D+01
*---+----+-------------------+-------------------+---------+---------------------
*   1: printout of the result at time [hours]
*---+----+-------------------+-------------------+---------+---------------------
    1    0 2.7375400000000D+04
*---+----+-------------------+-------------------+---------+---------------------
    2    1 2.7375400000000D+04 1.8153000000000D+00
   0.42968   0.66435   0.82135   0.96403    1.0946    1.2081    1.2935    1.3403
    1.2802   0.90398
    3    1 2.7375400000000D+04 8.6680575000000D+11
   0.42968   0.66435   0.82135   0.96403    1.0946    1.2081    1.2935    1.3403
    1.2802   0.90398
    9    0 2.7375400000000D+04 2.9060000000000D+02
   10    0 2.7375400000000D+04 1.5761290322581D+01
*---+----+-------------------+-------------------+---------+---------------------
*   1: printout of the result at time [hours]
*---+----+-------------------+-------------------+---------+---------------------
    1    0 2.7525600000000D+04
*---+----+-------------------+-------------------+---------+---------------------
    2    1 2.7525600000000D+04 1.9148000000000D+00
   0.60946   0.86066    0.9672    1.0382    1.0925    1.1354    1.1657    1.1818
    1.1291   0.81993
    3    1 2.7525600000000D+04 8.9746676000000D+11
   0.60946   0.86066    0.9672    1.0382    1.0925    1.1354    1.1657    1.1818
    1.1291   0.81993
    9    0 2.7525600000000D+04 2.9060000000000D+02
   10    0 2.7525600000000D+04 1.5761290322581D+01
*---+----+-------------------+-------------------+---------+---------------------
*   1: printout of the result at time [hours]
*---+----+-------------------+-------------------+---------+---------------------
    1    0 3.4195200000000D+04
*---+----+-------------------+-------------------+---------+---------------------
    2    1 3.4195200000000D+04 2.4619000000000D+00
   0.84813    1.0358    1.0492    1.0443    1.0411    1.0407    1.0435    1.0488
    1.0321   0.81644
    3    1 3.4195200000000D+04 1.0475384500000D+12
   0.84813    1.0358    1.0492    1.0443    1.0411    1.0407    1.0435    1.0488
    1.0321   0.81644
    9    0 3.4195200000000D+04 2.9060000000000D+02
   10    0 3.4195200000000D+04 1.5761290322581D+01
*---+----+-------------------+-------------------+---------+---------------------
*   1: printout of the result at time [hours]
*---+----+-------------------+-------------------+---------+---------------------
    1    0 3.7472600000000D+04
*---+----+-------------------+-------------------+---------+---------------------
    2    1 3.7472600000000D+04 3.0036000000000D+00
    0.9472    1.0414    1.0058   0.98915   0.98815   0.99514    1.0095    1.0374
     1.074   0.91224
    3    1 3.7472600000000D+04 1.1978356800000D+12
    0.9472    1.0414    1.0058   0.98915   0.98815   0.99514    1.0095    1.0374
     1.074   0.91224
    9    0 3.7472600000000D+04 2.9060000000000D+02
   10    0 3.7472600000000D+04 1.5761290322581D+01
*---+----+-------------------+-------------------+---------+---------------------
*   1: printout of the result at time [hours]
*---+----+-------------------+-------------------+---------+---------------------
    1    0 3.7474600000000D+04
*---+----+-------------------+-------------------+---------+---------------------
    2    1 3.7474600000000D+04 5.7347000000000D+00
   0.53185   0.71861   0.84991   0.96901    1.0724     1.157    1.2182    1.2548
    1.2423   0.98593
    3    1 3.7474600000000D+04 2.7767417400000D+12
   0.53185   0.71861   0.84991   0.96901    1.0724     1.157    1.2182    1.2548
    1.2423   0.98593
    9    0 3.7474600000000D+04 2.9290000000000D+02
   10    0 3.7474600000000D+04 1.5761290322581D+01
*---+----+-------------------+-------------------+---------+---------------------
*   1: printout of the result at time [hours]
*---+----+-------------------+-------------------+---------+---------------------
    1    0 3.7617600000000D+04
*---+----+-------------------+-------------------+---------+---------------------
    2    1 3.7617600000000D+04 5.9887000000000D+00
   0.72052   0.89802   0.97634    1.0299    1.0668    1.0921    1.1118    1.1104
    1.1016   0.89251
    3    1 3.7617600000000D+04 2.8578076400000D+12
   0.72052   0.89802   0.97634    1.0299    1.0668    1.0921    1.1118    1.1104
    1.1016   0.89251
    9    0 3.7617600000000D+04 2.9290000000000D+02
   10    0 3.7617600000000D+04 1.5761290322581D+01
*---+----+-------------------+-------------------+---------+---------------------
*   1: printout of the result at time [hours]
*---+----+-------------------+-------------------+---------+---------------------
    1    0 4.1073600000000D+04
*---+----+-------------------+-------------------+---------+---------------------
    2    1 4.1073600000000D+04 6.8343000000000D+00
   0.82891   0.99864    1.0386     1.052    1.0572    1.0608    1.0597    1.0535
    1.0278   0.82291
    3    1 4.1073600000000D+04 3.1984524000000D+12
   0.82891   0.99864    1.0386     1.052    1.0572    1.0608    1.0597    1.0535
    1.0278   0.82291
    9    0 4.1073600000000D+04 2.9290000000000D+02
   10    0 4.1073600000000D+04 1.5761290322581D+01
*---+----+-------------------+-------------------+---------+---------------------
*   1: printout of the result at time [hours]
*---+----+-------------------+-------------------+---------+---------------------
    1    0 4.2873600000000D+04
*---+----+-------------------+-------------------+---------+---------------------
    2    1 4.2873600000000D+04 7.2814000000000D+00
   0.84462    1.0299    1.0731    1.0788    1.0727    1.0628    1.0502    1.0299
   0.98374   0.77416
    3    1 4.2873600000000D+04 3.3763851800000D+12
   0.84462    1.0299    1.0731    1.0788    1.0727    1.0628    1.0502    1.0299
   0.98374   0.77416
    9    0 4.2873600000000D+04 2.9290000000000D+02
   10    0 4.2873600000000D+04 1.5761290322581D+01
*---+----+-------------------+-------------------+---------+---------------------
*   1: printout of the result at time [hours]
*---+----+-------------------+-------------------+---------+---------------------
    1    0 4.7268000000000D+04
*---+----+-------------------+-------------------+---------+---------------------
    2    1 4.7268000000000D+04 8.4317000000000D+00
   0.95864    1.0317   0.99743   0.98165   0.98426   0.99719    1.0194     1.052
    1.0743    0.9035
    3    1 4.7268000000000D+04 3.7731857500000D+12
   0.95864    1.0317   0.99743   0.98165   0.98426   0.99719    1.0194     1.052
    1.0743    0.9035
    9    0 4.7268000000000D+04 2.9290000000000D+02
   10    0 4.7268000000000D+04 1.5761290322581D+01
*---+----+-------------------+-------------------+---------+---------------------
*   1: printout of the result at time [hours]
*---+----+-------------------+-------------------+---------+---------------------
    1    0 4.7556000000000D+04
*---+----+-------------------+-------------------+---------+---------------------
    2    1 4.7556000000000D+04 8.0915000000000D+00
   0.90292    0.9725   0.95125   0.95248    0.9725    1.0025    1.0418    1.0928
    1.1407   0.97052
    3    1 4.7556000000000D+04 3.5950534500000D+12
   0.90292    0.9725   0.95125   0.95248    0.9725    1.0025    1.0418    1.0928
    1.1407   0.97052
    9    0 4.7556000000000D+04 2.8960000000000D+02
   10    0 4.7556000000000D+04 1.5761290322581D+01
* data point #4134 end
*  00:  last line of data set (finishing the program)
*---+----+-------------------+-------------------+---------+---------------------
00000    0 4.7556000000000D+04
*---+----+-------------------+-------------------+---------+---------------------
