* data point #4770 begin
*
*---+----+-------------------+-------------------+---------+---------------------
*   1: printout of the result at time [hours]
*---+----+-------------------+-------------------+---------+---------------------
    1    0 0.0000000000000D+00
*---+----+-------------------+-------------------+---------+---------------------
    2    1 0.0000000000000D+00 2.4990800000000D+01
   0.45201   0.73539   0.90885    1.0443    1.1552    1.2386    1.2907    1.2771
    1.1583   0.73947
    3    1 0.0000000000000D+00 8.6843030000000D+12
   0.45201   0.73539   0.90885    1.0443    1.1552    1.2386    1.2907    1.2771
    1.1583   0.73947
    9    0 0.0000000000000D+00 2.9060000000000D+02
   10    0 0.0000000000000D+00 1.5760000000000D+01
*---+----+-------------------+-------------------+---------+---------------------
*   1: printout of the result at time [hours]
*---+----+-------------------+-------------------+---------+---------------------
    1    0 1.5120000000000D+02
*---+----+-------------------+-------------------+---------+---------------------
    2    1 1.5120000000000D+02 2.4585800000000D+01
   0.63789   0.94335    1.0575    1.1108    1.1396    1.1537    1.1494    1.1195
    1.0182   0.67002
    3    1 1.5120000000000D+02 8.5558584000000D+12
   0.63789   0.94335    1.0575    1.1108    1.1396    1.1537    1.1494    1.1195
    1.0182   0.67002
    9    0 1.5120000000000D+02 2.9060000000000D+02
   10    0 1.5120000000000D+02 1.5760000000000D+01
*---+----+-------------------+-------------------+---------+---------------------
*   1: printout of the result at time [hours]
*---+----+-------------------+-------------------+---------+---------------------
    1    0 6.8208000000000D+03
*---+----+-------------------+-------------------+---------+---------------------
    2    1 6.8208000000000D+03 2.3835700000000D+01
   0.83698    1.1272    1.1299    1.1023    1.0771    1.0555    1.0369    1.0173
   0.95852   0.65838
    3    1 6.8208000000000D+03 8.5546327300000D+12
   0.83698    1.1272    1.1299    1.1023    1.0771    1.0555    1.0369    1.0173
   0.95852   0.65838
    9    0 6.8208000000000D+03 2.9060000000000D+02
   10    0 6.8208000000000D+03 1.5760000000000D+01
*---+----+-------------------+-------------------+---------+---------------------
*   1: printout of the result at time [hours]
*---+----+-------------------+-------------------+---------+---------------------
    1    0 1.0098200000000D+04
*---+----+-------------------+-------------------+---------+---------------------
    2    1 1.0098200000000D+04 2.4214600000000D+01
   0.93113    1.1331    1.0713    1.0386    1.0218    1.0122    1.0093    1.0168
    1.0132   0.75252
    3    1 1.0098200000000D+04 8.7463135200000D+12
   0.93113    1.1331    1.0713    1.0386    1.0218    1.0122    1.0093    1.0168
    1.0132   0.75252
    9    0 1.0098200000000D+04 2.9060000000000D+02
   10    0 1.0098200000000D+04 1.5760000000000D+01
*---+----+-------------------+-------------------+---------+---------------------
*   1: printout of the result at time [hours]
*---+----+-------------------+-------------------+---------+---------------------
    1    0 1.0100200000000D+04
*---+----+-------------------+-------------------+---------+---------------------
    2    1 1.0100200000000D+04 2.5363400000000D+01
   0.48885   0.75041   0.88931    1.0092    1.1114    1.1921     1.246    1.2709
    1.2173    0.8245
    3    1 1.0100200000000D+04 1.0142823660000D+13
   0.48885   0.75041   0.88931    1.0092    1.1114    1.1921     1.246    1.2709
    1.2173    0.8245
    9    0 1.0100200000000D+04 2.9290000000000D+02
   10    0 1.0100200000000D+04 1.5760000000000D+01
*---+----+-------------------+-------------------+---------+---------------------
*   1: printout of the result at time [hours]
*---+----+-------------------+-------------------+---------+---------------------
    1    0 1.0243200000000D+04
*---+----+-------------------+-------------------+---------+---------------------
    2    1 1.0243200000000D+04 2.5415000000000D+01
   0.66433    0.9422    1.0261    1.0756    1.1065    1.1239    1.1328    1.1191
    1.0709   0.73842
    3    1 1.0243200000000D+04 1.0148209500000D+13
   0.66433    0.9422    1.0261    1.0756    1.1065    1.1239    1.1328    1.1191
    1.0709   0.73842
    9    0 1.0243200000000D+04 2.9290000000000D+02
   10    0 1.0243200000000D+04 1.5760000000000D+01
*---+----+-------------------+-------------------+---------+---------------------
*   1: printout of the result at time [hours]
*---+----+-------------------+-------------------+---------+---------------------
    1    0 1.3699200000000D+04
*---+----+-------------------+-------------------+---------+---------------------
    2    1 1.3699200000000D+04 2.4675900000000D+01
    0.7915    1.0453     1.078    1.0826    1.0803    1.0758     1.069     1.055
    1.0084    0.7141
    3    1 1.3699200000000D+04 1.0052961660000D+13
    0.7915    1.0453     1.078    1.0826    1.0803    1.0758     1.069     1.055
    1.0084    0.7141
    9    0 1.3699200000000D+04 2.9290000000000D+02
   10    0 1.3699200000000D+04 1.5760000000000D+01
*---+----+-------------------+-------------------+---------+---------------------
*   1: printout of the result at time [hours]
*---+----+-------------------+-------------------+---------+---------------------
    1    0 1.5499200000000D+04
*---+----+-------------------+-------------------+---------+---------------------
    2    1 1.5499200000000D+04 2.4183100000000D+01
   0.81726    1.0691    1.0984    1.0954    1.0846    1.0715    1.0561    1.0339
    0.9782   0.69557
    3    1 1.5499200000000D+04 9.9561822700000D+12
   0.81726    1.0691    1.0984    1.0954    1.0846    1.0715    1.0561    1.0339
    0.9782   0.69557
    9    0 1.5499200000000D+04 2.9290000000000D+02
   10    0 1.5499200000000D+04 1.5760000000000D+01
*---+----+-------------------+-------------------+---------+---------------------
*   1: printout of the result at time [hours]
*---+----+-------------------+-------------------+---------+---------------------
    1    0 1.9893600000000D+04
*---+----+-------------------+-------------------+---------+---------------------
    2    1 1.9893600000000D+04 2.3386200000000D+01
   0.95539    1.0684    1.0239    1.0013   0.99666     1.002     1.016    1.0403
    1.0543   0.84182
    3    1 1.9893600000000D+04 9.7122888600000D+12
   0.95539    1.0684    1.0239    1.0013   0.99666     1.002     1.016    1.0403
    1.0543   0.84182
    9    0 1.9893600000000D+04 2.9290000000000D+02
   10    0 1.9893600000000D+04 1.5760000000000D+01
*---+----+-------------------+-------------------+---------+---------------------
*   1: printout of the result at time [hours]
*---+----+-------------------+-------------------+---------+---------------------
    1    0 2.0181600000000D+04
*---+----+-------------------+-------------------+---------+---------------------
    2    1 2.0181600000000D+04 2.2325600000000D+01
    0.8974    1.0047   0.97525   0.97095   0.98483    1.0082      1.04     1.083
    1.1262   0.90949
    3    1 2.0181600000000D+04 9.1825192800000D+12
    0.8974    1.0047   0.97525   0.97095   0.98483    1.0082      1.04     1.083
    1.1262   0.90949
    9    0 2.0181600000000D+04 2.8960000000000D+02
   10    0 2.0181600000000D+04 1.5760000000000D+01
* data point #4770 end
*  00:  last line of data set (finishing the program)
*---+----+-------------------+-------------------+---------+---------------------
00000    0 2.0181600000000D+04
*---+----+-------------------+-------------------+---------+---------------------
