* data point #4865 begin
*
*---+----+-------------------+-------------------+---------+---------------------
*   1: printout of the result at time [hours]
*---+----+-------------------+-------------------+---------+---------------------
    1    0 0.0000000000000D+00
*---+----+-------------------+-------------------+---------+---------------------
    2    1 0.0000000000000D+00 2.8205600000000D+01
   0.44807   0.67029     0.812   0.94503    1.0719    1.1849    1.2751     1.329
     1.308   0.95559
    3    1 0.0000000000000D+00 1.0565817760000D+13
   0.44807   0.67029     0.812   0.94503    1.0719    1.1849    1.2751     1.329
     1.308   0.95559
    9    0 0.0000000000000D+00 2.9060000000000D+02
   10    0 0.0000000000000D+00 1.5760000000000D+01
*---+----+-------------------+-------------------+---------+---------------------
*   1: printout of the result at time [hours]
*---+----+-------------------+-------------------+---------+---------------------
    1    0 1.5120000000000D+02
*---+----+-------------------+-------------------+---------+---------------------
    2    1 1.5120000000000D+02 2.8120100000000D+01
   0.64445   0.88478   0.97429    1.0336    1.0808    1.1182    1.1452    1.1622
    1.1237   0.83264
    3    1 1.5120000000000D+02 1.0553473530000D+13
   0.64445   0.88478   0.97429    1.0336    1.0808    1.1182    1.1452    1.1622
    1.1237   0.83264
    9    0 1.5120000000000D+02 2.9060000000000D+02
   10    0 1.5120000000000D+02 1.5760000000000D+01
*---+----+-------------------+-------------------+---------+---------------------
*   1: printout of the result at time [hours]
*---+----+-------------------+-------------------+---------+---------------------
    1    0 6.8208000000000D+03
*---+----+-------------------+-------------------+---------+---------------------
    2    1 6.8208000000000D+03 2.8787100000000D+01
   0.84847    1.1216    1.1204    1.0945    1.0706      1.05    1.0323    1.0141
    0.9639   0.68416
    3    1 6.8208000000000D+03 1.1062882530000D+13
   0.84847    1.1216    1.1204    1.0945    1.0706      1.05    1.0323    1.0141
    0.9639   0.68416
    9    0 6.8208000000000D+03 2.9060000000000D+02
   10    0 6.8208000000000D+03 1.5760000000000D+01
*---+----+-------------------+-------------------+---------+---------------------
*   1: printout of the result at time [hours]
*---+----+-------------------+-------------------+---------+---------------------
    1    0 1.0098200000000D+04
*---+----+-------------------+-------------------+---------+---------------------
    2    1 1.0098200000000D+04 2.7715300000000D+01
   0.94341    1.1107    1.0642    1.0341    1.0181    1.0088    1.0055    1.0118
    1.0117   0.79173
    3    1 1.0098200000000D+04 1.0714734980000D+13
   0.94341    1.1107    1.0642    1.0341    1.0181    1.0088    1.0055    1.0118
    1.0117   0.79173
    9    0 1.0098200000000D+04 2.9060000000000D+02
   10    0 1.0098200000000D+04 1.5760000000000D+01
*---+----+-------------------+-------------------+---------+---------------------
*   1: printout of the result at time [hours]
*---+----+-------------------+-------------------+---------+---------------------
    1    0 1.0100200000000D+04
*---+----+-------------------+-------------------+---------+---------------------
    2    1 1.0100200000000D+04 2.6168100000000D+01
   0.49167   0.76429   0.91065    1.0304    1.1284    1.2025    1.2482     1.255
    1.1886   0.78034
    3    1 1.0100200000000D+04 1.0849294260000D+13
   0.49167   0.76429   0.91065    1.0304    1.1284    1.2025    1.2482     1.255
    1.1886   0.78034
    9    0 1.0100200000000D+04 2.9290000000000D+02
   10    0 1.0100200000000D+04 1.5760000000000D+01
*---+----+-------------------+-------------------+---------+---------------------
*   1: printout of the result at time [hours]
*---+----+-------------------+-------------------+---------+---------------------
    1    0 1.0243200000000D+04
*---+----+-------------------+-------------------+---------+---------------------
    2    1 1.0243200000000D+04 2.6099400000000D+01
   0.66618   0.95546    1.0455    1.0931     1.119    1.1317    1.1292    1.1107
    1.0476   0.70147
    3    1 1.0243200000000D+04 1.0831251000000D+13
   0.66618   0.95546    1.0455    1.0931     1.119    1.1317    1.1292    1.1107
    1.0476   0.70147
    9    0 1.0243200000000D+04 2.9290000000000D+02
   10    0 1.0243200000000D+04 1.5760000000000D+01
*---+----+-------------------+-------------------+---------+---------------------
*   1: printout of the result at time [hours]
*---+----+-------------------+-------------------+---------+---------------------
    1    0 1.3699200000000D+04
*---+----+-------------------+-------------------+---------+---------------------
    2    1 1.3699200000000D+04 2.4788700000000D+01
   0.79226    1.0561    1.0934    1.0958    1.0895    1.0805    1.0688    1.0488
   0.99094   0.68378
    3    1 1.3699200000000D+04 1.0726070490000D+13
   0.79226    1.0561    1.0934    1.0958    1.0895    1.0805    1.0688    1.0488
   0.99094   0.68378
    9    0 1.3699200000000D+04 2.9290000000000D+02
   10    0 1.3699200000000D+04 1.5760000000000D+01
*---+----+-------------------+-------------------+---------+---------------------
*   1: printout of the result at time [hours]
*---+----+-------------------+-------------------+---------+---------------------
    1    0 1.5499200000000D+04
*---+----+-------------------+-------------------+---------+---------------------
    2    1 1.5499200000000D+04 2.4226000000000D+01
   0.81751    1.0791    1.1184    1.1072    1.0926    1.0752    1.0552    1.0271
   0.96124   0.66643
    3    1 1.5499200000000D+04 1.0647327000000D+13
   0.81751    1.0791    1.1184    1.1072    1.0926    1.0752    1.0552    1.0271
   0.96124   0.66643
    9    0 1.5499200000000D+04 2.9290000000000D+02
   10    0 1.5499200000000D+04 1.5760000000000D+01
*---+----+-------------------+-------------------+---------+---------------------
*   1: printout of the result at time [hours]
*---+----+-------------------+-------------------+---------+---------------------
    1    0 1.9893600000000D+04
*---+----+-------------------+-------------------+---------+---------------------
    2    1 1.9893600000000D+04 2.3276900000000D+01
   0.95167    1.0735    1.0327    1.0099    1.0046    1.0092     1.022     1.043
    1.0451   0.80836
    3    1 1.9893600000000D+04 1.0360548190000D+13
   0.95167    1.0735    1.0327    1.0099    1.0046    1.0092     1.022     1.043
    1.0451   0.80836
    9    0 1.9893600000000D+04 2.9290000000000D+02
   10    0 1.9893600000000D+04 1.5760000000000D+01
*---+----+-------------------+-------------------+---------+---------------------
*   1: printout of the result at time [hours]
*---+----+-------------------+-------------------+---------+---------------------
    1    0 2.0181600000000D+04
*---+----+-------------------+-------------------+---------+---------------------
    2    1 2.0181600000000D+04 2.2251200000000D+01
   0.89424    1.0097   0.98395   0.97981   0.99352    1.0164    1.0474    1.0873
    1.1132   0.87447
    3    1 2.0181600000000D+04 9.8038787200000D+12
   0.89424    1.0097   0.98395   0.97981   0.99352    1.0164    1.0474    1.0873
    1.1132   0.87447
    9    0 2.0181600000000D+04 2.8960000000000D+02
   10    0 2.0181600000000D+04 1.5760000000000D+01
* data point #4865 end
*  00:  last line of data set (finishing the program)
*---+----+-------------------+-------------------+---------+---------------------
00000    0 2.0181600000000D+04
*---+----+-------------------+-------------------+---------+---------------------
