* data point #4059 begin
*
*---+----+-------------------+-------------------+---------+---------------------
*   1: printout of the result at time [hours]
*---+----+-------------------+-------------------+---------+---------------------
    1    0 0.0000000000000D+00
*---+----+-------------------+-------------------+---------+---------------------
    2    1 0.0000000000000D+00 3.0974800000000D+01
   0.44746    0.7285   0.90177    1.0385    1.1518    1.2383    1.2942     1.284
     1.168   0.74735
    3    1 0.0000000000000D+00 1.0587186640000D+13
   0.44746    0.7285   0.90177    1.0385    1.1518    1.2383    1.2942     1.284
     1.168   0.74735
    9    0 0.0000000000000D+00 2.9060000000000D+02
   10    0 0.0000000000000D+00 1.5760000000000D+01
*---+----+-------------------+-------------------+---------+---------------------
*   1: printout of the result at time [hours]
*---+----+-------------------+-------------------+---------+---------------------
    1    0 1.5120000000000D+02
*---+----+-------------------+-------------------+---------+---------------------
    2    1 1.5120000000000D+02 3.0431300000000D+01
   0.63579   0.93999     1.054    1.1081    1.1379    1.1535    1.1508    1.1226
     1.023   0.67424
    3    1 1.5120000000000D+02 1.0437935900000D+13
   0.63579   0.93999     1.054    1.1081    1.1379    1.1535    1.1508    1.1226
     1.023   0.67424
    9    0 1.5120000000000D+02 2.9060000000000D+02
   10    0 1.5120000000000D+02 1.5760000000000D+01
*---+----+-------------------+-------------------+---------+---------------------
*   1: printout of the result at time [hours]
*---+----+-------------------+-------------------+---------+---------------------
    1    0 6.8208000000000D+03
*---+----+-------------------+-------------------+---------+---------------------
    2    1 6.8208000000000D+03 2.7988400000000D+01
   0.83763    1.1278    1.1308    1.1031    1.0776    1.0555    1.0364    1.0163
   0.95725   0.65752
    3    1 6.8208000000000D+03 1.0232559040000D+13
   0.83763    1.1278    1.1308    1.1031    1.0776    1.0555    1.0364    1.0163
   0.95725   0.65752
    9    0 6.8208000000000D+03 2.9060000000000D+02
   10    0 6.8208000000000D+03 1.5760000000000D+01
*---+----+-------------------+-------------------+---------+---------------------
*   1: printout of the result at time [hours]
*---+----+-------------------+-------------------+---------+---------------------
    1    0 1.0098200000000D+04
*---+----+-------------------+-------------------+---------+---------------------
    2    1 1.0098200000000D+04 2.7476200000000D+01
   0.93095    1.1332    1.0715     1.039    1.0222    1.0126    1.0094    1.0166
    1.0127   0.75178
    3    1 1.0098200000000D+04 1.0265108320000D+13
   0.93095    1.1332    1.0715     1.039    1.0222    1.0126    1.0094    1.0166
    1.0127   0.75178
    9    0 1.0098200000000D+04 2.9060000000000D+02
   10    0 1.0098200000000D+04 1.5760000000000D+01
*---+----+-------------------+-------------------+---------+---------------------
*   1: printout of the result at time [hours]
*---+----+-------------------+-------------------+---------+---------------------
    1    0 1.0100200000000D+04
*---+----+-------------------+-------------------+---------+---------------------
    2    1 1.0100200000000D+04 2.7769800000000D+01
   0.48852   0.74952   0.88823    1.0082    1.1107    1.1917    1.2462    1.2718
    1.2189   0.82622
    3    1 1.0100200000000D+04 1.1382841020000D+13
   0.48852   0.74952   0.88823    1.0082    1.1107    1.1917    1.2462    1.2718
    1.2189   0.82622
    9    0 1.0100200000000D+04 2.9290000000000D+02
   10    0 1.0100200000000D+04 1.5760000000000D+01
*---+----+-------------------+-------------------+---------+---------------------
*   1: printout of the result at time [hours]
*---+----+-------------------+-------------------+---------+---------------------
    1    0 1.0243200000000D+04
*---+----+-------------------+-------------------+---------+---------------------
    2    1 1.0243200000000D+04 2.7637000000000D+01
   0.66382   0.94117     1.025    1.0747    1.1059    1.1238     1.133      1.12
    1.0725   0.74002
    3    1 1.0243200000000D+04 1.1317351500000D+13
   0.66382   0.94117     1.025    1.0747    1.1059    1.1238     1.133      1.12
    1.0725   0.74002
    9    0 1.0243200000000D+04 2.9290000000000D+02
   10    0 1.0243200000000D+04 1.5760000000000D+01
*---+----+-------------------+-------------------+---------+---------------------
*   1: printout of the result at time [hours]
*---+----+-------------------+-------------------+---------+---------------------
    1    0 1.3699200000000D+04
*---+----+-------------------+-------------------+---------+---------------------
    2    1 1.3699200000000D+04 2.6551300000000D+01
   0.79115    1.0448    1.0776    1.0822    1.0801    1.0758    1.0691    1.0554
     1.009    0.7148
    3    1 1.3699200000000D+04 1.1109063920000D+13
   0.79115    1.0448    1.0776    1.0822    1.0801    1.0758    1.0691    1.0554
     1.009    0.7148
    9    0 1.3699200000000D+04 2.9290000000000D+02
   10    0 1.3699200000000D+04 1.5760000000000D+01
*---+----+-------------------+-------------------+---------+---------------------
*   1: printout of the result at time [hours]
*---+----+-------------------+-------------------+---------+---------------------
    1    0 1.5499200000000D+04
*---+----+-------------------+-------------------+---------+---------------------
    2    1 1.5499200000000D+04 2.5923500000000D+01
   0.81694    1.0688    1.0982    1.0953    1.0846    1.0715    1.0562     1.034
   0.97846   0.69593
    3    1 1.5499200000000D+04 1.0970825200000D+13
   0.81694    1.0688    1.0982    1.0953    1.0846    1.0715    1.0562     1.034
   0.97846   0.69593
    9    0 1.5499200000000D+04 2.9290000000000D+02
   10    0 1.5499200000000D+04 1.5760000000000D+01
*---+----+-------------------+-------------------+---------+---------------------
*   1: printout of the result at time [hours]
*---+----+-------------------+-------------------+---------+---------------------
    1    0 1.9893600000000D+04
*---+----+-------------------+-------------------+---------+---------------------
    2    1 1.9893600000000D+04 2.4651000000000D+01
    0.9553    1.0684    1.0238    1.0012   0.99651    1.0018    1.0159    1.0403
    1.0545   0.84236
    3    1 1.9893600000000D+04 1.0555558200000D+13
    0.9553    1.0684    1.0238    1.0012   0.99651    1.0018    1.0159    1.0403
    1.0545   0.84236
    9    0 1.9893600000000D+04 2.9290000000000D+02
   10    0 1.9893600000000D+04 1.5760000000000D+01
*---+----+-------------------+-------------------+---------+---------------------
*   1: printout of the result at time [hours]
*---+----+-------------------+-------------------+---------+---------------------
    1    0 2.0181600000000D+04
*---+----+-------------------+-------------------+---------+---------------------
    2    1 2.0181600000000D+04 2.3551900000000D+01
   0.89738    1.0048   0.97525   0.97092   0.98472     1.008    1.0398    1.0829
    1.1262   0.90999
    3    1 2.0181600000000D+04 9.9860056000000D+12
   0.89738    1.0048   0.97525   0.97092   0.98472     1.008    1.0398    1.0829
    1.1262   0.90999
    9    0 2.0181600000000D+04 2.8960000000000D+02
   10    0 2.0181600000000D+04 1.5760000000000D+01
* data point #4059 end
*  00:  last line of data set (finishing the program)
*---+----+-------------------+-------------------+---------+---------------------
00000    0 2.0181600000000D+04
*---+----+-------------------+-------------------+---------+---------------------
