* data point #4029 begin
*
*---+----+-------------------+-------------------+---------+---------------------
*   1: printout of the result at time [hours]
*---+----+-------------------+-------------------+---------+---------------------
    1    0 0.0000000000000D+00
*---+----+-------------------+-------------------+---------+---------------------
    2    1 0.0000000000000D+00 3.2986300000000D+01
   0.59519    0.8867    1.0396    1.1333     1.185    1.2116    1.1779    1.1149
    0.9932   0.66264
    3    1 0.0000000000000D+00 1.0819506400000D+13
   0.59519    0.8867    1.0396    1.1333     1.185    1.2116    1.1779    1.1149
    0.9932   0.66264
    9    0 0.0000000000000D+00 2.9290000000000D+02
   10    0 0.0000000000000D+00 1.5780769230769D+01
*---+----+-------------------+-------------------+---------+---------------------
*   1: printout of the result at time [hours]
*---+----+-------------------+-------------------+---------+---------------------
    1    0 1.4400000000000D+02
*---+----+-------------------+-------------------+---------+---------------------
    2    1 1.4400000000000D+02 3.2544800000000D+01
    0.7455    1.0247    1.1143    1.1421    1.1412    1.1223    1.0878     1.033
   0.93821   0.65076
    3    1 1.4400000000000D+02 1.0723511600000D+13
    0.7455    1.0247    1.1143    1.1421    1.1412    1.1223    1.0878     1.033
   0.93821   0.65076
    9    0 1.4400000000000D+02 2.9290000000000D+02
   10    0 1.4400000000000D+02 1.5780769230769D+01
*---+----+-------------------+-------------------+---------+---------------------
*   1: printout of the result at time [hours]
*---+----+-------------------+-------------------+---------+---------------------
    1    0 3.6000000000000D+03
*---+----+-------------------+-------------------+---------+---------------------
    2    1 3.6000000000000D+03 3.3427700000000D+01
   0.86327     1.119    1.1313    1.1062    1.0791    1.0547     1.032    1.0049
   0.94266    0.6669
    3    1 3.6000000000000D+03 1.1529213730000D+13
   0.86327     1.119    1.1313    1.1062    1.0791    1.0547     1.032    1.0049
   0.94266    0.6669
    9    0 3.6000000000000D+03 2.9290000000000D+02
   10    0 3.6000000000000D+03 1.5780769230769D+01
*---+----+-------------------+-------------------+---------+---------------------
*   1: printout of the result at time [hours]
*---+----+-------------------+-------------------+---------+---------------------
    1    0 6.7920000000000D+03
*---+----+-------------------+-------------------+---------+---------------------
    2    1 6.7920000000000D+03 3.4260000000000D+01
   0.91001    1.1775    1.1493    1.1065    1.0692    1.0362    1.0065   0.97717
   0.91737    0.6502
    3    1 6.7920000000000D+03 1.2217116000000D+13
   0.91001    1.1775    1.1493    1.1065    1.0692    1.0362    1.0065   0.97717
   0.91737    0.6502
    9    0 6.7920000000000D+03 2.9290000000000D+02
   10    0 6.7920000000000D+03 1.5780769230769D+01
*---+----+-------------------+-------------------+---------+---------------------
*   1: printout of the result at time [hours]
*---+----+-------------------+-------------------+---------+---------------------
    1    0 7.2878000000000D+03
*---+----+-------------------+-------------------+---------+---------------------
    2    1 7.2878000000000D+03 3.2800000000000D+01
    0.8425    1.0909    1.0774    1.0635    1.0584    1.0558    1.0524    1.0445
   0.99945   0.71527
    3    1 7.2878000000000D+03 1.1607920000000D+13
    0.8425    1.0909    1.0774    1.0635    1.0584    1.0558    1.0524    1.0445
   0.99945   0.71527
    9    0 7.2878000000000D+03 2.8920000000000D+02
   10    0 7.2878000000000D+03 1.5780769230769D+01
*---+----+-------------------+-------------------+---------+---------------------
*   1: printout of the result at time [hours]
*---+----+-------------------+-------------------+---------+---------------------
    1    0 7.2898000000000D+03
*---+----+-------------------+-------------------+---------+---------------------
    2    1 7.2898000000000D+03 2.6795400000000D+01
   0.46366    0.7464   0.89683     1.025     1.135     1.221    1.2744    1.2782
     1.185   0.77461
    3    1 7.2898000000000D+03 1.0067031780000D+13
   0.46366    0.7464   0.89683     1.025     1.135     1.221    1.2744    1.2782
     1.185   0.77461
    9    0 7.2898000000000D+03 2.9290000000000D+02
   10    0 7.2898000000000D+03 1.5780769230769D+01
*---+----+-------------------+-------------------+---------+---------------------
*   1: printout of the result at time [hours]
*---+----+-------------------+-------------------+---------+---------------------
    1    0 7.4328000000000D+03
*---+----+-------------------+-------------------+---------+---------------------
    2    1 7.4328000000000D+03 2.7689200000000D+01
   0.60428   0.89891   0.99902    1.0659    1.1166    1.1534    1.1778    1.1664
    1.0879   0.72985
    3    1 7.4328000000000D+03 1.0419445960000D+13
   0.60428   0.89891   0.99902    1.0659    1.1166    1.1534    1.1778    1.1664
    1.0879   0.72985
    9    0 7.4328000000000D+03 2.9290000000000D+02
   10    0 7.4328000000000D+03 1.5780769230769D+01
*---+----+-------------------+-------------------+---------+---------------------
*   1: printout of the result at time [hours]
*---+----+-------------------+-------------------+---------+---------------------
    1    0 1.0888800000000D+04
*---+----+-------------------+-------------------+---------+---------------------
    2    1 1.0888800000000D+04 2.7074900000000D+01
   0.77326    1.0186    1.0404    1.0467    1.0546    1.0651     1.078    1.0949
    1.0643   0.76418
    3    1 1.0888800000000D+04 1.0448203910000D+13
   0.77326    1.0186    1.0404    1.0467    1.0546    1.0651     1.078    1.0949
    1.0643   0.76418
    9    0 1.0888800000000D+04 2.9290000000000D+02
   10    0 1.0888800000000D+04 1.5780769230769D+01
*---+----+-------------------+-------------------+---------+---------------------
*   1: printout of the result at time [hours]
*---+----+-------------------+-------------------+---------+---------------------
    1    0 1.4685600000000D+04
*---+----+-------------------+-------------------+---------+---------------------
    2    1 1.4685600000000D+04 2.5661800000000D+01
   0.90282      1.07    1.0354     1.019    1.0145    1.0168    1.0255    1.0419
    1.0479   0.82621
    3    1 1.4685600000000D+04 1.0067124140000D+13
   0.90282      1.07    1.0354     1.019    1.0145    1.0168    1.0255    1.0419
    1.0479   0.82621
    9    0 1.4685600000000D+04 2.9290000000000D+02
   10    0 1.4685600000000D+04 1.5780769230769D+01
*---+----+-------------------+-------------------+---------+---------------------
*   1: printout of the result at time [hours]
*---+----+-------------------+-------------------+---------+---------------------
    1    0 1.5263000000000D+04
*---+----+-------------------+-------------------+---------+---------------------
    2    1 1.5263000000000D+04 2.3676900000000D+01
   0.83888   0.98374   0.97242    0.9772   0.99565    1.0215    1.0542    1.0968
    1.1409   0.91874
    3    1 1.5263000000000D+04 9.1676956800000D+12
   0.83888   0.98374   0.97242    0.9772   0.99565    1.0215    1.0542    1.0968
    1.1409   0.91874
    9    0 1.5263000000000D+04 2.8810000000000D+02
   10    0 1.5263000000000D+04 1.5780769230769D+01
*---+----+-------------------+-------------------+---------+---------------------
*   1: printout of the result at time [hours]
*---+----+-------------------+-------------------+---------+---------------------
    1    0 1.5265000000000D+04
*---+----+-------------------+-------------------+---------+---------------------
    2    1 1.5265000000000D+04 2.8896300000000D+01
   0.53927    0.7919   0.90932    1.0171    1.1166    1.1976    1.2505    1.2688
     1.181   0.72798
    3    1 1.5265000000000D+04 1.2136446000000D+13
   0.53927    0.7919   0.90932    1.0171    1.1166    1.1976    1.2505    1.2688
     1.181   0.72798
    9    0 1.5265000000000D+04 2.9290000000000D+02
   10    0 1.5265000000000D+04 1.5780769230769D+01
*---+----+-------------------+-------------------+---------+---------------------
*   1: printout of the result at time [hours]
*---+----+-------------------+-------------------+---------+---------------------
    1    0 1.5408000000000D+04
*---+----+-------------------+-------------------+---------+---------------------
    2    1 1.5408000000000D+04 2.8768700000000D+01
   0.71651   0.97238    1.0301    1.0678    1.0992    1.1226    1.1385    1.1268
    1.0574   0.66871
    3    1 1.5408000000000D+04 1.2079977130000D+13
   0.71651   0.97238    1.0301    1.0678    1.0992    1.1226    1.1385    1.1268
    1.0574   0.66871
    9    0 1.5408000000000D+04 2.9290000000000D+02
   10    0 1.5408000000000D+04 1.5780769230769D+01
*---+----+-------------------+-------------------+---------+---------------------
*   1: printout of the result at time [hours]
*---+----+-------------------+-------------------+---------+---------------------
    1    0 1.8864000000000D+04
*---+----+-------------------+-------------------+---------+---------------------
    2    1 1.8864000000000D+04 2.6902100000000D+01
   0.91584    1.0749    1.0412    1.0262     1.023    1.0268    1.0372    1.0549
    1.0523   0.74764
    3    1 1.8864000000000D+04 1.1393039350000D+13
   0.91584    1.0749    1.0412    1.0262     1.023    1.0268    1.0372    1.0549
    1.0523   0.74764
    9    0 1.8864000000000D+04 2.9290000000000D+02
   10    0 1.8864000000000D+04 1.5780769230769D+01
*---+----+-------------------+-------------------+---------+---------------------
*   1: printout of the result at time [hours]
*---+----+-------------------+-------------------+---------+---------------------
    1    0 1.9240800000000D+04
*---+----+-------------------+-------------------+---------+---------------------
    2    1 1.9240800000000D+04 2.6755400000000D+01
   0.93555    1.0818    1.0406     1.023     1.018      1.02    1.0293    1.0472
    1.0492   0.75544
    3    1 1.9240800000000D+04 1.1341614060000D+13
   0.93555    1.0818    1.0406     1.023     1.018      1.02    1.0293    1.0472
    1.0492   0.75544
    9    0 1.9240800000000D+04 2.9290000000000D+02
   10    0 1.9240800000000D+04 1.5780769230769D+01
*---+----+-------------------+-------------------+---------+---------------------
*   1: printout of the result at time [hours]
*---+----+-------------------+-------------------+---------+---------------------
    1    0 2.0223800000000D+04
*---+----+-------------------+-------------------+---------+---------------------
    2    1 2.0223800000000D+04 2.2797400000000D+01
   0.81501   0.92813   0.92436   0.94471   0.98103     1.026    1.0803    1.1495
    1.2226   0.92844
    3    1 2.0223800000000D+04 9.3674516600000D+12
   0.81501   0.92813   0.92436   0.94471   0.98103     1.026    1.0803    1.1495
    1.2226   0.92844
    9    0 2.0223800000000D+04 2.8270000000000D+02
   10    0 2.0223800000000D+04 1.5780769230769D+01
*---+----+-------------------+-------------------+---------+---------------------
*   1: printout of the result at time [hours]
*---+----+-------------------+-------------------+---------+---------------------
    1    0 2.0225800000000D+04
*---+----+-------------------+-------------------+---------+---------------------
    2    1 2.0225800000000D+04 1.9392000000000D+01
   0.48855   0.70044   0.82194   0.93673    1.0483    1.1523    1.2428    1.3091
    1.3179   0.98195
    3    1 2.0225800000000D+04 8.8524480000000D+12
   0.48855   0.70044   0.82194   0.93673    1.0483    1.1523    1.2428    1.3091
    1.3179   0.98195
    9    0 2.0225800000000D+04 2.9060000000000D+02
   10    0 2.0225800000000D+04 1.5780769230769D+01
*---+----+-------------------+-------------------+---------+---------------------
*   1: printout of the result at time [hours]
*---+----+-------------------+-------------------+---------+---------------------
    1    0 2.0376000000000D+04
*---+----+-------------------+-------------------+---------+---------------------
    2    1 2.0376000000000D+04 1.9781500000000D+01
   0.66112   0.88163   0.95766    1.0119    1.0584       1.1    1.1365     1.164
    1.1546    0.8742
    3    1 2.0376000000000D+04 9.0084951000000D+12
   0.66112   0.88163   0.95766    1.0119    1.0584       1.1    1.1365     1.164
    1.1546    0.8742
    9    0 2.0376000000000D+04 2.9060000000000D+02
   10    0 2.0376000000000D+04 1.5780769230769D+01
*---+----+-------------------+-------------------+---------+---------------------
*   1: printout of the result at time [hours]
*---+----+-------------------+-------------------+---------+---------------------
    1    0 2.4014400000000D+04
*---+----+-------------------+-------------------+---------+---------------------
    2    1 2.4014400000000D+04 2.0292600000000D+01
   0.84065    1.0247      1.03    1.0255    1.0273    1.0353    1.0492    1.0675
     1.066   0.83375
    3    1 2.4014400000000D+04 9.2595133800000D+12
   0.84065    1.0247      1.03    1.0255    1.0273    1.0353    1.0492    1.0675
     1.066   0.83375
    9    0 2.4014400000000D+04 2.9060000000000D+02
   10    0 2.4014400000000D+04 1.5780769230769D+01
*---+----+-------------------+-------------------+---------+---------------------
*   1: printout of the result at time [hours]
*---+----+-------------------+-------------------+---------+---------------------
    1    0 2.7424800000000D+04
*---+----+-------------------+-------------------+---------+---------------------
    2    1 2.7424800000000D+04 2.0457200000000D+01
   0.93463    1.0669    1.0375    1.0218    1.0145    1.0117    1.0139    1.0241
     1.029   0.84596
    3    1 2.7424800000000D+04 9.3489404000000D+12
   0.93463    1.0669    1.0375    1.0218    1.0145    1.0117    1.0139    1.0241
     1.029   0.84596
    9    0 2.7424800000000D+04 2.9060000000000D+02
   10    0 2.7424800000000D+04 1.5780769230769D+01
*---+----+-------------------+-------------------+---------+---------------------
*   1: printout of the result at time [hours]
*---+----+-------------------+-------------------+---------+---------------------
    1    0 2.9108600000000D+04
*---+----+-------------------+-------------------+---------+---------------------
    2    1 2.9108600000000D+04 2.0421500000000D+01
   0.99415     1.056    1.0174   0.99895   0.99307   0.99263   0.99787    1.0149
    1.0388   0.89626
    3    1 2.9108600000000D+04 9.3122040000000D+12
   0.99415     1.056    1.0174   0.99895   0.99307   0.99263   0.99787    1.0149
    1.0388   0.89626
    9    0 2.9108600000000D+04 2.9060000000000D+02
   10    0 2.9108600000000D+04 1.5780769230769D+01
*---+----+-------------------+-------------------+---------+---------------------
*   1: printout of the result at time [hours]
*---+----+-------------------+-------------------+---------+---------------------
    1    0 2.9110600000000D+04
*---+----+-------------------+-------------------+---------+---------------------
    2    1 2.9110600000000D+04 1.8845000000000D+00
   0.52587   0.71849   0.85699   0.97798    1.0799    1.1616    1.2189    1.2491
     1.229   0.98222
    3    1 2.9110600000000D+04 9.2905850000000D+11
   0.52587   0.71849   0.85699   0.97798    1.0799    1.1616    1.2189    1.2491
     1.229   0.98222
    9    0 2.9110600000000D+04 2.9290000000000D+02
   10    0 2.9110600000000D+04 1.5780769230769D+01
*---+----+-------------------+-------------------+---------+---------------------
*   1: printout of the result at time [hours]
*---+----+-------------------+-------------------+---------+---------------------
    1    0 2.9253600000000D+04
*---+----+-------------------+-------------------+---------+---------------------
    2    1 2.9253600000000D+04 2.0317000000000D+00
   0.71172   0.89531   0.98144    1.0371    1.0725    1.0956    1.1124     1.107
    1.0937   0.89334
    3    1 2.9253600000000D+04 9.9004741000000D+11
   0.71172   0.89531   0.98144    1.0371    1.0725    1.0956    1.1124     1.107
    1.0937   0.89334
    9    0 2.9253600000000D+04 2.9290000000000D+02
   10    0 2.9253600000000D+04 1.5780769230769D+01
*---+----+-------------------+-------------------+---------+---------------------
*   1: printout of the result at time [hours]
*---+----+-------------------+-------------------+---------+---------------------
    1    0 3.2709600000000D+04
*---+----+-------------------+-------------------+---------+---------------------
    2    1 3.2709600000000D+04 2.4861000000000D+00
   0.81654   0.99312    1.0414    1.0571    1.0619    1.0631    1.0619    1.0535
    1.0253   0.82619
    3    1 3.2709600000000D+04 1.1704558800000D+12
   0.81654   0.99312    1.0414    1.0571    1.0619    1.0631    1.0619    1.0535
    1.0253   0.82619
    9    0 3.2709600000000D+04 2.9290000000000D+02
   10    0 3.2709600000000D+04 1.5780769230769D+01
*---+----+-------------------+-------------------+---------+---------------------
*   1: printout of the result at time [hours]
*---+----+-------------------+-------------------+---------+---------------------
    1    0 3.4509600000000D+04
*---+----+-------------------+-------------------+---------+---------------------
    2    1 3.4509600000000D+04 2.7210000000000D+00
   0.83499    1.0224    1.0728    1.0809    1.0753    1.0654    1.0522    1.0309
    0.9842   0.78096
    3    1 3.4509600000000D+04 1.2707070000000D+12
   0.83499    1.0224    1.0728    1.0809    1.0753    1.0654    1.0522    1.0309
    0.9842   0.78096
    9    0 3.4509600000000D+04 2.9290000000000D+02
   10    0 3.4509600000000D+04 1.5780769230769D+01
*---+----+-------------------+-------------------+---------+---------------------
*   1: printout of the result at time [hours]
*---+----+-------------------+-------------------+---------+---------------------
    1    0 3.8904000000000D+04
*---+----+-------------------+-------------------+---------+---------------------
    2    1 3.8904000000000D+04 3.5724000000000D+00
   0.93159    1.0377    1.0158   0.99961   0.99961    1.0097    1.0282    1.0531
    1.0564   0.86832
    3    1 3.8904000000000D+04 1.6007924400000D+12
   0.93159    1.0377    1.0158   0.99961   0.99961    1.0097    1.0282    1.0531
    1.0564   0.86832
    9    0 3.8904000000000D+04 2.9290000000000D+02
   10    0 3.8904000000000D+04 1.5780769230769D+01
*---+----+-------------------+-------------------+---------+---------------------
*   1: printout of the result at time [hours]
*---+----+-------------------+-------------------+---------+---------------------
    1    0 3.9192000000000D+04
*---+----+-------------------+-------------------+---------+---------------------
    2    1 3.9192000000000D+04 3.4318000000000D+00
   0.87855   0.97966   0.96917   0.97004    0.9884    1.0161    1.0522    1.0959
    1.1178   0.93216
    3    1 3.9192000000000D+04 1.5206305800000D+12
   0.87855   0.97966   0.96917   0.97004    0.9884    1.0161    1.0522    1.0959
    1.1178   0.93216
    9    0 3.9192000000000D+04 2.8960000000000D+02
   10    0 3.9192000000000D+04 1.5780769230769D+01
* data point #4029 end
*  00:  last line of data set (finishing the program)
*---+----+-------------------+-------------------+---------+---------------------
00000    0 3.9192000000000D+04
*---+----+-------------------+-------------------+---------+---------------------
