* data point #4617 begin
*
*---+----+-------------------+-------------------+---------+---------------------
*   1: printout of the result at time [hours]
*---+----+-------------------+-------------------+---------+---------------------
    1    0 0.0000000000000D+00
*---+----+-------------------+-------------------+---------+---------------------
    2    1 0.0000000000000D+00 3.0521900000000D+01
   0.59518   0.88671    1.0395    1.1333    1.1851    1.2116    1.1779    1.1149
   0.99319   0.66264
    3    1 0.0000000000000D+00 1.0740656610000D+13
   0.59518   0.88671    1.0395    1.1333    1.1851    1.2116    1.1779    1.1149
   0.99319   0.66264
    9    0 0.0000000000000D+00 2.9290000000000D+02
   10    0 0.0000000000000D+00 1.5780769230769D+01
*---+----+-------------------+-------------------+---------+---------------------
*   1: printout of the result at time [hours]
*---+----+-------------------+-------------------+---------+---------------------
    1    0 1.4400000000000D+02
*---+----+-------------------+-------------------+---------+---------------------
    2    1 1.4400000000000D+02 3.0147500000000D+01
    0.7455    1.0247    1.1143    1.1422    1.1412    1.1223    1.0878     1.033
   0.93822   0.65077
    3    1 1.4400000000000D+02 1.0642067500000D+13
    0.7455    1.0247    1.1143    1.1422    1.1412    1.1223    1.0878     1.033
   0.93822   0.65077
    9    0 1.4400000000000D+02 2.9290000000000D+02
   10    0 1.4400000000000D+02 1.5780769230769D+01
*---+----+-------------------+-------------------+---------+---------------------
*   1: printout of the result at time [hours]
*---+----+-------------------+-------------------+---------+---------------------
    1    0 3.6000000000000D+03
*---+----+-------------------+-------------------+---------+---------------------
    2    1 3.6000000000000D+03 3.1046000000000D+01
   0.86327     1.119    1.1313    1.1062    1.0791    1.0547     1.032    1.0049
   0.94267   0.66688
    3    1 3.6000000000000D+03 1.1244861200000D+13
   0.86327     1.119    1.1313    1.1062    1.0791    1.0547     1.032    1.0049
   0.94267   0.66688
    9    0 3.6000000000000D+03 2.9290000000000D+02
   10    0 3.6000000000000D+03 1.5780769230769D+01
*---+----+-------------------+-------------------+---------+---------------------
*   1: printout of the result at time [hours]
*---+----+-------------------+-------------------+---------+---------------------
    1    0 6.7920000000000D+03
*---+----+-------------------+-------------------+---------+---------------------
    2    1 6.7920000000000D+03 3.2241100000000D+01
   0.91002    1.1775    1.1493    1.1065    1.0692    1.0362    1.0065   0.97717
   0.91737   0.65019
    3    1 6.7920000000000D+03 1.1887293570000D+13
   0.91002    1.1775    1.1493    1.1065    1.0692    1.0362    1.0065   0.97717
   0.91737   0.65019
    9    0 6.7920000000000D+03 2.9290000000000D+02
   10    0 6.7920000000000D+03 1.5780769230769D+01
*---+----+-------------------+-------------------+---------+---------------------
*   1: printout of the result at time [hours]
*---+----+-------------------+-------------------+---------+---------------------
    1    0 7.2878000000000D+03
*---+----+-------------------+-------------------+---------+---------------------
    2    1 7.2878000000000D+03 3.0851200000000D+01
    0.8425    1.0909    1.0774    1.0635    1.0584    1.0557    1.0524    1.0445
   0.99944   0.71527
    3    1 7.2878000000000D+03 1.1266858240000D+13
    0.8425    1.0909    1.0774    1.0635    1.0584    1.0557    1.0524    1.0445
   0.99944   0.71527
    9    0 7.2878000000000D+03 2.8920000000000D+02
   10    0 7.2878000000000D+03 1.5780769230769D+01
*---+----+-------------------+-------------------+---------+---------------------
*   1: printout of the result at time [hours]
*---+----+-------------------+-------------------+---------+---------------------
    1    0 7.2898000000000D+03
*---+----+-------------------+-------------------+---------+---------------------
    2    1 7.2898000000000D+03 2.5486400000000D+01
   0.46366    0.7464   0.89683    1.0251     1.135     1.221    1.2744    1.2782
     1.185   0.77461
    3    1 7.2898000000000D+03 9.9855715200000D+12
   0.46366    0.7464   0.89683    1.0251     1.135     1.221    1.2744    1.2782
     1.185   0.77461
    9    0 7.2898000000000D+03 2.9290000000000D+02
   10    0 7.2898000000000D+03 1.5780769230769D+01
*---+----+-------------------+-------------------+---------+---------------------
*   1: printout of the result at time [hours]
*---+----+-------------------+-------------------+---------+---------------------
    1    0 7.4328000000000D+03
*---+----+-------------------+-------------------+---------+---------------------
    2    1 7.4328000000000D+03 2.6176300000000D+01
   0.60429    0.8989   0.99903    1.0658    1.1166    1.1534    1.1778    1.1664
    1.0879   0.72982
    3    1 7.4328000000000D+03 1.0268962490000D+13
   0.60429    0.8989   0.99903    1.0658    1.1166    1.1534    1.1778    1.1664
    1.0879   0.72982
    9    0 7.4328000000000D+03 2.9290000000000D+02
   10    0 7.4328000000000D+03 1.5780769230769D+01
*---+----+-------------------+-------------------+---------+---------------------
*   1: printout of the result at time [hours]
*---+----+-------------------+-------------------+---------+---------------------
    1    0 1.0888800000000D+04
*---+----+-------------------+-------------------+---------+---------------------
    2    1 1.0888800000000D+04 2.5983700000000D+01
   0.77325    1.0186    1.0404    1.0467    1.0545    1.0651    1.0781    1.0948
    1.0643   0.76417
    3    1 1.0888800000000D+04 1.0328520750000D+13
   0.77325    1.0186    1.0404    1.0467    1.0545    1.0651    1.0781    1.0948
    1.0643   0.76417
    9    0 1.0888800000000D+04 2.9290000000000D+02
   10    0 1.0888800000000D+04 1.5780769230769D+01
*---+----+-------------------+-------------------+---------+---------------------
*   1: printout of the result at time [hours]
*---+----+-------------------+-------------------+---------+---------------------
    1    0 1.4685600000000D+04
*---+----+-------------------+-------------------+---------+---------------------
    2    1 1.4685600000000D+04 2.5153200000000D+01
   0.90283      1.07    1.0353     1.019    1.0145    1.0168    1.0255    1.0419
    1.0479   0.82622
    3    1 1.4685600000000D+04 1.0086433200000D+13
   0.90283      1.07    1.0353     1.019    1.0145    1.0168    1.0255    1.0419
    1.0479   0.82622
    9    0 1.4685600000000D+04 2.9290000000000D+02
   10    0 1.4685600000000D+04 1.5780769230769D+01
*---+----+-------------------+-------------------+---------+---------------------
*   1: printout of the result at time [hours]
*---+----+-------------------+-------------------+---------+---------------------
    1    0 1.5263000000000D+04
*---+----+-------------------+-------------------+---------+---------------------
    2    1 1.5263000000000D+04 2.3242200000000D+01
   0.83891   0.98373   0.97241   0.97719   0.99565    1.0215    1.0542    1.0968
    1.1409   0.91876
    3    1 1.5263000000000D+04 9.1899658800000D+12
   0.83891   0.98373   0.97241   0.97719   0.99565    1.0215    1.0542    1.0968
    1.1409   0.91876
    9    0 1.5263000000000D+04 2.8810000000000D+02
   10    0 1.5263000000000D+04 1.5780769230769D+01
*---+----+-------------------+-------------------+---------+---------------------
*   1: printout of the result at time [hours]
*---+----+-------------------+-------------------+---------+---------------------
    1    0 1.5265000000000D+04
*---+----+-------------------+-------------------+---------+---------------------
    2    1 1.5265000000000D+04 2.8351600000000D+01
   0.53926   0.79188   0.90933    1.0171    1.1166    1.1976    1.2505    1.2688
     1.181     0.728
    3    1 1.5265000000000D+04 1.2267737320000D+13
   0.53926   0.79188   0.90933    1.0171    1.1166    1.1976    1.2505    1.2688
     1.181     0.728
    9    0 1.5265000000000D+04 2.9290000000000D+02
   10    0 1.5265000000000D+04 1.5780769230769D+01
*---+----+-------------------+-------------------+---------+---------------------
*   1: printout of the result at time [hours]
*---+----+-------------------+-------------------+---------+---------------------
    1    0 1.5408000000000D+04
*---+----+-------------------+-------------------+---------+---------------------
    2    1 1.5408000000000D+04 2.8266400000000D+01
    0.7165   0.97239    1.0301    1.0678    1.0992    1.1226    1.1385    1.1268
    1.0574   0.66871
    3    1 1.5408000000000D+04 1.2219564720000D+13
    0.7165   0.97239    1.0301    1.0678    1.0992    1.1226    1.1385    1.1268
    1.0574   0.66871
    9    0 1.5408000000000D+04 2.9290000000000D+02
   10    0 1.5408000000000D+04 1.5780769230769D+01
*---+----+-------------------+-------------------+---------+---------------------
*   1: printout of the result at time [hours]
*---+----+-------------------+-------------------+---------+---------------------
    1    0 1.8864000000000D+04
*---+----+-------------------+-------------------+---------+---------------------
    2    1 1.8864000000000D+04 2.6606900000000D+01
   0.91585    1.0749    1.0412    1.0262     1.023    1.0268    1.0372    1.0549
    1.0523   0.74763
    3    1 1.8864000000000D+04 1.1542073220000D+13
   0.91585    1.0749    1.0412    1.0262     1.023    1.0268    1.0372    1.0549
    1.0523   0.74763
    9    0 1.8864000000000D+04 2.9290000000000D+02
   10    0 1.8864000000000D+04 1.5780769230769D+01
*---+----+-------------------+-------------------+---------+---------------------
*   1: printout of the result at time [hours]
*---+----+-------------------+-------------------+---------+---------------------
    1    0 1.9240800000000D+04
*---+----+-------------------+-------------------+---------+---------------------
    2    1 1.9240800000000D+04 2.6470800000000D+01
   0.93556    1.0818    1.0407    1.0231     1.018      1.02    1.0292    1.0472
    1.0492   0.75544
    3    1 1.9240800000000D+04 1.1490974280000D+13
   0.93556    1.0818    1.0407    1.0231     1.018      1.02    1.0292    1.0472
    1.0492   0.75544
    9    0 1.9240800000000D+04 2.9290000000000D+02
   10    0 1.9240800000000D+04 1.5780769230769D+01
*---+----+-------------------+-------------------+---------+---------------------
*   1: printout of the result at time [hours]
*---+----+-------------------+-------------------+---------+---------------------
    1    0 2.0223800000000D+04
*---+----+-------------------+-------------------+---------+---------------------
    2    1 2.0223800000000D+04 2.2611100000000D+01
     0.815   0.92813   0.92437   0.94471   0.98102     1.026    1.0804    1.1495
    1.2225   0.92844
    3    1 2.0223800000000D+04 9.5192731000000D+12
     0.815   0.92813   0.92437   0.94471   0.98102     1.026    1.0804    1.1495
    1.2225   0.92844
    9    0 2.0223800000000D+04 2.8270000000000D+02
   10    0 2.0223800000000D+04 1.5780769230769D+01
*---+----+-------------------+-------------------+---------+---------------------
*   1: printout of the result at time [hours]
*---+----+-------------------+-------------------+---------+---------------------
    1    0 2.0225800000000D+04
*---+----+-------------------+-------------------+---------+---------------------
    2    1 2.0225800000000D+04 2.1616200000000D+01
   0.48857   0.70045   0.82193    0.9367    1.0483    1.1523    1.2428    1.3091
    1.3179   0.98195
    3    1 2.0225800000000D+04 9.9110277000000D+12
   0.48857   0.70045   0.82193    0.9367    1.0483    1.1523    1.2428    1.3091
    1.3179   0.98195
    9    0 2.0225800000000D+04 2.9060000000000D+02
   10    0 2.0225800000000D+04 1.5780769230769D+01
*---+----+-------------------+-------------------+---------+---------------------
*   1: printout of the result at time [hours]
*---+----+-------------------+-------------------+---------+---------------------
    1    0 2.0376000000000D+04
*---+----+-------------------+-------------------+---------+---------------------
    2    1 2.0376000000000D+04 2.1824700000000D+01
   0.66113   0.88162   0.95768    1.0118    1.0584    1.0999    1.1365     1.164
    1.1546   0.87419
    3    1 2.0376000000000D+04 9.9957126000000D+12
   0.66113   0.88162   0.95768    1.0118    1.0584    1.0999    1.1365     1.164
    1.1546   0.87419
    9    0 2.0376000000000D+04 2.9060000000000D+02
   10    0 2.0376000000000D+04 1.5780769230769D+01
*---+----+-------------------+-------------------+---------+---------------------
*   1: printout of the result at time [hours]
*---+----+-------------------+-------------------+---------+---------------------
    1    0 2.4014400000000D+04
*---+----+-------------------+-------------------+---------+---------------------
    2    1 2.4014400000000D+04 2.1796400000000D+01
   0.84064    1.0247      1.03    1.0255    1.0273    1.0353    1.0492    1.0675
     1.066   0.83376
    3    1 2.4014400000000D+04 1.0187637360000D+13
   0.84064    1.0247      1.03    1.0255    1.0273    1.0353    1.0492    1.0675
     1.066   0.83376
    9    0 2.4014400000000D+04 2.9060000000000D+02
   10    0 2.4014400000000D+04 1.5780769230769D+01
*---+----+-------------------+-------------------+---------+---------------------
*   1: printout of the result at time [hours]
*---+----+-------------------+-------------------+---------+---------------------
    1    0 2.7424800000000D+04
*---+----+-------------------+-------------------+---------+---------------------
    2    1 2.7424800000000D+04 2.1715600000000D+01
   0.93463    1.0669    1.0375    1.0218    1.0145    1.0117    1.0139    1.0241
     1.029   0.84598
    3    1 2.7424800000000D+04 1.0245420080000D+13
   0.93463    1.0669    1.0375    1.0218    1.0145    1.0117    1.0139    1.0241
     1.029   0.84598
    9    0 2.7424800000000D+04 2.9060000000000D+02
   10    0 2.7424800000000D+04 1.5780769230769D+01
*---+----+-------------------+-------------------+---------+---------------------
*   1: printout of the result at time [hours]
*---+----+-------------------+-------------------+---------+---------------------
    1    0 2.9108600000000D+04
*---+----+-------------------+-------------------+---------+---------------------
    2    1 2.9108600000000D+04 2.1489500000000D+01
   0.99416     1.056    1.0174   0.99891   0.99309   0.99262   0.99788    1.0149
    1.0387    0.8963
    3    1 2.9108600000000D+04 1.0138746100000D+13
   0.99416     1.056    1.0174   0.99891   0.99309   0.99262   0.99788    1.0149
    1.0387    0.8963
    9    0 2.9108600000000D+04 2.9060000000000D+02
   10    0 2.9108600000000D+04 1.5780769230769D+01
*---+----+-------------------+-------------------+---------+---------------------
*   1: printout of the result at time [hours]
*---+----+-------------------+-------------------+---------+---------------------
    1    0 2.9110600000000D+04
*---+----+-------------------+-------------------+---------+---------------------
    2    1 2.9110600000000D+04 3.5083000000000D+00
   0.52618   0.71858   0.85711   0.97797      1.08    1.1615    1.2185    1.2488
    1.2291   0.98224
    3    1 2.9110600000000D+04 1.8278243000000D+12
   0.52618   0.71858   0.85711   0.97797      1.08    1.1615    1.2185    1.2488
    1.2291   0.98224
    9    0 2.9110600000000D+04 2.9290000000000D+02
   10    0 2.9110600000000D+04 1.5780769230769D+01
*---+----+-------------------+-------------------+---------+---------------------
*   1: printout of the result at time [hours]
*---+----+-------------------+-------------------+---------+---------------------
    1    0 2.9253600000000D+04
*---+----+-------------------+-------------------+---------+---------------------
    2    1 2.9253600000000D+04 3.7294000000000D+00
   0.71164   0.89559   0.98166    1.0369    1.0726    1.0956    1.1122    1.1069
    1.0937   0.89317
    3    1 2.9253600000000D+04 1.8990104800000D+12
   0.71164   0.89559   0.98166    1.0369    1.0726    1.0956    1.1122    1.1069
    1.0937   0.89317
    9    0 2.9253600000000D+04 2.9290000000000D+02
   10    0 2.9253600000000D+04 1.5780769230769D+01
*---+----+-------------------+-------------------+---------+---------------------
*   1: printout of the result at time [hours]
*---+----+-------------------+-------------------+---------+---------------------
    1    0 3.2709600000000D+04
*---+----+-------------------+-------------------+---------+---------------------
    2    1 3.2709600000000D+04 4.4823000000000D+00
   0.81655   0.99279    1.0414    1.0573     1.062    1.0631     1.062    1.0533
    1.0254   0.82636
    3    1 3.2709600000000D+04 2.2097739000000D+12
   0.81655   0.99279    1.0414    1.0573     1.062    1.0631     1.062    1.0533
    1.0254   0.82636
    9    0 3.2709600000000D+04 2.9290000000000D+02
   10    0 3.2709600000000D+04 1.5780769230769D+01
*---+----+-------------------+-------------------+---------+---------------------
*   1: printout of the result at time [hours]
*---+----+-------------------+-------------------+---------+---------------------
    1    0 3.4509600000000D+04
*---+----+-------------------+-------------------+---------+---------------------
    2    1 3.4509600000000D+04 4.8749000000000D+00
   0.83509    1.0224    1.0728    1.0808    1.0753    1.0655    1.0523    1.0308
   0.98402   0.78094
    3    1 3.4509600000000D+04 2.3696888900000D+12
   0.83509    1.0224    1.0728    1.0808    1.0753    1.0655    1.0523    1.0308
   0.98402   0.78094
    9    0 3.4509600000000D+04 2.9290000000000D+02
   10    0 3.4509600000000D+04 1.5780769230769D+01
*---+----+-------------------+-------------------+---------+---------------------
*   1: printout of the result at time [hours]
*---+----+-------------------+-------------------+---------+---------------------
    1    0 3.8904000000000D+04
*---+----+-------------------+-------------------+---------+---------------------
    2    1 3.8904000000000D+04 6.3061000000000D+00
   0.93148    1.0376    1.0158   0.99967   0.99983    1.0098    1.0281    1.0529
    1.0564   0.86837
    3    1 3.8904000000000D+04 2.8995447800000D+12
   0.93148    1.0376    1.0158   0.99967   0.99983    1.0098    1.0281    1.0529
    1.0564   0.86837
    9    0 3.8904000000000D+04 2.9290000000000D+02
   10    0 3.8904000000000D+04 1.5780769230769D+01
*---+----+-------------------+-------------------+---------+---------------------
*   1: printout of the result at time [hours]
*---+----+-------------------+-------------------+---------+---------------------
    1    0 3.9192000000000D+04
*---+----+-------------------+-------------------+---------+---------------------
    2    1 3.9192000000000D+04 6.0680000000000D+00
   0.87854   0.97956   0.96918   0.97017    0.9883    1.0162    1.0522    1.0959
    1.1177   0.93227
    3    1 3.9192000000000D+04 2.7694352000000D+12
   0.87854   0.97956   0.96918   0.97017    0.9883    1.0162    1.0522    1.0959
    1.1177   0.93227
    9    0 3.9192000000000D+04 2.8960000000000D+02
   10    0 3.9192000000000D+04 1.5780769230769D+01
* data point #4617 end
*  00:  last line of data set (finishing the program)
*---+----+-------------------+-------------------+---------+---------------------
00000    0 3.9192000000000D+04
*---+----+-------------------+-------------------+---------+---------------------
