* data point #4023 begin
*
*---+----+-------------------+-------------------+---------+---------------------
*   1: printout of the result at time [hours]
*---+----+-------------------+-------------------+---------+---------------------
    1    0 0.0000000000000D+00
*---+----+-------------------+-------------------+---------+---------------------
    2    1 0.0000000000000D+00 1.7756600000000D+01
   0.54982   0.85889    1.0192    1.1225    1.1892    1.2243    1.2207    1.1706
    1.0323   0.61262
    3    1 0.0000000000000D+00 6.2805094200000D+12
   0.54982   0.85889    1.0192    1.1225    1.1892    1.2243    1.2207    1.1706
    1.0323   0.61262
    9    0 0.0000000000000D+00 2.9290000000000D+02
   10    0 0.0000000000000D+00 1.5800000000000D+01
*---+----+-------------------+-------------------+---------+---------------------
*   1: printout of the result at time [hours]
*---+----+-------------------+-------------------+---------+---------------------
    1    0 1.4400000000000D+02
*---+----+-------------------+-------------------+---------+---------------------
    2    1 1.4400000000000D+02 1.8136800000000D+01
   0.69671    1.0006    1.1004    1.1376    1.1489     1.144    1.1236    1.0782
   0.96963   0.60027
    3    1 1.4400000000000D+02 6.4131724800000D+12
   0.69671    1.0006    1.1004    1.1376    1.1489     1.144    1.1236    1.0782
   0.96963   0.60027
    9    0 1.4400000000000D+02 2.9290000000000D+02
   10    0 1.4400000000000D+02 1.5800000000000D+01
*---+----+-------------------+-------------------+---------+---------------------
*   1: printout of the result at time [hours]
*---+----+-------------------+-------------------+---------+---------------------
    1    0 3.6000000000000D+03
*---+----+-------------------+-------------------+---------+---------------------
    2    1 3.6000000000000D+03 1.9201000000000D+01
   0.82813    1.0885    1.1113    1.0985    1.0833      1.07    1.0578    1.0399
    0.9787   0.64392
    3    1 3.6000000000000D+03 6.7126696000000D+12
   0.82813    1.0885    1.1113    1.0985    1.0833      1.07    1.0578    1.0399
    0.9787   0.64392
    9    0 3.6000000000000D+03 2.9290000000000D+02
   10    0 3.6000000000000D+03 1.5800000000000D+01
*---+----+-------------------+-------------------+---------+---------------------
*   1: printout of the result at time [hours]
*---+----+-------------------+-------------------+---------+---------------------
    1    0 7.3968000000000D+03
*---+----+-------------------+-------------------+---------+---------------------
    2    1 7.3968000000000D+03 2.0963200000000D+01
   0.89223    1.1327    1.1129    1.0822    1.0591    1.0417    1.0281    1.0152
   0.97232   0.66369
    3    1 7.3968000000000D+03 7.1987628800000D+12
   0.89223    1.1327    1.1129    1.0822    1.0591    1.0417    1.0281    1.0152
   0.97232   0.66369
    9    0 7.3968000000000D+03 2.9290000000000D+02
   10    0 7.3968000000000D+03 1.5800000000000D+01
*---+----+-------------------+-------------------+---------+---------------------
*   1: printout of the result at time [hours]
*---+----+-------------------+-------------------+---------+---------------------
    1    0 7.9742000000000D+03
*---+----+-------------------+-------------------+---------+---------------------
    2    1 7.9742000000000D+03 2.0073000000000D+01
   0.82185      1.05    1.0491    1.0431    1.0467    1.0555    1.0671    1.0788
    1.0564   0.73133
    3    1 7.9742000000000D+03 6.7666083000000D+12
   0.82185      1.05    1.0491    1.0431    1.0467    1.0555    1.0671    1.0788
    1.0564   0.73133
    9    0 7.9742000000000D+03 2.8810000000000D+02
   10    0 7.9742000000000D+03 1.5800000000000D+01
*---+----+-------------------+-------------------+---------+---------------------
*   1: printout of the result at time [hours]
*---+----+-------------------+-------------------+---------+---------------------
    1    0 7.9762000000000D+03
*---+----+-------------------+-------------------+---------+---------------------
    2    1 7.9762000000000D+03 2.6419800000000D+01
    0.5047   0.79932   0.93725     1.047    1.1419    1.2151    1.2576    1.2535
    1.1488   0.69478
    3    1 7.9762000000000D+03 9.5903874000000D+12
    0.5047   0.79932   0.93725     1.047    1.1419    1.2151    1.2576    1.2535
    1.1488   0.69478
    9    0 7.9762000000000D+03 2.9290000000000D+02
   10    0 7.9762000000000D+03 1.5800000000000D+01
*---+----+-------------------+-------------------+---------+---------------------
*   1: printout of the result at time [hours]
*---+----+-------------------+-------------------+---------+---------------------
    1    0 8.1192000000000D+03
*---+----+-------------------+-------------------+---------+---------------------
    2    1 8.1192000000000D+03 2.6971100000000D+01
   0.67676   0.98631    1.0635    1.0991    1.1224    1.1369    1.1365    1.1151
    1.0255   0.63791
    3    1 8.1192000000000D+03 9.7824179700000D+12
   0.67676   0.98631    1.0635    1.0991    1.1224    1.1369    1.1365    1.1151
    1.0255   0.63791
    9    0 8.1192000000000D+03 2.9290000000000D+02
   10    0 8.1192000000000D+03 1.5800000000000D+01
*---+----+-------------------+-------------------+---------+---------------------
*   1: printout of the result at time [hours]
*---+----+-------------------+-------------------+---------+---------------------
    1    0 1.1575200000000D+04
*---+----+-------------------+-------------------+---------+---------------------
    2    1 1.1575200000000D+04 2.7646000000000D+01
   0.87394    1.1086    1.0845    1.0611    1.0472    1.0396    1.0382    1.0419
    1.0182   0.68693
    3    1 1.1575200000000D+04 9.9995582000000D+12
   0.87394    1.1086    1.0845    1.0611    1.0472    1.0396    1.0382    1.0419
    1.0182   0.68693
    9    0 1.1575200000000D+04 2.9290000000000D+02
   10    0 1.1575200000000D+04 1.5800000000000D+01
*---+----+-------------------+-------------------+---------+---------------------
*   1: printout of the result at time [hours]
*---+----+-------------------+-------------------+---------+---------------------
    1    0 1.1952000000000D+04
*---+----+-------------------+-------------------+---------+---------------------
    2    1 1.1952000000000D+04 2.7604500000000D+01
   0.89221    1.1189    1.0838    1.0576    1.0418    1.0327    1.0301    1.0342
     1.015   0.69369
    3    1 1.1952000000000D+04 9.9928290000000D+12
   0.89221    1.1189    1.0838    1.0576    1.0418    1.0327    1.0301    1.0342
     1.015   0.69369
    9    0 1.1952000000000D+04 2.9290000000000D+02
   10    0 1.1952000000000D+04 1.5800000000000D+01
*---+----+-------------------+-------------------+---------+---------------------
*   1: printout of the result at time [hours]
*---+----+-------------------+-------------------+---------+---------------------
    1    0 1.2935000000000D+04
*---+----+-------------------+-------------------+---------+---------------------
    2    1 1.2935000000000D+04 2.3935700000000D+01
   0.78335   0.97052   0.97048   0.98351      1.01    1.0435    1.0846    1.1362
    1.1741   0.84372
    3    1 1.2935000000000D+04 8.4397278200000D+12
   0.78335   0.97052   0.97048   0.98351      1.01    1.0435    1.0846    1.1362
    1.1741   0.84372
    9    0 1.2935000000000D+04 2.8270000000000D+02
   10    0 1.2935000000000D+04 1.5800000000000D+01
*---+----+-------------------+-------------------+---------+---------------------
*   1: printout of the result at time [hours]
*---+----+-------------------+-------------------+---------+---------------------
    1    0 1.2937000000000D+04
*---+----+-------------------+-------------------+---------+---------------------
    2    1 1.2937000000000D+04 2.8714800000000D+01
   0.47018   0.71629   0.85116   0.97392    1.0847    1.1782    1.2494    1.2908
    1.2715   0.91388
    3    1 1.2937000000000D+04 1.1353831920000D+13
   0.47018   0.71629   0.85116   0.97392    1.0847    1.1782    1.2494    1.2908
    1.2715   0.91388
    9    0 1.2937000000000D+04 2.9290000000000D+02
   10    0 1.2937000000000D+04 1.5800000000000D+01
*---+----+-------------------+-------------------+---------+---------------------
*   1: printout of the result at time [hours]
*---+----+-------------------+-------------------+---------+---------------------
    1    0 1.3080000000000D+04
*---+----+-------------------+-------------------+---------+---------------------
    2    1 1.3080000000000D+04 2.8755800000000D+01
   0.64359   0.90771   0.99225    1.0481    1.0884    1.1169    1.1348    1.1467
    1.1118   0.80978
    3    1 1.3080000000000D+04 1.1370043320000D+13
   0.64359   0.90771   0.99225    1.0481    1.0884    1.1169    1.1348    1.1467
    1.1118   0.80978
    9    0 1.3080000000000D+04 2.9290000000000D+02
   10    0 1.3080000000000D+04 1.5800000000000D+01
*---+----+-------------------+-------------------+---------+---------------------
*   1: printout of the result at time [hours]
*---+----+-------------------+-------------------+---------+---------------------
    1    0 1.6536000000000D+04
*---+----+-------------------+-------------------+---------+---------------------
    2    1 1.6536000000000D+04 2.7109600000000D+01
   0.78463    1.0219    1.0524    1.0606    1.0639    1.0658    1.0701    1.0641
    1.0372   0.77935
    3    1 1.6536000000000D+04 1.1009208560000D+13
   0.78463    1.0219    1.0524    1.0606    1.0639    1.0658    1.0701    1.0641
    1.0372   0.77935
    9    0 1.6536000000000D+04 2.9290000000000D+02
   10    0 1.6536000000000D+04 1.5800000000000D+01
*---+----+-------------------+-------------------+---------+---------------------
*   1: printout of the result at time [hours]
*---+----+-------------------+-------------------+---------+---------------------
    1    0 1.8336000000000D+04
*---+----+-------------------+-------------------+---------+---------------------
    2    1 1.8336000000000D+04 2.6118700000000D+01
   0.82056    1.0465    1.0696    1.0697    1.0647    1.0583    1.0514    1.0415
    1.0095   0.76834
    3    1 1.8336000000000D+04 1.0737397570000D+13
   0.82056    1.0465    1.0696    1.0697    1.0647    1.0583    1.0514    1.0415
    1.0095   0.76834
    9    0 1.8336000000000D+04 2.9290000000000D+02
   10    0 1.8336000000000D+04 1.5800000000000D+01
*---+----+-------------------+-------------------+---------+---------------------
*   1: printout of the result at time [hours]
*---+----+-------------------+-------------------+---------+---------------------
    1    0 2.2730400000000D+04
*---+----+-------------------+-------------------+---------+---------------------
    2    1 2.2730400000000D+04 2.5028700000000D+01
   0.97988    1.0691    1.0193   0.99382   0.98551   0.98679   0.99722    1.0207
    1.0495   0.89821
    3    1 2.2730400000000D+04 1.0441973640000D+13
   0.97988    1.0691    1.0193   0.99382   0.98551   0.98679   0.99722    1.0207
    1.0495   0.89821
    9    0 2.2730400000000D+04 2.9290000000000D+02
   10    0 2.2730400000000D+04 1.5800000000000D+01
*---+----+-------------------+-------------------+---------+---------------------
*   1: printout of the result at time [hours]
*---+----+-------------------+-------------------+---------+---------------------
    1    0 2.3018400000000D+04
*---+----+-------------------+-------------------+---------+---------------------
    2    1 2.3018400000000D+04 2.3867000000000D+01
    0.9224    1.0076    0.9723   0.96439   0.97377   0.99221    1.0195    1.0607
    1.1199   0.96724
    3    1 2.3018400000000D+04 9.8618444000000D+12
    0.9224    1.0076    0.9723   0.96439   0.97377   0.99221    1.0195    1.0607
    1.1199   0.96724
    9    0 2.3018400000000D+04 2.8960000000000D+02
   10    0 2.3018400000000D+04 1.5800000000000D+01
* data point #4023 end
*  00:  last line of data set (finishing the program)
*---+----+-------------------+-------------------+---------+---------------------
00000    0 2.3018400000000D+04
*---+----+-------------------+-------------------+---------+---------------------
