* data point #4758 begin
*
*---+----+-------------------+-------------------+---------+---------------------
*   1: printout of the result at time [hours]
*---+----+-------------------+-------------------+---------+---------------------
    1    0 0.0000000000000D+00
*---+----+-------------------+-------------------+---------+---------------------
    2    1 0.0000000000000D+00 2.7740000000000D+01
   0.44827   0.67044     0.812   0.94503     1.072    1.1851    1.2754    1.3292
    1.3078   0.95479
    3    1 0.0000000000000D+00 1.0183354000000D+13
   0.44827   0.67044     0.812   0.94503     1.072    1.1851    1.2754    1.3292
    1.3078   0.95479
    9    0 0.0000000000000D+00 2.9060000000000D+02
   10    0 0.0000000000000D+00 1.5760000000000D+01
*---+----+-------------------+-------------------+---------+---------------------
*   1: printout of the result at time [hours]
*---+----+-------------------+-------------------+---------+---------------------
    1    0 1.5120000000000D+02
*---+----+-------------------+-------------------+---------+---------------------
    2    1 1.5120000000000D+02 2.7869700000000D+01
   0.64461    0.8848   0.97418    1.0335    1.0808    1.1184    1.1455    1.1625
    1.1236   0.83212
    3    1 1.5120000000000D+02 1.0253262630000D+13
   0.64461    0.8848   0.97418    1.0335    1.0808    1.1184    1.1455    1.1625
    1.1236   0.83212
    9    0 1.5120000000000D+02 2.9060000000000D+02
   10    0 1.5120000000000D+02 1.5760000000000D+01
*---+----+-------------------+-------------------+---------+---------------------
*   1: printout of the result at time [hours]
*---+----+-------------------+-------------------+---------+---------------------
    1    0 6.8208000000000D+03
*---+----+-------------------+-------------------+---------+---------------------
    2    1 6.8208000000000D+03 2.9760800000000D+01
   0.84843    1.1216    1.1203    1.0944    1.0705      1.05    1.0324    1.0143
   0.96409   0.68409
    3    1 6.8208000000000D+03 1.1341840880000D+13
   0.84843    1.1216    1.1203    1.0944    1.0705      1.05    1.0324    1.0143
   0.96409   0.68409
    9    0 6.8208000000000D+03 2.9060000000000D+02
   10    0 6.8208000000000D+03 1.5760000000000D+01
*---+----+-------------------+-------------------+---------+---------------------
*   1: printout of the result at time [hours]
*---+----+-------------------+-------------------+---------+---------------------
    1    0 1.0098200000000D+04
*---+----+-------------------+-------------------+---------+---------------------
    2    1 1.0098200000000D+04 2.8323800000000D+01
   0.94341    1.1106    1.0641     1.034     1.018    1.0087    1.0055    1.0119
    1.0119   0.79202
    3    1 1.0098200000000D+04 1.0915992520000D+13
   0.94341    1.1106    1.0641     1.034     1.018    1.0087    1.0055    1.0119
    1.0119   0.79202
    9    0 1.0098200000000D+04 2.9060000000000D+02
   10    0 1.0098200000000D+04 1.5760000000000D+01
*---+----+-------------------+-------------------+---------+---------------------
*   1: printout of the result at time [hours]
*---+----+-------------------+-------------------+---------+---------------------
    1    0 1.0100200000000D+04
*---+----+-------------------+-------------------+---------+---------------------
    2    1 1.0100200000000D+04 2.7828400000000D+01
   0.49205   0.76454    0.9108    1.0305    1.1285    1.2025     1.248    1.2548
    1.1883    0.7801
    3    1 1.0100200000000D+04 1.1704625040000D+13
   0.49205   0.76454    0.9108    1.0305    1.1285    1.2025     1.248    1.2548
    1.1883    0.7801
    9    0 1.0100200000000D+04 2.9290000000000D+02
   10    0 1.0100200000000D+04 1.5760000000000D+01
*---+----+-------------------+-------------------+---------+---------------------
*   1: printout of the result at time [hours]
*---+----+-------------------+-------------------+---------+---------------------
    1    0 1.0243200000000D+04
*---+----+-------------------+-------------------+---------+---------------------
    2    1 1.0243200000000D+04 2.7711800000000D+01
   0.66632    0.9553    1.0454    1.0929    1.1189    1.1317    1.1293    1.1108
    1.0478   0.70161
    3    1 1.0243200000000D+04 1.1644498360000D+13
   0.66632    0.9553    1.0454    1.0929    1.1189    1.1317    1.1293    1.1108
    1.0478   0.70161
    9    0 1.0243200000000D+04 2.9290000000000D+02
   10    0 1.0243200000000D+04 1.5760000000000D+01
*---+----+-------------------+-------------------+---------+---------------------
*   1: printout of the result at time [hours]
*---+----+-------------------+-------------------+---------+---------------------
    1    0 1.3699200000000D+04
*---+----+-------------------+-------------------+---------+---------------------
    2    1 1.3699200000000D+04 2.6457500000000D+01
   0.79199    1.0557     1.093    1.0955    1.0894    1.0805     1.069    1.0492
   0.99144   0.68415
    3    1 1.3699200000000D+04 1.1482555000000D+13
   0.79199    1.0557     1.093    1.0955    1.0894    1.0805     1.069    1.0492
   0.99144   0.68415
    9    0 1.3699200000000D+04 2.9290000000000D+02
   10    0 1.3699200000000D+04 1.5760000000000D+01
*---+----+-------------------+-------------------+---------+---------------------
*   1: printout of the result at time [hours]
*---+----+-------------------+-------------------+---------+---------------------
    1    0 1.5499200000000D+04
*---+----+-------------------+-------------------+---------+---------------------
    2    1 1.5499200000000D+04 2.5846400000000D+01
   0.81721    1.0787    1.1181    1.1069    1.0925    1.0752    1.0555    1.0275
   0.96168   0.66671
    3    1 1.5499200000000D+04 1.1362077440000D+13
   0.81721    1.0787    1.1181    1.1069    1.0925    1.0752    1.0555    1.0275
   0.96168   0.66671
    9    0 1.5499200000000D+04 2.9290000000000D+02
   10    0 1.5499200000000D+04 1.5760000000000D+01
*---+----+-------------------+-------------------+---------+---------------------
*   1: printout of the result at time [hours]
*---+----+-------------------+-------------------+---------+---------------------
    1    0 1.9893600000000D+04
*---+----+-------------------+-------------------+---------+---------------------
    2    1 1.9893600000000D+04 2.4744400000000D+01
   0.95153    1.0728     1.032    1.0092    1.0041    1.0089     1.022    1.0434
    1.0463   0.80988
    3    1 1.9893600000000D+04 1.1001360240000D+13
   0.95153    1.0728     1.032    1.0092    1.0041    1.0089     1.022    1.0434
    1.0463   0.80988
    9    0 1.9893600000000D+04 2.9290000000000D+02
   10    0 1.9893600000000D+04 1.5760000000000D+01
*---+----+-------------------+-------------------+---------+---------------------
*   1: printout of the result at time [hours]
*---+----+-------------------+-------------------+---------+---------------------
    1    0 2.0181600000000D+04
*---+----+-------------------+-------------------+---------+---------------------
    2    1 2.0181600000000D+04 2.3689100000000D+01
   0.89412    1.0091   0.98324   0.97914   0.99299    1.0161    1.0473    1.0877
    1.1143   0.87606
    3    1 2.0181600000000D+04 1.0427941820000D+13
   0.89412    1.0091   0.98324   0.97914   0.99299    1.0161    1.0473    1.0877
    1.1143   0.87606
    9    0 2.0181600000000D+04 2.8960000000000D+02
   10    0 2.0181600000000D+04 1.5760000000000D+01
* data point #4758 end
*  00:  last line of data set (finishing the program)
*---+----+-------------------+-------------------+---------+---------------------
00000    0 2.0181600000000D+04
*---+----+-------------------+-------------------+---------+---------------------
