* data point #4794 begin
*
*---+----+-------------------+-------------------+---------+---------------------
*   1: printout of the result at time [hours]
*---+----+-------------------+-------------------+---------+---------------------
    1    0 0.0000000000000D+00
*---+----+-------------------+-------------------+---------+---------------------
    2    1 0.0000000000000D+00 3.0291800000000D+01
    0.5687   0.87961    1.0398    1.1346    1.1894     1.212    1.1973    1.1374
   0.99902   0.64225
    3    1 0.0000000000000D+00 1.0753589000000D+13
    0.5687   0.87961    1.0398    1.1346    1.1894     1.212    1.1973    1.1374
   0.99902   0.64225
    9    0 0.0000000000000D+00 2.9290000000000D+02
   10    0 0.0000000000000D+00 1.5761290322581D+01
*---+----+-------------------+-------------------+---------+---------------------
*   1: printout of the result at time [hours]
*---+----+-------------------+-------------------+---------+---------------------
    1    0 1.4400000000000D+02
*---+----+-------------------+-------------------+---------+---------------------
    2    1 1.4400000000000D+02 2.9736300000000D+01
   0.71135    1.0133    1.1122    1.1427    1.1457     1.133    1.1057    1.0538
   0.94605   0.63606
    3    1 1.4400000000000D+02 1.0577201910000D+13
   0.71135    1.0133    1.1122    1.1427    1.1457     1.133    1.1057    1.0538
   0.94605   0.63606
    9    0 1.4400000000000D+02 2.9290000000000D+02
   10    0 1.4400000000000D+02 1.5761290322581D+01
*---+----+-------------------+-------------------+---------+---------------------
*   1: printout of the result at time [hours]
*---+----+-------------------+-------------------+---------+---------------------
    1    0 3.6000000000000D+03
*---+----+-------------------+-------------------+---------+---------------------
    2    1 3.6000000000000D+03 3.0230100000000D+01
     0.821    1.0974    1.1344    1.1112    1.0894    1.0687    1.0487    1.0208
   0.94809   0.66027
    3    1 3.6000000000000D+03 1.1000733390000D+13
     0.821    1.0974    1.1344    1.1112    1.0894    1.0687    1.0487    1.0208
   0.94809   0.66027
    9    0 3.6000000000000D+03 2.9290000000000D+02
   10    0 3.6000000000000D+03 1.5761290322581D+01
*---+----+-------------------+-------------------+---------+---------------------
*   1: printout of the result at time [hours]
*---+----+-------------------+-------------------+---------+---------------------
    1    0 7.3968000000000D+03
*---+----+-------------------+-------------------+---------+---------------------
    2    1 7.3968000000000D+03 3.1392100000000D+01
   0.86579    1.1453    1.1312    1.0973    1.0707    1.0492      1.03    1.0068
   0.94161   0.66211
    3    1 7.3968000000000D+03 1.1608798580000D+13
   0.86579    1.1453    1.1312    1.0973    1.0707    1.0492      1.03    1.0068
   0.94161   0.66211
    9    0 7.3968000000000D+03 2.9290000000000D+02
   10    0 7.3968000000000D+03 1.5761290322581D+01
*---+----+-------------------+-------------------+---------+---------------------
*   1: printout of the result at time [hours]
*---+----+-------------------+-------------------+---------+---------------------
    1    0 7.9742000000000D+03
*---+----+-------------------+-------------------+---------+---------------------
    2    1 7.9742000000000D+03 2.9818300000000D+01
   0.79414    1.0548    1.0595    1.0529    1.0556    1.0626    1.0712    1.0815
    1.0326   0.73512
    3    1 7.9742000000000D+03 1.0898588650000D+13
   0.79414    1.0548    1.0595    1.0529    1.0556    1.0626    1.0712    1.0815
    1.0326   0.73512
    9    0 7.9742000000000D+03 2.8810000000000D+02
   10    0 7.9742000000000D+03 1.5761290322581D+01
*---+----+-------------------+-------------------+---------+---------------------
*   1: printout of the result at time [hours]
*---+----+-------------------+-------------------+---------+---------------------
    1    0 7.9762000000000D+03
*---+----+-------------------+-------------------+---------+---------------------
    2    1 7.9762000000000D+03 2.6883200000000D+01
   0.51541   0.84105   0.98474    1.0855    1.1636    1.2167    1.2415    1.2102
    1.0786   0.66287
    3    1 7.9762000000000D+03 1.0422616640000D+13
   0.51541   0.84105   0.98474    1.0855    1.1636    1.2167    1.2415    1.2102
    1.0786   0.66287
    9    0 7.9762000000000D+03 2.9290000000000D+02
   10    0 7.9762000000000D+03 1.5761290322581D+01
*---+----+-------------------+-------------------+---------+---------------------
*   1: printout of the result at time [hours]
*---+----+-------------------+-------------------+---------+---------------------
    1    0 8.1192000000000D+03
*---+----+-------------------+-------------------+---------+---------------------
    2    1 8.1192000000000D+03 2.6526300000000D+01
   0.67005    1.0088    1.0922    1.1225    1.1366    1.1391    1.1284    1.0927
   0.98344   0.62628
    3    1 8.1192000000000D+03 1.0286899140000D+13
   0.67005    1.0088    1.0922    1.1225    1.1366    1.1391    1.1284    1.0927
   0.98344   0.62628
    9    0 8.1192000000000D+03 2.9290000000000D+02
   10    0 8.1192000000000D+03 1.5761290322581D+01
*---+----+-------------------+-------------------+---------+---------------------
*   1: printout of the result at time [hours]
*---+----+-------------------+-------------------+---------+---------------------
    1    0 1.1575200000000D+04
*---+----+-------------------+-------------------+---------+---------------------
    2    1 1.1575200000000D+04 2.6034300000000D+01
   0.83962    1.0992    1.0862    1.0662    1.0539    1.0475    1.0465    1.0477
    1.0119   0.70138
    3    1 1.1575200000000D+04 1.0314789660000D+13
   0.83962    1.0992    1.0862    1.0662    1.0539    1.0475    1.0465    1.0477
    1.0119   0.70138
    9    0 1.1575200000000D+04 2.9290000000000D+02
   10    0 1.1575200000000D+04 1.5761290322581D+01
*---+----+-------------------+-------------------+---------+---------------------
*   1: printout of the result at time [hours]
*---+----+-------------------+-------------------+---------+---------------------
    1    0 1.1952000000000D+04
*---+----+-------------------+-------------------+---------+---------------------
    2    1 1.1952000000000D+04 2.5989800000000D+01
   0.85676    1.1048    1.0855    1.0627    1.0487    1.0411    1.0393    1.0413
    1.0104   0.70947
    3    1 1.1952000000000D+04 1.0302356720000D+13
   0.85676    1.1048    1.0855    1.0627    1.0487    1.0411    1.0393    1.0413
    1.0104   0.70947
    9    0 1.1952000000000D+04 2.9290000000000D+02
   10    0 1.1952000000000D+04 1.5761290322581D+01
*---+----+-------------------+-------------------+---------+---------------------
*   1: printout of the result at time [hours]
*---+----+-------------------+-------------------+---------+---------------------
    1    0 1.2935000000000D+04
*---+----+-------------------+-------------------+---------+---------------------
    2    1 1.2935000000000D+04 2.2931000000000D+01
   0.75404   0.96485   0.97309   0.98844     1.016    1.0505    1.0919    1.1408
    1.1639   0.85644
    3    1 1.2935000000000D+04 8.8353143000000D+12
   0.75404   0.96485   0.97309   0.98844     1.016    1.0505    1.0919    1.1408
    1.1639   0.85644
    9    0 1.2935000000000D+04 2.8270000000000D+02
   10    0 1.2935000000000D+04 1.5761290322581D+01
*---+----+-------------------+-------------------+---------+---------------------
*   1: printout of the result at time [hours]
*---+----+-------------------+-------------------+---------+---------------------
    1    0 1.2937000000000D+04
*---+----+-------------------+-------------------+---------+---------------------
    2    1 1.2937000000000D+04 2.2383900000000D+01
   0.51555   0.79691   0.93902    1.0479    1.1316    1.1914    1.2258    1.2277
    1.1623   0.76189
    3    1 1.2937000000000D+04 9.5624020800000D+12
   0.51555   0.79691   0.93902    1.0479    1.1316    1.1914    1.2258    1.2277
    1.1623   0.76189
    9    0 1.2937000000000D+04 2.9480000000000D+02
   10    0 1.2937000000000D+04 1.5761290322581D+01
*---+----+-------------------+-------------------+---------+---------------------
*   1: printout of the result at time [hours]
*---+----+-------------------+-------------------+---------+---------------------
    1    0 1.3099200000000D+04
*---+----+-------------------+-------------------+---------+---------------------
    2    1 1.3099200000000D+04 2.2590400000000D+01
   0.67777   0.96497    1.0481    1.0886    1.1093    1.1197     1.119    1.1074
    1.0543   0.71079
    3    1 1.3099200000000D+04 9.6348056000000D+12
   0.67777   0.96497    1.0481    1.0886    1.1093    1.1197     1.119    1.1074
    1.0543   0.71079
    9    0 1.3099200000000D+04 2.9480000000000D+02
   10    0 1.3099200000000D+04 1.5761290322581D+01
*---+----+-------------------+-------------------+---------+---------------------
*   1: printout of the result at time [hours]
*---+----+-------------------+-------------------+---------+---------------------
    1    0 1.4025600000000D+04
*---+----+-------------------+-------------------+---------+---------------------
    2    1 1.4025600000000D+04 2.2471800000000D+01
   0.70911   0.99022    1.0591    1.0879    1.1007    1.1065    1.1038    1.0924
    1.0419   0.70844
    3    1 1.4025600000000D+04 9.6134360400000D+12
   0.70911   0.99022    1.0591    1.0879    1.1007    1.1065    1.1038    1.0924
    1.0419   0.70844
    9    0 1.4025600000000D+04 2.9480000000000D+02
   10    0 1.4025600000000D+04 1.5761290322581D+01
*---+----+-------------------+-------------------+---------+---------------------
*   1: printout of the result at time [hours]
*---+----+-------------------+-------------------+---------+---------------------
    1    0 1.4028000000000D+04
*---+----+-------------------+-------------------+---------+---------------------
    2    1 1.4028000000000D+04 2.4296900000000D+01
   0.72544    1.0054    1.0684    1.0917    1.0998    1.1001    1.0952    1.0815
    1.0308   0.70149
    3    1 1.4028000000000D+04 1.0328612190000D+13
   0.72544    1.0054    1.0684    1.0917    1.0998    1.1001    1.0952    1.0815
    1.0308   0.70149
    9    0 1.4028000000000D+04 2.9060000000000D+02
   10    0 1.4028000000000D+04 1.5761290322581D+01
*---+----+-------------------+-------------------+---------+---------------------
*   1: printout of the result at time [hours]
*---+----+-------------------+-------------------+---------+---------------------
    1    0 1.6804800000000D+04
*---+----+-------------------+-------------------+---------+---------------------
    2    1 1.6804800000000D+04 2.3803500000000D+01
   0.81139    1.0625    1.0927    1.0834     1.075     1.066    1.0571    1.0453
    1.0032   0.70347
    3    1 1.6804800000000D+04 1.0233124650000D+13
   0.81139    1.0625    1.0927    1.0834     1.075     1.066    1.0571    1.0453
    1.0032   0.70347
    9    0 1.6804800000000D+04 2.9060000000000D+02
   10    0 1.6804800000000D+04 1.5761290322581D+01
*---+----+-------------------+-------------------+---------+---------------------
*   1: printout of the result at time [hours]
*---+----+-------------------+-------------------+---------+---------------------
    1    0 1.8488600000000D+04
*---+----+-------------------+-------------------+---------+---------------------
    2    1 1.8488600000000D+04 2.3404200000000D+01
   0.83429    1.0767    1.1018    1.0882    1.0752    1.0616    1.0479    1.0313
   0.98529   0.69778
    3    1 1.8488600000000D+04 1.0145720700000D+13
   0.83429    1.0767    1.1018    1.0882    1.0752    1.0616    1.0479    1.0313
   0.98529   0.69778
    9    0 1.8488600000000D+04 2.9060000000000D+02
   10    0 1.8488600000000D+04 1.5761290322581D+01
*---+----+-------------------+-------------------+---------+---------------------
*   1: printout of the result at time [hours]
*---+----+-------------------+-------------------+---------+---------------------
    1    0 1.8490600000000D+04
*---+----+-------------------+-------------------+---------+---------------------
    2    1 1.8490600000000D+04 2.3305700000000D+01
   0.50558   0.73866   0.85661   0.96676    1.0718    1.1662    1.2437    1.2935
    1.2721   0.88515
    3    1 1.8490600000000D+04 1.0548159820000D+13
   0.50558   0.73866   0.85661   0.96676    1.0718    1.1662    1.2437    1.2935
    1.2721   0.88515
    9    0 1.8490600000000D+04 2.9060000000000D+02
   10    0 1.8490600000000D+04 1.5761290322581D+01
*---+----+-------------------+-------------------+---------+---------------------
*   1: printout of the result at time [hours]
*---+----+-------------------+-------------------+---------+---------------------
    1    0 1.8640800000000D+04
*---+----+-------------------+-------------------+---------+---------------------
    2    1 1.8640800000000D+04 2.3372100000000D+01
   0.67658   0.91922    0.9869    1.0336    1.0728    1.1061    1.1331    1.1553
    1.1219   0.79454
    3    1 1.8640800000000D+04 1.0573538040000D+13
   0.67658   0.91922    0.9869    1.0336    1.0728    1.1061    1.1331    1.1553
    1.1219   0.79454
    9    0 1.8640800000000D+04 2.9060000000000D+02
   10    0 1.8640800000000D+04 1.5761290322581D+01
*---+----+-------------------+-------------------+---------+---------------------
*   1: printout of the result at time [hours]
*---+----+-------------------+-------------------+---------+---------------------
    1    0 2.2279200000000D+04
*---+----+-------------------+-------------------+---------+---------------------
    2    1 2.2279200000000D+04 2.2532900000000D+01
   0.85013    1.0436    1.0395     1.031    1.0308    1.0374    1.0496    1.0657
    1.0587    0.7936
    3    1 2.2279200000000D+04 1.0295282010000D+13
   0.85013    1.0436    1.0395     1.031    1.0308    1.0374    1.0496    1.0657
    1.0587    0.7936
    9    0 2.2279200000000D+04 2.9060000000000D+02
   10    0 2.2279200000000D+04 1.5761290322581D+01
*---+----+-------------------+-------------------+---------+---------------------
*   1: printout of the result at time [hours]
*---+----+-------------------+-------------------+---------+---------------------
    1    0 2.5689600000000D+04
*---+----+-------------------+-------------------+---------+---------------------
    2    1 2.5689600000000D+04 2.2176400000000D+01
   0.93726    1.0784    1.0411    1.0236    1.0163     1.014    1.0165    1.0266
    1.0288    0.8174
    3    1 2.5689600000000D+04 1.0212232200000D+13
   0.93726    1.0784    1.0411    1.0236    1.0163     1.014    1.0165    1.0266
    1.0288    0.8174
    9    0 2.5689600000000D+04 2.9060000000000D+02
   10    0 2.5689600000000D+04 1.5761290322581D+01
*---+----+-------------------+-------------------+---------+---------------------
*   1: printout of the result at time [hours]
*---+----+-------------------+-------------------+---------+---------------------
    1    0 2.7373400000000D+04
*---+----+-------------------+-------------------+---------+---------------------
    2    1 2.7373400000000D+04 2.1953000000000D+01
   0.99084    1.0622    1.0176   0.99872    0.9944   0.99595    1.0032    1.0219
    1.0441   0.87113
    3    1 2.7373400000000D+04 1.0120333000000D+13
   0.99084    1.0622    1.0176   0.99872    0.9944   0.99595    1.0032    1.0219
    1.0441   0.87113
    9    0 2.7373400000000D+04 2.9060000000000D+02
   10    0 2.7373400000000D+04 1.5761290322581D+01
*---+----+-------------------+-------------------+---------+---------------------
*   1: printout of the result at time [hours]
*---+----+-------------------+-------------------+---------+---------------------
    1    0 2.7375400000000D+04
*---+----+-------------------+-------------------+---------+---------------------
    2    1 2.7375400000000D+04 3.4315000000000D+00
   0.42955   0.66443   0.82151   0.96401    1.0946    1.2079    1.2936    1.3402
    1.2802   0.90398
    3    1 2.7375400000000D+04 1.6834939000000D+12
   0.42955   0.66443   0.82151   0.96401    1.0946    1.2079    1.2936    1.3402
    1.2802   0.90398
    9    0 2.7375400000000D+04 2.9060000000000D+02
   10    0 2.7375400000000D+04 1.5761290322581D+01
*---+----+-------------------+-------------------+---------+---------------------
*   1: printout of the result at time [hours]
*---+----+-------------------+-------------------+---------+---------------------
    1    0 2.7525600000000D+04
*---+----+-------------------+-------------------+---------+---------------------
    2    1 2.7525600000000D+04 3.5749000000000D+00
   0.60953   0.86044   0.96702    1.0384    1.0926    1.1354    1.1659    1.1819
    1.1287   0.82016
    3    1 2.7525600000000D+04 1.7238167800000D+12
   0.60953   0.86044   0.96702    1.0384    1.0926    1.1354    1.1659    1.1819
    1.1287   0.82016
    9    0 2.7525600000000D+04 2.9060000000000D+02
   10    0 2.7525600000000D+04 1.5761290322581D+01
*---+----+-------------------+-------------------+---------+---------------------
*   1: printout of the result at time [hours]
*---+----+-------------------+-------------------+---------+---------------------
    1    0 3.4195200000000D+04
*---+----+-------------------+-------------------+---------+---------------------
    2    1 3.4195200000000D+04 4.3380000000000D+00
   0.84832     1.036    1.0493    1.0443    1.0408    1.0406    1.0436    1.0486
    1.0323   0.81627
    3    1 3.4195200000000D+04 1.9941786000000D+12
   0.84832     1.036    1.0493    1.0443    1.0408    1.0406    1.0436    1.0486
    1.0323   0.81627
    9    0 3.4195200000000D+04 2.9060000000000D+02
   10    0 3.4195200000000D+04 1.5761290322581D+01
*---+----+-------------------+-------------------+---------+---------------------
*   1: printout of the result at time [hours]
*---+----+-------------------+-------------------+---------+---------------------
    1    0 3.7472600000000D+04
*---+----+-------------------+-------------------+---------+---------------------
    2    1 3.7472600000000D+04 5.0418000000000D+00
   0.94728    1.0413    1.0056   0.98913   0.98834   0.99508    1.0096    1.0373
     1.074   0.91237
    3    1 3.7472600000000D+04 2.2546929600000D+12
   0.94728    1.0413    1.0056   0.98913   0.98834   0.99508    1.0096    1.0373
     1.074   0.91237
    9    0 3.7472600000000D+04 2.9060000000000D+02
   10    0 3.7472600000000D+04 1.5761290322581D+01
*---+----+-------------------+-------------------+---------+---------------------
*   1: printout of the result at time [hours]
*---+----+-------------------+-------------------+---------+---------------------
    1    0 3.7474600000000D+04
*---+----+-------------------+-------------------+---------+---------------------
    2    1 3.7474600000000D+04 4.1262000000000D+00
   0.53197   0.71858   0.84993   0.96893    1.0724     1.157    1.2181    1.2549
    1.2423    0.9859
    3    1 3.7474600000000D+04 2.1208668000000D+12
   0.53197   0.71858   0.84993   0.96893    1.0724     1.157    1.2181    1.2549
    1.2423    0.9859
    9    0 3.7474600000000D+04 2.9290000000000D+02
   10    0 3.7474600000000D+04 1.5761290322581D+01
*---+----+-------------------+-------------------+---------+---------------------
*   1: printout of the result at time [hours]
*---+----+-------------------+-------------------+---------+---------------------
    1    0 3.7617600000000D+04
*---+----+-------------------+-------------------+---------+---------------------
    2    1 3.7617600000000D+04 4.3364000000000D+00
   0.72041   0.89798   0.97639    1.0299    1.0668    1.0922    1.1118    1.1106
    1.1016   0.89245
    3    1 3.7617600000000D+04 2.2015902800000D+12
   0.72041   0.89798   0.97639    1.0299    1.0668    1.0922    1.1118    1.1106
    1.1016   0.89245
    9    0 3.7617600000000D+04 2.9290000000000D+02
   10    0 3.7617600000000D+04 1.5761290322581D+01
*---+----+-------------------+-------------------+---------+---------------------
*   1: printout of the result at time [hours]
*---+----+-------------------+-------------------+---------+---------------------
    1    0 4.1073600000000D+04
*---+----+-------------------+-------------------+---------+---------------------
    2    1 4.1073600000000D+04 5.0079000000000D+00
   0.82889   0.99862    1.0386    1.0519    1.0571    1.0609    1.0597    1.0535
    1.0278    0.8229
    3    1 4.1073600000000D+04 2.4819152400000D+12
   0.82889   0.99862    1.0386    1.0519    1.0571    1.0609    1.0597    1.0535
    1.0278    0.8229
    9    0 4.1073600000000D+04 2.9290000000000D+02
   10    0 4.1073600000000D+04 1.5761290322581D+01
*---+----+-------------------+-------------------+---------+---------------------
*   1: printout of the result at time [hours]
*---+----+-------------------+-------------------+---------+---------------------
    1    0 4.2873600000000D+04
*---+----+-------------------+-------------------+---------+---------------------
    2    1 4.2873600000000D+04 5.3658000000000D+00
   0.84461    1.0299    1.0731    1.0789    1.0727    1.0628    1.0502    1.0299
   0.98382   0.77416
    3    1 4.2873600000000D+04 2.6303151600000D+12
   0.84461    1.0299    1.0731    1.0789    1.0727    1.0628    1.0502    1.0299
   0.98382   0.77416
    9    0 4.2873600000000D+04 2.9290000000000D+02
   10    0 4.2873600000000D+04 1.5761290322581D+01
*---+----+-------------------+-------------------+---------+---------------------
*   1: printout of the result at time [hours]
*---+----+-------------------+-------------------+---------+---------------------
    1    0 4.7268000000000D+04
*---+----+-------------------+-------------------+---------+---------------------
    2    1 4.7268000000000D+04 6.3227000000000D+00
   0.95861    1.0317   0.99736    0.9817   0.98423    0.9972    1.0193    1.0521
    1.0744   0.90341
    3    1 4.7268000000000D+04 2.9881080200000D+12
   0.95861    1.0317   0.99736    0.9817   0.98423    0.9972    1.0193    1.0521
    1.0744   0.90341
    9    0 4.7268000000000D+04 2.9290000000000D+02
   10    0 4.7268000000000D+04 1.5761290322581D+01
*---+----+-------------------+-------------------+---------+---------------------
*   1: printout of the result at time [hours]
*---+----+-------------------+-------------------+---------+---------------------
    1    0 4.7556000000000D+04
*---+----+-------------------+-------------------+---------+---------------------
    2    1 4.7556000000000D+04 6.0625000000000D+00
   0.90293   0.97254   0.95126   0.95241   0.97254    1.0026    1.0418    1.0928
    1.1406   0.97056
    3    1 4.7556000000000D+04 2.8396750000000D+12
   0.90293   0.97254   0.95126   0.95241   0.97254    1.0026    1.0418    1.0928
    1.1406   0.97056
    9    0 4.7556000000000D+04 2.8960000000000D+02
   10    0 4.7556000000000D+04 1.5761290322581D+01
* data point #4794 end
*  00:  last line of data set (finishing the program)
*---+----+-------------------+-------------------+---------+---------------------
00000    0 4.7556000000000D+04
*---+----+-------------------+-------------------+---------+---------------------
