* data point #4722 begin
*
*---+----+-------------------+-------------------+---------+---------------------
*   1: printout of the result at time [hours]
*---+----+-------------------+-------------------+---------+---------------------
    1    0 0.0000000000000D+00
*---+----+-------------------+-------------------+---------+---------------------
    2    1 0.0000000000000D+00 2.5659400000000D+01
    0.4428   0.65999   0.79959   0.93346    1.0632    1.1807    1.2769    1.3389
    1.3277   0.97676
    3    1 0.0000000000000D+00 9.8403799000000D+12
    0.4428   0.65999   0.79959   0.93346    1.0632    1.1807    1.2769    1.3389
    1.3277   0.97676
    9    0 0.0000000000000D+00 2.9060000000000D+02
   10    0 0.0000000000000D+00 1.5760000000000D+01
*---+----+-------------------+-------------------+---------+---------------------
*   1: printout of the result at time [hours]
*---+----+-------------------+-------------------+---------+---------------------
    1    0 1.5120000000000D+02
*---+----+-------------------+-------------------+---------+---------------------
    2    1 1.5120000000000D+02 2.5938500000000D+01
   0.64125   0.87673   0.96455    1.0251    1.0749    1.1156    1.1466    1.1698
    1.1374   0.84804
    3    1 1.5120000000000D+02 9.9707594000000D+12
   0.64125   0.87673   0.96455    1.0251    1.0749    1.1156    1.1466    1.1698
    1.1374   0.84804
    9    0 1.5120000000000D+02 2.9060000000000D+02
   10    0 1.5120000000000D+02 1.5760000000000D+01
*---+----+-------------------+-------------------+---------+---------------------
*   1: printout of the result at time [hours]
*---+----+-------------------+-------------------+---------+---------------------
    1    0 6.8208000000000D+03
*---+----+-------------------+-------------------+---------+---------------------
    2    1 6.8208000000000D+03 2.9397900000000D+01
   0.84751    1.1199    1.1199    1.0944    1.0708    1.0504    1.0327    1.0147
   0.96466   0.68505
    3    1 6.8208000000000D+03 1.0991874810000D+13
   0.84751    1.1199    1.1199    1.0944    1.0708    1.0504    1.0327    1.0147
   0.96466   0.68505
    9    0 6.8208000000000D+03 2.9060000000000D+02
   10    0 6.8208000000000D+03 1.5760000000000D+01
*---+----+-------------------+-------------------+---------+---------------------
*   1: printout of the result at time [hours]
*---+----+-------------------+-------------------+---------+---------------------
    1    0 1.0098200000000D+04
*---+----+-------------------+-------------------+---------+---------------------
    2    1 1.0098200000000D+04 2.8348700000000D+01
   0.94198    1.1111    1.0648    1.0347    1.0187    1.0091    1.0058    1.0119
    1.0114   0.79044
    3    1 1.0098200000000D+04 1.0732817820000D+13
   0.94198    1.1111    1.0648    1.0347    1.0187    1.0091    1.0058    1.0119
    1.0114   0.79044
    9    0 1.0098200000000D+04 2.9060000000000D+02
   10    0 1.0098200000000D+04 1.5760000000000D+01
*---+----+-------------------+-------------------+---------+---------------------
*   1: printout of the result at time [hours]
*---+----+-------------------+-------------------+---------+---------------------
    1    0 1.0100200000000D+04
*---+----+-------------------+-------------------+---------+---------------------
    2    1 1.0100200000000D+04 2.6221700000000D+01
    0.4939   0.76776   0.91371    1.0325    1.1293    1.2019    1.2459    1.2512
    1.1847   0.77905
    3    1 1.0100200000000D+04 1.0858405970000D+13
    0.4939   0.76776   0.91371    1.0325    1.1293    1.2019    1.2459    1.2512
    1.1847   0.77905
    9    0 1.0100200000000D+04 2.9290000000000D+02
   10    0 1.0100200000000D+04 1.5760000000000D+01
*---+----+-------------------+-------------------+---------+---------------------
*   1: printout of the result at time [hours]
*---+----+-------------------+-------------------+---------+---------------------
    1    0 1.0243200000000D+04
*---+----+-------------------+-------------------+---------+---------------------
    2    1 1.0243200000000D+04 2.6205300000000D+01
   0.66841    0.9587     1.048    1.0945    1.1193    1.1308    1.1272    1.1077
    1.0448   0.70066
    3    1 1.0243200000000D+04 1.0841132610000D+13
   0.66841    0.9587     1.048    1.0945    1.1193    1.1308    1.1272    1.1077
    1.0448   0.70066
    9    0 1.0243200000000D+04 2.9290000000000D+02
   10    0 1.0243200000000D+04 1.5760000000000D+01
*---+----+-------------------+-------------------+---------+---------------------
*   1: printout of the result at time [hours]
*---+----+-------------------+-------------------+---------+---------------------
    1    0 1.3699200000000D+04
*---+----+-------------------+-------------------+---------+---------------------
    2    1 1.3699200000000D+04 2.5425100000000D+01
   0.79351    1.0579    1.0944    1.0962    1.0894    1.0799    1.0678    1.0474
   0.98981   0.68377
    3    1 1.3699200000000D+04 1.0696339570000D+13
   0.79351    1.0579    1.0944    1.0962    1.0894    1.0799    1.0678    1.0474
   0.98981   0.68377
    9    0 1.3699200000000D+04 2.9290000000000D+02
   10    0 1.3699200000000D+04 1.5760000000000D+01
*---+----+-------------------+-------------------+---------+---------------------
*   1: printout of the result at time [hours]
*---+----+-------------------+-------------------+---------+---------------------
    1    0 1.5499200000000D+04
*---+----+-------------------+-------------------+---------+---------------------
    2    1 1.5499200000000D+04 2.4912600000000D+01
   0.81838    1.0804     1.119    1.1073    1.0924    1.0747    1.0545    1.0261
   0.96056   0.66661
    3    1 1.5499200000000D+04 1.0587855000000D+13
   0.81838    1.0804     1.119    1.1073    1.0924    1.0747    1.0545    1.0261
   0.96056   0.66661
    9    0 1.5499200000000D+04 2.9290000000000D+02
   10    0 1.5499200000000D+04 1.5760000000000D+01
*---+----+-------------------+-------------------+---------+---------------------
*   1: printout of the result at time [hours]
*---+----+-------------------+-------------------+---------+---------------------
    1    0 1.9893600000000D+04
*---+----+-------------------+-------------------+---------+---------------------
    2    1 1.9893600000000D+04 2.3940900000000D+01
   0.95209    1.0734    1.0324    1.0095    1.0042    1.0088    1.0216    1.0427
    1.0454   0.80987
    3    1 1.9893600000000D+04 1.0280222460000D+13
   0.95209    1.0734    1.0324    1.0095    1.0042    1.0088    1.0216    1.0427
    1.0454   0.80987
    9    0 1.9893600000000D+04 2.9290000000000D+02
   10    0 1.9893600000000D+04 1.5760000000000D+01
*---+----+-------------------+-------------------+---------+---------------------
*   1: printout of the result at time [hours]
*---+----+-------------------+-------------------+---------+---------------------
    1    0 2.0181600000000D+04
*---+----+-------------------+-------------------+---------+---------------------
    2    1 2.0181600000000D+04 2.2888000000000D+01
   0.89453    1.0097   0.98362   0.97942   0.99314     1.016     1.047     1.087
    1.1135   0.87618
    3    1 2.0181600000000D+04 9.7342664000000D+12
   0.89453    1.0097   0.98362   0.97942   0.99314     1.016     1.047     1.087
    1.1135   0.87618
    9    0 2.0181600000000D+04 2.8960000000000D+02
   10    0 2.0181600000000D+04 1.5760000000000D+01
* data point #4722 end
*  00:  last line of data set (finishing the program)
*---+----+-------------------+-------------------+---------+---------------------
00000    0 2.0181600000000D+04
*---+----+-------------------+-------------------+---------+---------------------
