* data point #4605 begin
*
*---+----+-------------------+-------------------+---------+---------------------
*   1: printout of the result at time [hours]
*---+----+-------------------+-------------------+---------+---------------------
    1    0 0.0000000000000D+00
*---+----+-------------------+-------------------+---------+---------------------
    2    1 0.0000000000000D+00 2.2946400000000D+01
    0.5512   0.86075    1.0207    1.1233    1.1894     1.224    1.2201    1.1695
    1.0304   0.61068
    3    1 0.0000000000000D+00 8.0886060000000D+12
    0.5512   0.86075    1.0207    1.1233    1.1894     1.224    1.2201    1.1695
    1.0304   0.61068
    9    0 0.0000000000000D+00 2.9290000000000D+02
   10    0 0.0000000000000D+00 1.5800000000000D+01
*---+----+-------------------+-------------------+---------+---------------------
*   1: printout of the result at time [hours]
*---+----+-------------------+-------------------+---------+---------------------
    1    0 1.4400000000000D+02
*---+----+-------------------+-------------------+---------+---------------------
    2    1 1.4400000000000D+02 2.3209500000000D+01
   0.69803    1.0024    1.1016    1.1382    1.1489    1.1437    1.1231    1.0774
   0.96814    0.5985
    3    1 1.4400000000000D+02 8.1720649500000D+12
   0.69803    1.0024    1.1016    1.1382    1.1489    1.1437    1.1231    1.0774
   0.96814    0.5985
    9    0 1.4400000000000D+02 2.9290000000000D+02
   10    0 1.4400000000000D+02 1.5800000000000D+01
*---+----+-------------------+-------------------+---------+---------------------
*   1: printout of the result at time [hours]
*---+----+-------------------+-------------------+---------+---------------------
    1    0 3.6000000000000D+03
*---+----+-------------------+-------------------+---------+---------------------
    2    1 3.6000000000000D+03 2.3368100000000D+01
   0.82861    1.0891    1.1113    1.0983    1.0831    1.0698    1.0577      1.04
   0.97877   0.64331
    3    1 3.6000000000000D+03 8.2723074000000D+12
   0.82861    1.0891    1.1113    1.0983    1.0831    1.0698    1.0577      1.04
   0.97877   0.64331
    9    0 3.6000000000000D+03 2.9290000000000D+02
   10    0 3.6000000000000D+03 1.5800000000000D+01
*---+----+-------------------+-------------------+---------+---------------------
*   1: printout of the result at time [hours]
*---+----+-------------------+-------------------+---------+---------------------
    1    0 7.3968000000000D+03
*---+----+-------------------+-------------------+---------+---------------------
    2    1 7.3968000000000D+03 2.3810800000000D+01
   0.89153    1.1322    1.1122    1.0817    1.0589    1.0419    1.0286     1.016
   0.97326   0.66373
    3    1 7.3968000000000D+03 8.5123610000000D+12
   0.89153    1.1322    1.1122    1.0817    1.0589    1.0419    1.0286     1.016
   0.97326   0.66373
    9    0 7.3968000000000D+03 2.9290000000000D+02
   10    0 7.3968000000000D+03 1.5800000000000D+01
*---+----+-------------------+-------------------+---------+---------------------
*   1: printout of the result at time [hours]
*---+----+-------------------+-------------------+---------+---------------------
    1    0 7.9742000000000D+03
*---+----+-------------------+-------------------+---------+---------------------
    2    1 7.9742000000000D+03 2.2537700000000D+01
   0.82102     1.049    1.0481    1.0423    1.0464    1.0556    1.0677      1.08
     1.058   0.73184
    3    1 7.9742000000000D+03 7.9603156400000D+12
   0.82102     1.049    1.0481    1.0423    1.0464    1.0556    1.0677      1.08
     1.058   0.73184
    9    0 7.9742000000000D+03 2.8810000000000D+02
   10    0 7.9742000000000D+03 1.5800000000000D+01
*---+----+-------------------+-------------------+---------+---------------------
*   1: printout of the result at time [hours]
*---+----+-------------------+-------------------+---------+---------------------
    1    0 7.9762000000000D+03
*---+----+-------------------+-------------------+---------+---------------------
    2    1 7.9762000000000D+03 3.1857100000000D+01
   0.53633   0.85023   0.98788    1.0854    1.1615     1.213    1.2365    1.2059
    1.0822   0.64096
    3    1 7.9762000000000D+03 1.2325511990000D+13
   0.53633   0.85023   0.98788    1.0854    1.1615     1.213    1.2365    1.2059
    1.0822   0.64096
    9    0 7.9762000000000D+03 2.9290000000000D+02
   10    0 7.9762000000000D+03 1.5800000000000D+01
*---+----+-------------------+-------------------+---------+---------------------
*   1: printout of the result at time [hours]
*---+----+-------------------+-------------------+---------+---------------------
    1    0 8.1192000000000D+03
*---+----+-------------------+-------------------+---------+---------------------
    2    1 8.1192000000000D+03 3.1638100000000D+01
    0.7002     1.024    1.0991    1.1243    1.1342    1.1334    1.1201    1.0841
   0.98081   0.59975
    3    1 8.1192000000000D+03 1.2237617080000D+13
    0.7002     1.024    1.0991    1.1243    1.1342    1.1334    1.1201    1.0841
   0.98081   0.59975
    9    0 8.1192000000000D+03 2.9290000000000D+02
   10    0 8.1192000000000D+03 1.5800000000000D+01
*---+----+-------------------+-------------------+---------+---------------------
*   1: printout of the result at time [hours]
*---+----+-------------------+-------------------+---------+---------------------
    1    0 1.1575200000000D+04
*---+----+-------------------+-------------------+---------+---------------------
    2    1 1.1575200000000D+04 2.9861200000000D+01
   0.87706    1.1129    1.0895    1.0655    1.0503    1.0414    1.0381    1.0388
    1.0101   0.67623
    3    1 1.1575200000000D+04 1.1726493240000D+13
   0.87706    1.1129    1.0895    1.0655    1.0503    1.0414    1.0381    1.0388
    1.0101   0.67623
    9    0 1.1575200000000D+04 2.9290000000000D+02
   10    0 1.1575200000000D+04 1.5800000000000D+01
*---+----+-------------------+-------------------+---------+---------------------
*   1: printout of the result at time [hours]
*---+----+-------------------+-------------------+---------+---------------------
    1    0 1.1952000000000D+04
*---+----+-------------------+-------------------+---------+---------------------
    2    1 1.1952000000000D+04 2.9698700000000D+01
   0.89432    1.1221    1.0876    1.0612    1.0446    1.0345    1.0306    1.0323
    1.0086   0.68437
    3    1 1.1952000000000D+04 1.1677528840000D+13
   0.89432    1.1221    1.0876    1.0612    1.0446    1.0345    1.0306    1.0323
    1.0086   0.68437
    9    0 1.1952000000000D+04 2.9290000000000D+02
   10    0 1.1952000000000D+04 1.5800000000000D+01
*---+----+-------------------+-------------------+---------+---------------------
*   1: printout of the result at time [hours]
*---+----+-------------------+-------------------+---------+---------------------
    1    0 1.2935000000000D+04
*---+----+-------------------+-------------------+---------+---------------------
    2    1 1.2935000000000D+04 2.5695200000000D+01
   0.78322   0.97069   0.97201   0.98571    1.0124     1.046    1.0866    1.1367
    1.1706   0.83615
    3    1 1.2935000000000D+04 9.8232749600000D+12
   0.78322   0.97069   0.97201   0.98571    1.0124     1.046    1.0866    1.1367
    1.1706   0.83615
    9    0 1.2935000000000D+04 2.8270000000000D+02
   10    0 1.2935000000000D+04 1.5800000000000D+01
*---+----+-------------------+-------------------+---------+---------------------
*   1: printout of the result at time [hours]
*---+----+-------------------+-------------------+---------+---------------------
    1    0 1.2937000000000D+04
*---+----+-------------------+-------------------+---------+---------------------
    2    1 1.2937000000000D+04 2.6793300000000D+01
   0.46862   0.71272   0.84745   0.97088    1.0827    1.1776    1.2505    1.2938
    1.2767   0.91907
    3    1 1.2937000000000D+04 1.1314810590000D+13
   0.46862   0.71272   0.84745   0.97088    1.0827    1.1776    1.2505    1.2938
    1.2767   0.91907
    9    0 1.2937000000000D+04 2.9290000000000D+02
   10    0 1.2937000000000D+04 1.5800000000000D+01
*---+----+-------------------+-------------------+---------+---------------------
*   1: printout of the result at time [hours]
*---+----+-------------------+-------------------+---------+---------------------
    1    0 1.3080000000000D+04
*---+----+-------------------+-------------------+---------+---------------------
    2    1 1.3080000000000D+04 2.6818100000000D+01
   0.64199   0.90394   0.98866    1.0454     1.087    1.1167    1.1361    1.1494
    1.1164   0.81438
    3    1 1.3080000000000D+04 1.1327965440000D+13
   0.64199   0.90394   0.98866    1.0454     1.087    1.1167    1.1361    1.1494
    1.1164   0.81438
    9    0 1.3080000000000D+04 2.9290000000000D+02
   10    0 1.3080000000000D+04 1.5800000000000D+01
*---+----+-------------------+-------------------+---------+---------------------
*   1: printout of the result at time [hours]
*---+----+-------------------+-------------------+---------+---------------------
    1    0 1.6536000000000D+04
*---+----+-------------------+-------------------+---------+---------------------
    2    1 1.6536000000000D+04 2.5374900000000D+01
   0.78333    1.0186    1.0495    1.0586    1.0629    1.0658    1.0713    1.0662
    1.0407   0.78306
    3    1 1.6536000000000D+04 1.0939119390000D+13
   0.78333    1.0186    1.0495    1.0586    1.0629    1.0658    1.0713    1.0662
    1.0407   0.78306
    9    0 1.6536000000000D+04 2.9290000000000D+02
   10    0 1.6536000000000D+04 1.5800000000000D+01
*---+----+-------------------+-------------------+---------+---------------------
*   1: printout of the result at time [hours]
*---+----+-------------------+-------------------+---------+---------------------
    1    0 1.8336000000000D+04
*---+----+-------------------+-------------------+---------+---------------------
    2    1 1.8336000000000D+04 2.4512400000000D+01
   0.81942    1.0435    1.0669    1.0679    1.0638    1.0584    1.0523    1.0434
    1.0126   0.77173
    3    1 1.8336000000000D+04 1.0657991520000D+13
   0.81942    1.0435    1.0669    1.0679    1.0638    1.0584    1.0523    1.0434
    1.0126   0.77173
    9    0 1.8336000000000D+04 2.9290000000000D+02
   10    0 1.8336000000000D+04 1.5800000000000D+01
*---+----+-------------------+-------------------+---------+---------------------
*   1: printout of the result at time [hours]
*---+----+-------------------+-------------------+---------+---------------------
    1    0 2.2730400000000D+04
*---+----+-------------------+-------------------+---------+---------------------
    2    1 2.2730400000000D+04 2.3659500000000D+01
   0.97889    1.0666    1.0172   0.99237   0.98476   0.98671   0.99782    1.0222
    1.0521   0.90141
    3    1 2.2730400000000D+04 1.0341567450000D+13
   0.97889    1.0666    1.0172   0.99237   0.98476   0.98671   0.99782    1.0222
    1.0521   0.90141
    9    0 2.2730400000000D+04 2.9290000000000D+02
   10    0 2.2730400000000D+04 1.5800000000000D+01
*---+----+-------------------+-------------------+---------+---------------------
*   1: printout of the result at time [hours]
*---+----+-------------------+-------------------+---------+---------------------
    1    0 2.3018400000000D+04
*---+----+-------------------+-------------------+---------+---------------------
    2    1 2.3018400000000D+04 2.2572400000000D+01
   0.92144    1.0052   0.97021   0.96286   0.97291   0.99205      1.02    1.0621
    1.1227   0.97057
    3    1 2.3018400000000D+04 9.7625630000000D+12
   0.92144    1.0052   0.97021   0.96286   0.97291   0.99205      1.02    1.0621
    1.1227   0.97057
    9    0 2.3018400000000D+04 2.8960000000000D+02
   10    0 2.3018400000000D+04 1.5800000000000D+01
* data point #4605 end
*  00:  last line of data set (finishing the program)
*---+----+-------------------+-------------------+---------+---------------------
00000    0 2.3018400000000D+04
*---+----+-------------------+-------------------+---------+---------------------
