* data point #4469 begin
*
*---+----+-------------------+-------------------+---------+---------------------
*   1: printout of the result at time [hours]
*---+----+-------------------+-------------------+---------+---------------------
    1    0 0.0000000000000D+00
*---+----+-------------------+-------------------+---------+---------------------
    2    1 0.0000000000000D+00 2.5949200000000D+01
   0.55119   0.86076    1.0207    1.1233    1.1894     1.224    1.2201    1.1695
    1.0304   0.61069
    3    1 0.0000000000000D+00 8.4905782400000D+12
   0.55119   0.86076    1.0207    1.1233    1.1894     1.224    1.2201    1.1695
    1.0304   0.61069
    9    0 0.0000000000000D+00 2.9290000000000D+02
   10    0 0.0000000000000D+00 1.5800000000000D+01
*---+----+-------------------+-------------------+---------+---------------------
*   1: printout of the result at time [hours]
*---+----+-------------------+-------------------+---------+---------------------
    1    0 1.4400000000000D+02
*---+----+-------------------+-------------------+---------+---------------------
    2    1 1.4400000000000D+02 2.6131100000000D+01
   0.69806    1.0024    1.1016    1.1381    1.1489    1.1437    1.1231    1.0774
   0.96816   0.59852
    3    1 1.4400000000000D+02 8.5736139100000D+12
   0.69806    1.0024    1.1016    1.1381    1.1489    1.1437    1.1231    1.0774
   0.96816   0.59852
    9    0 1.4400000000000D+02 2.9290000000000D+02
   10    0 1.4400000000000D+02 1.5800000000000D+01
*---+----+-------------------+-------------------+---------+---------------------
*   1: printout of the result at time [hours]
*---+----+-------------------+-------------------+---------+---------------------
    1    0 3.6000000000000D+03
*---+----+-------------------+-------------------+---------+---------------------
    2    1 3.6000000000000D+03 2.5697500000000D+01
    0.8286    1.0891    1.1114    1.0983    1.0831    1.0698    1.0577      1.04
   0.97877   0.64329
    3    1 3.6000000000000D+03 8.7243012500000D+12
    0.8286    1.0891    1.1114    1.0983    1.0831    1.0698    1.0577      1.04
   0.97877   0.64329
    9    0 3.6000000000000D+03 2.9290000000000D+02
   10    0 3.6000000000000D+03 1.5800000000000D+01
*---+----+-------------------+-------------------+---------+---------------------
*   1: printout of the result at time [hours]
*---+----+-------------------+-------------------+---------+---------------------
    1    0 7.3968000000000D+03
*---+----+-------------------+-------------------+---------+---------------------
    2    1 7.3968000000000D+03 2.5941600000000D+01
    0.8915    1.1322    1.1122    1.0817    1.0589    1.0419    1.0286     1.016
   0.97326   0.66376
    3    1 7.3968000000000D+03 9.0743716800000D+12
    0.8915    1.1322    1.1122    1.0817    1.0589    1.0419    1.0286     1.016
   0.97326   0.66376
    9    0 7.3968000000000D+03 2.9290000000000D+02
   10    0 7.3968000000000D+03 1.5800000000000D+01
*---+----+-------------------+-------------------+---------+---------------------
*   1: printout of the result at time [hours]
*---+----+-------------------+-------------------+---------+---------------------
    1    0 7.9742000000000D+03
*---+----+-------------------+-------------------+---------+---------------------
    2    1 7.9742000000000D+03 2.4638300000000D+01
   0.82104     1.049     1.048    1.0424    1.0463    1.0556    1.0677      1.08
     1.058   0.73187
    3    1 7.9742000000000D+03 8.5199241400000D+12
   0.82104     1.049     1.048    1.0424    1.0463    1.0556    1.0677      1.08
     1.058   0.73187
    9    0 7.9742000000000D+03 2.8810000000000D+02
   10    0 7.9742000000000D+03 1.5800000000000D+01
*---+----+-------------------+-------------------+---------+---------------------
*   1: printout of the result at time [hours]
*---+----+-------------------+-------------------+---------+---------------------
    1    0 7.9762000000000D+03
*---+----+-------------------+-------------------+---------+---------------------
    2    1 7.9762000000000D+03 3.1119100000000D+01
   0.53633   0.85022   0.98788    1.0854    1.1615     1.213    1.2365    1.2059
    1.0822   0.64096
    3    1 7.9762000000000D+03 1.1514067000000D+13
   0.53633   0.85022   0.98788    1.0854    1.1615     1.213    1.2365    1.2059
    1.0822   0.64096
    9    0 7.9762000000000D+03 2.9290000000000D+02
   10    0 7.9762000000000D+03 1.5800000000000D+01
*---+----+-------------------+-------------------+---------+---------------------
*   1: printout of the result at time [hours]
*---+----+-------------------+-------------------+---------+---------------------
    1    0 8.1192000000000D+03
*---+----+-------------------+-------------------+---------+---------------------
    2    1 8.1192000000000D+03 3.1008900000000D+01
   0.70019     1.024    1.0991    1.1243    1.1342    1.1334    1.1201    1.0841
   0.98082   0.59976
    3    1 8.1192000000000D+03 1.1476393890000D+13
   0.70019     1.024    1.0991    1.1243    1.1342    1.1334    1.1201    1.0841
   0.98082   0.59976
    9    0 8.1192000000000D+03 2.9290000000000D+02
   10    0 8.1192000000000D+03 1.5800000000000D+01
*---+----+-------------------+-------------------+---------+---------------------
*   1: printout of the result at time [hours]
*---+----+-------------------+-------------------+---------+---------------------
    1    0 1.1575200000000D+04
*---+----+-------------------+-------------------+---------+---------------------
    2    1 1.1575200000000D+04 2.9425700000000D+01
   0.87706    1.1129    1.0896    1.0655    1.0503    1.0414    1.0381    1.0388
    1.0101   0.67625
    3    1 1.1575200000000D+04 1.1172938290000D+13
   0.87706    1.1129    1.0896    1.0655    1.0503    1.0414    1.0381    1.0388
    1.0101   0.67625
    9    0 1.1575200000000D+04 2.9290000000000D+02
   10    0 1.1575200000000D+04 1.5800000000000D+01
*---+----+-------------------+-------------------+---------+---------------------
*   1: printout of the result at time [hours]
*---+----+-------------------+-------------------+---------+---------------------
    1    0 1.1952000000000D+04
*---+----+-------------------+-------------------+---------+---------------------
    2    1 1.1952000000000D+04 2.9271000000000D+01
    0.8943    1.1221    1.0876    1.0612    1.0445    1.0345    1.0306    1.0323
    1.0086    0.6844
    3    1 1.1952000000000D+04 1.1146396800000D+13
    0.8943    1.1221    1.0876    1.0612    1.0445    1.0345    1.0306    1.0323
    1.0086    0.6844
    9    0 1.1952000000000D+04 2.9290000000000D+02
   10    0 1.1952000000000D+04 1.5800000000000D+01
*---+----+-------------------+-------------------+---------+---------------------
*   1: printout of the result at time [hours]
*---+----+-------------------+-------------------+---------+---------------------
    1    0 1.2935000000000D+04
*---+----+-------------------+-------------------+---------+---------------------
    2    1 1.2935000000000D+04 2.5399500000000D+01
    0.7832   0.97065   0.97203   0.98573    1.0124     1.046    1.0866    1.1367
    1.1706   0.83616
    3    1 1.2935000000000D+04 9.4130547000000D+12
    0.7832   0.97065   0.97203   0.98573    1.0124     1.046    1.0866    1.1367
    1.1706   0.83616
    9    0 1.2935000000000D+04 2.8270000000000D+02
   10    0 1.2935000000000D+04 1.5800000000000D+01
*---+----+-------------------+-------------------+---------+---------------------
*   1: printout of the result at time [hours]
*---+----+-------------------+-------------------+---------+---------------------
    1    0 1.2937000000000D+04
*---+----+-------------------+-------------------+---------+---------------------
    2    1 1.2937000000000D+04 2.5533700000000D+01
   0.46864   0.71274   0.84747   0.97087    1.0827    1.1776    1.2505    1.2937
    1.2767   0.91906
    3    1 1.2937000000000D+04 1.0680746710000D+13
   0.46864   0.71274   0.84747   0.97087    1.0827    1.1776    1.2505    1.2937
    1.2767   0.91906
    9    0 1.2937000000000D+04 2.9290000000000D+02
   10    0 1.2937000000000D+04 1.5800000000000D+01
*---+----+-------------------+-------------------+---------+---------------------
*   1: printout of the result at time [hours]
*---+----+-------------------+-------------------+---------+---------------------
    1    0 1.3080000000000D+04
*---+----+-------------------+-------------------+---------+---------------------
    2    1 1.3080000000000D+04 2.5671900000000D+01
   0.64199   0.90395   0.98867    1.0454     1.087    1.1167    1.1361    1.1494
    1.1164   0.81435
    3    1 1.3080000000000D+04 1.0733421390000D+13
   0.64199   0.90395   0.98867    1.0454     1.087    1.1167    1.1361    1.1494
    1.1164   0.81435
    9    0 1.3080000000000D+04 2.9290000000000D+02
   10    0 1.3080000000000D+04 1.5800000000000D+01
*---+----+-------------------+-------------------+---------+---------------------
*   1: printout of the result at time [hours]
*---+----+-------------------+-------------------+---------+---------------------
    1    0 1.6536000000000D+04
*---+----+-------------------+-------------------+---------+---------------------
    2    1 1.6536000000000D+04 2.4641100000000D+01
   0.78337    1.0186    1.0494    1.0586    1.0629    1.0658    1.0713    1.0662
    1.0407   0.78308
    3    1 1.6536000000000D+04 1.0405936530000D+13
   0.78337    1.0186    1.0494    1.0586    1.0629    1.0658    1.0713    1.0662
    1.0407   0.78308
    9    0 1.6536000000000D+04 2.9290000000000D+02
   10    0 1.6536000000000D+04 1.5800000000000D+01
*---+----+-------------------+-------------------+---------+---------------------
*   1: printout of the result at time [hours]
*---+----+-------------------+-------------------+---------+---------------------
    1    0 1.8336000000000D+04
*---+----+-------------------+-------------------+---------+---------------------
    2    1 1.8336000000000D+04 2.3826600000000D+01
   0.81942    1.0435    1.0669    1.0679    1.0638    1.0584    1.0523    1.0434
    1.0126   0.77174
    3    1 1.8336000000000D+04 1.0123922340000D+13
   0.81942    1.0435    1.0669    1.0679    1.0638    1.0584    1.0523    1.0434
    1.0126   0.77174
    9    0 1.8336000000000D+04 2.9290000000000D+02
   10    0 1.8336000000000D+04 1.5800000000000D+01
*---+----+-------------------+-------------------+---------+---------------------
*   1: printout of the result at time [hours]
*---+----+-------------------+-------------------+---------+---------------------
    1    0 2.2730400000000D+04
*---+----+-------------------+-------------------+---------+---------------------
    2    1 2.2730400000000D+04 2.3297800000000D+01
   0.97889    1.0666    1.0172   0.99237   0.98477    0.9867   0.99782    1.0222
    1.0521   0.90142
    3    1 2.2730400000000D+04 9.9388414800000D+12
   0.97889    1.0666    1.0172   0.99237   0.98477    0.9867   0.99782    1.0222
    1.0521   0.90142
    9    0 2.2730400000000D+04 2.9290000000000D+02
   10    0 2.2730400000000D+04 1.5800000000000D+01
*---+----+-------------------+-------------------+---------+---------------------
*   1: printout of the result at time [hours]
*---+----+-------------------+-------------------+---------+---------------------
    1    0 2.3018400000000D+04
*---+----+-------------------+-------------------+---------+---------------------
    2    1 2.3018400000000D+04 2.2221500000000D+01
   0.92145    1.0052   0.97023   0.96285   0.97293   0.99206      1.02    1.0621
    1.1227   0.97055
    3    1 2.3018400000000D+04 9.3819173000000D+12
   0.92145    1.0052   0.97023   0.96285   0.97293   0.99206      1.02    1.0621
    1.1227   0.97055
    9    0 2.3018400000000D+04 2.8960000000000D+02
   10    0 2.3018400000000D+04 1.5800000000000D+01
* data point #4469 end
*  00:  last line of data set (finishing the program)
*---+----+-------------------+-------------------+---------+---------------------
00000    0 2.3018400000000D+04
*---+----+-------------------+-------------------+---------+---------------------
