* data point #549 begin
*
*---+----+-------------------+-------------------+---------+---------------------
*   1: printout of the result at time [hours]
*---+----+-------------------+-------------------+---------+---------------------
    1    0 0.0000000000000D+00
*---+----+-------------------+-------------------+---------+---------------------
    2    1 0.0000000000000D+00 2.5761500000000D+01
   0.44698   0.78039   0.93981    1.0565    1.1492    1.2194    1.2623    1.2648
    1.1751   0.70551
    3    1 0.0000000000000D+00 9.3771860000000D+12
   0.44698   0.78039   0.93981    1.0565    1.1492    1.2194    1.2623    1.2648
    1.1751   0.70551
    9    0 0.0000000000000D+00 2.9290000000000D+02
   10    0 0.0000000000000D+00 1.5789285714286D+01
*---+----+-------------------+-------------------+---------+---------------------
*   1: printout of the result at time [hours]
*---+----+-------------------+-------------------+---------+---------------------
    1    0 1.4400000000000D+02
*---+----+-------------------+-------------------+---------+---------------------
    2    1 1.4400000000000D+02 2.5254300000000D+01
    0.6138   0.98011    1.0803    1.1199    1.1373    1.1436    1.1372    1.1148
    1.0342   0.63882
    3    1 1.4400000000000D+02 9.2102432100000D+12
    0.6138   0.98011    1.0803    1.1199    1.1373    1.1436    1.1372    1.1148
    1.0342   0.63882
    9    0 1.4400000000000D+02 2.9290000000000D+02
   10    0 1.4400000000000D+02 1.5789285714286D+01
*---+----+-------------------+-------------------+---------+---------------------
*   1: printout of the result at time [hours]
*---+----+-------------------+-------------------+---------+---------------------
    1    0 3.6000000000000D+03
*---+----+-------------------+-------------------+---------+---------------------
    2    1 3.6000000000000D+03 2.4230700000000D+01
   0.76122    1.1023    1.1274    1.1114    1.0932    1.0776     1.064    1.0459
   0.98322   0.63378
    3    1 3.6000000000000D+03 9.0986278500000D+12
   0.76122    1.1023    1.1274    1.1114    1.0932    1.0776     1.064    1.0459
   0.98322   0.63378
    9    0 3.6000000000000D+03 2.9290000000000D+02
   10    0 3.6000000000000D+03 1.5789285714286D+01
*---+----+-------------------+-------------------+---------+---------------------
*   1: printout of the result at time [hours]
*---+----+-------------------+-------------------+---------+---------------------
    1    0 6.1200000000000D+03
*---+----+-------------------+-------------------+---------+---------------------
    2    1 6.1200000000000D+03 2.3823100000000D+01
   0.81719    1.1308    1.1396    1.1139     1.087    1.0623    1.0399    1.0157
   0.95575   0.63787
    3    1 6.1200000000000D+03 9.0742187900000D+12
   0.81719    1.1308    1.1396    1.1139     1.087    1.0623    1.0399    1.0157
   0.95575   0.63787
    9    0 6.1200000000000D+03 2.9290000000000D+02
   10    0 6.1200000000000D+03 1.5789285714286D+01
*---+----+-------------------+-------------------+---------+---------------------
*   1: printout of the result at time [hours]
*---+----+-------------------+-------------------+---------+---------------------
    1    0 1.0113600000000D+04
*---+----+-------------------+-------------------+---------+---------------------
    2    1 1.0113600000000D+04 2.3693300000000D+01
   0.91355    1.1218    1.0656    1.0364    1.0235    1.0179    1.0185    1.0277
    1.0203   0.75477
    3    1 1.0113600000000D+04 9.1148125100000D+12
   0.91355    1.1218    1.0656    1.0364    1.0235    1.0179    1.0185    1.0277
    1.0203   0.75477
    9    0 1.0113600000000D+04 2.9290000000000D+02
   10    0 1.0113600000000D+04 1.5789285714286D+01
*---+----+-------------------+-------------------+---------+---------------------
*   1: printout of the result at time [hours]
*---+----+-------------------+-------------------+---------+---------------------
    1    0 1.0460600000000D+04
*---+----+-------------------+-------------------+---------+---------------------
    2    1 1.0460600000000D+04 2.3042500000000D+01
   0.87347    1.0623    1.0294    1.0156    1.0176    1.0257    1.0391    1.0615
    1.0722   0.80308
    3    1 1.0460600000000D+04 8.8091477500000D+12
   0.87347    1.0623    1.0294    1.0156    1.0176    1.0257    1.0391    1.0615
    1.0722   0.80308
    9    0 1.0460600000000D+04 2.9050000000000D+02
   10    0 1.0460600000000D+04 1.5789285714286D+01
*---+----+-------------------+-------------------+---------+---------------------
*   1: printout of the result at time [hours]
*---+----+-------------------+-------------------+---------+---------------------
    1    0 1.0462600000000D+04
*---+----+-------------------+-------------------+---------+---------------------
    2    1 1.0462600000000D+04 2.9185800000000D+01
   0.51206   0.83284    0.9985    1.1166    1.1956    1.2377    1.2356    1.1835
    1.0461   0.64151
    3    1 1.0462600000000D+04 1.2231768780000D+13
   0.51206   0.83284    0.9985    1.1166    1.1956    1.2377    1.2356    1.1835
    1.0461   0.64151
    9    0 1.0462600000000D+04 2.9290000000000D+02
   10    0 1.0462600000000D+04 1.5789285714286D+01
*---+----+-------------------+-------------------+---------+---------------------
*   1: printout of the result at time [hours]
*---+----+-------------------+-------------------+---------+---------------------
    1    0 1.0605600000000D+04
*---+----+-------------------+-------------------+---------+---------------------
    2    1 1.0605600000000D+04 2.8999600000000D+01
   0.64956   0.97612    1.0852    1.1382    1.1605     1.161    1.1405    1.0907
    0.9777   0.62056
    3    1 1.0605600000000D+04 1.2147932440000D+13
   0.64956   0.97612    1.0852    1.1382    1.1605     1.161    1.1405    1.0907
    0.9777   0.62056
    9    0 1.0605600000000D+04 2.9290000000000D+02
   10    0 1.0605600000000D+04 1.5789285714286D+01
*---+----+-------------------+-------------------+---------+---------------------
*   1: printout of the result at time [hours]
*---+----+-------------------+-------------------+---------+---------------------
    1    0 1.4061600000000D+04
*---+----+-------------------+-------------------+---------+---------------------
    2    1 1.4061600000000D+04 2.7441900000000D+01
   0.80377    1.0524    1.0772    1.0697    1.0676    1.0677    1.0688    1.0639
    1.0179   0.71096
    3    1 1.4061600000000D+04 1.1591458560000D+13
   0.80377    1.0524    1.0772    1.0697    1.0676    1.0677    1.0688    1.0639
    1.0179   0.71096
    9    0 1.4061600000000D+04 2.9290000000000D+02
   10    0 1.4061600000000D+04 1.5789285714286D+01
*---+----+-------------------+-------------------+---------+---------------------
*   1: printout of the result at time [hours]
*---+----+-------------------+-------------------+---------+---------------------
    1    0 1.7253600000000D+04
*---+----+-------------------+-------------------+---------+---------------------
    2    1 1.7253600000000D+04 2.5900400000000D+01
   0.91466    1.0803    1.0486    1.0315    1.0238    1.0221    1.0256    1.0344
    1.0282   0.79095
    3    1 1.7253600000000D+04 1.0979179560000D+13
   0.91466    1.0803    1.0486    1.0315    1.0238    1.0221    1.0256    1.0344
    1.0282   0.79095
    9    0 1.7253600000000D+04 2.9290000000000D+02
   10    0 1.7253600000000D+04 1.5789285714286D+01
*---+----+-------------------+-------------------+---------+---------------------
*   1: printout of the result at time [hours]
*---+----+-------------------+-------------------+---------+---------------------
    1    0 1.7749400000000D+04
*---+----+-------------------+-------------------+---------+---------------------
    2    1 1.7749400000000D+04 2.4484300000000D+01
   0.85871    1.0048   0.99472   0.99701    1.0104    1.0297    1.0537    1.0831
    1.1025   0.86537
    3    1 1.7749400000000D+04 1.0266266990000D+13
   0.85871    1.0048   0.99472   0.99701    1.0104    1.0297    1.0537    1.0831
    1.1025   0.86537
    9    0 1.7749400000000D+04 2.8920000000000D+02
   10    0 1.7749400000000D+04 1.5789285714286D+01
*---+----+-------------------+-------------------+---------+---------------------
*   1: printout of the result at time [hours]
*---+----+-------------------+-------------------+---------+---------------------
    1    0 1.7751400000000D+04
*---+----+-------------------+-------------------+---------+---------------------
    2    1 1.7751400000000D+04 2.2206600000000D+01
   0.50021   0.78369   0.93688    1.0551    1.1479    1.2146    1.2537    1.2378
    1.1354   0.73465
    3    1 1.7751400000000D+04 1.0106223660000D+13
   0.50021   0.78369   0.93688    1.0551    1.1479    1.2146    1.2537    1.2378
    1.1354   0.73465
    9    0 1.7751400000000D+04 2.9290000000000D+02
   10    0 1.7751400000000D+04 1.5789285714286D+01
*---+----+-------------------+-------------------+---------+---------------------
*   1: printout of the result at time [hours]
*---+----+-------------------+-------------------+---------+---------------------
    1    0 1.7894400000000D+04
*---+----+-------------------+-------------------+---------+---------------------
    2    1 1.7894400000000D+04 2.2454200000000D+01
    0.6385   0.92375    1.0251    1.0834    1.1218     1.146    1.1588    1.1392
     1.057    0.7065
    3    1 1.7894400000000D+04 1.0185225120000D+13
    0.6385   0.92375    1.0251    1.0834    1.1218     1.146    1.1588    1.1392
     1.057    0.7065
    9    0 1.7894400000000D+04 2.9290000000000D+02
   10    0 1.7894400000000D+04 1.5789285714286D+01
*---+----+-------------------+-------------------+---------+---------------------
*   1: printout of the result at time [hours]
*---+----+-------------------+-------------------+---------+---------------------
    1    0 2.1350400000000D+04
*---+----+-------------------+-------------------+---------+---------------------
    2    1 2.1350400000000D+04 2.2059100000000D+01
   0.79264    1.0167    1.0433    1.0498    1.0562     1.065    1.0759    1.0888
    1.0518   0.75964
    3    1 2.1350400000000D+04 1.0014831400000D+13
   0.79264    1.0167    1.0433    1.0498    1.0562     1.065    1.0759    1.0888
    1.0518   0.75964
    9    0 2.1350400000000D+04 2.9290000000000D+02
   10    0 2.1350400000000D+04 1.5789285714286D+01
*---+----+-------------------+-------------------+---------+---------------------
*   1: printout of the result at time [hours]
*---+----+-------------------+-------------------+---------+---------------------
    1    0 2.5147200000000D+04
*---+----+-------------------+-------------------+---------+---------------------
    2    1 2.5147200000000D+04 2.1211100000000D+01
   0.91688    1.0456    1.0273    1.0155    1.0142    1.0194    1.0302    1.0466
    1.0525   0.83173
    3    1 2.5147200000000D+04 9.6446871700000D+12
   0.91688    1.0456    1.0273    1.0155    1.0142    1.0194    1.0302    1.0466
    1.0525   0.83173
    9    0 2.5147200000000D+04 2.9290000000000D+02
   10    0 2.5147200000000D+04 1.5789285714286D+01
*---+----+-------------------+-------------------+---------+---------------------
*   1: printout of the result at time [hours]
*---+----+-------------------+-------------------+---------+---------------------
    1    0 2.5724600000000D+04
*---+----+-------------------+-------------------+---------+---------------------
    2    1 2.5724600000000D+04 1.9717600000000D+01
   0.85132   0.96878   0.96442   0.97324    0.9949    1.0238    1.0589    1.1015
    1.1412   0.92202
    3    1 2.5724600000000D+04 8.8394000800000D+12
   0.85132   0.96878   0.96442   0.97324    0.9949    1.0238    1.0589    1.1015
    1.1412   0.92202
    9    0 2.5724600000000D+04 2.8810000000000D+02
   10    0 2.5724600000000D+04 1.5789285714286D+01
*---+----+-------------------+-------------------+---------+---------------------
*   1: printout of the result at time [hours]
*---+----+-------------------+-------------------+---------+---------------------
    1    0 2.5726600000000D+04
*---+----+-------------------+-------------------+---------+---------------------
    2    1 2.5726600000000D+04 4.9029000000000D+00
   0.50521   0.77403   0.92843    1.0431    1.1304    1.1938    1.2317    1.2342
    1.1632   0.79606
    3    1 2.5726600000000D+04 2.3661395400000D+12
   0.50521   0.77403   0.92843    1.0431    1.1304    1.1938    1.2317    1.2342
    1.1632   0.79606
    9    0 2.5726600000000D+04 2.9480000000000D+02
   10    0 2.5726600000000D+04 1.5789285714286D+01
*---+----+-------------------+-------------------+---------+---------------------
*   1: printout of the result at time [hours]
*---+----+-------------------+-------------------+---------+---------------------
    1    0 2.5888800000000D+04
*---+----+-------------------+-------------------+---------+---------------------
    2    1 2.5888800000000D+04 5.1823000000000D+00
   0.66322    0.9326     1.031    1.0793    1.1053    1.1202      1.13    1.1184
    1.0652   0.75488
    3    1 2.5888800000000D+04 2.4688477200000D+12
   0.66322    0.9326     1.031    1.0793    1.1053    1.1202      1.13    1.1184
    1.0652   0.75488
    9    0 2.5888800000000D+04 2.9480000000000D+02
   10    0 2.5888800000000D+04 1.5789285714286D+01
*---+----+-------------------+-------------------+---------+---------------------
*   1: printout of the result at time [hours]
*---+----+-------------------+-------------------+---------+---------------------
    1    0 2.6815200000000D+04
*---+----+-------------------+-------------------+---------+---------------------
    2    1 2.6815200000000D+04 5.2454000000000D+00
   0.69223   0.95512    1.0394    1.0766    1.0954    1.1063    1.1153    1.1055
    1.0573   0.75685
    3    1 2.6815200000000D+04 2.4789760400000D+12
   0.69223   0.95512    1.0394    1.0766    1.0954    1.1063    1.1153    1.1055
    1.0573   0.75685
    9    0 2.6815200000000D+04 2.9480000000000D+02
   10    0 2.6815200000000D+04 1.5789285714286D+01
*---+----+-------------------+-------------------+---------+---------------------
*   1: printout of the result at time [hours]
*---+----+-------------------+-------------------+---------+---------------------
    1    0 2.6817600000000D+04
*---+----+-------------------+-------------------+---------+---------------------
    2    1 2.6817600000000D+04 5.6893000000000D+00
   0.70729   0.96901    1.0483    1.0803    1.0945    1.1029    1.1033    1.0954
    1.0476   0.75141
    3    1 2.6817600000000D+04 2.6705574200000D+12
   0.70729   0.96901    1.0483    1.0803    1.0945    1.1029    1.1033    1.0954
    1.0476   0.75141
    9    0 2.6817600000000D+04 2.9060000000000D+02
   10    0 2.6817600000000D+04 1.5789285714286D+01
*---+----+-------------------+-------------------+---------+---------------------
*   1: printout of the result at time [hours]
*---+----+-------------------+-------------------+---------+---------------------
    1    0 2.9594400000000D+04
*---+----+-------------------+-------------------+---------+---------------------
    2    1 2.9594400000000D+04 5.8894000000000D+00
   0.79923    1.0235    1.0589    1.0633    1.0626    1.0622    1.0629    1.0616
     1.033   0.77274
    3    1 2.9594400000000D+04 2.7103018800000D+12
   0.79923    1.0235    1.0589    1.0633    1.0626    1.0622    1.0629    1.0616
     1.033   0.77274
    9    0 2.9594400000000D+04 2.9060000000000D+02
   10    0 2.9594400000000D+04 1.5789285714286D+01
*---+----+-------------------+-------------------+---------+---------------------
*   1: printout of the result at time [hours]
*---+----+-------------------+-------------------+---------+---------------------
    1    0 3.1278200000000D+04
*---+----+-------------------+-------------------+---------+---------------------
    2    1 3.1278200000000D+04 5.9657000000000D+00
   0.82807    1.0361    1.0629    1.0629    1.0587    1.0549    1.0518    1.0478
    1.0202   0.77661
    3    1 3.1278200000000D+04 2.7197626300000D+12
   0.82807    1.0361    1.0629    1.0629    1.0587    1.0549    1.0518    1.0478
    1.0202   0.77661
    9    0 3.1278200000000D+04 2.9060000000000D+02
   10    0 3.1278200000000D+04 1.5789285714286D+01
*---+----+-------------------+-------------------+---------+---------------------
*   1: printout of the result at time [hours]
*---+----+-------------------+-------------------+---------+---------------------
    1    0 3.1280200000000D+04
*---+----+-------------------+-------------------+---------+---------------------
    2    1 3.1280200000000D+04 3.6588000000000D+00
   0.52012   0.71034    0.8429   0.96316    1.0684    1.1553    1.2195    1.2602
    1.2518    1.0083
    3    1 3.1280200000000D+04 1.8583045200000D+12
   0.52012   0.71034    0.8429   0.96316    1.0684    1.1553    1.2195    1.2602
    1.2518    1.0083
    9    0 3.1280200000000D+04 2.9290000000000D+02
   10    0 3.1280200000000D+04 1.5789285714286D+01
*---+----+-------------------+-------------------+---------+---------------------
*   1: printout of the result at time [hours]
*---+----+-------------------+-------------------+---------+---------------------
    1    0 3.1423200000000D+04
*---+----+-------------------+-------------------+---------+---------------------
    2    1 3.1423200000000D+04 3.9197000000000D+00
   0.70567    0.8891   0.96946    1.0246    1.0633    1.0906    1.1085     1.122
    1.1113   0.91538
    3    1 3.1423200000000D+04 1.9594580300000D+12
   0.70567    0.8891   0.96946    1.0246    1.0633    1.0906    1.1085     1.122
    1.1113   0.91538
    9    0 3.1423200000000D+04 2.9290000000000D+02
   10    0 3.1423200000000D+04 1.5789285714286D+01
*---+----+-------------------+-------------------+---------+---------------------
*   1: printout of the result at time [hours]
*---+----+-------------------+-------------------+---------+---------------------
    1    0 3.4879200000000D+04
*---+----+-------------------+-------------------+---------+---------------------
    2    1 3.4879200000000D+04 4.6354000000000D+00
   0.81956   0.98762    1.0262    1.0413    1.0489    1.0543    1.0623    1.0577
    1.0439   0.85818
    3    1 3.4879200000000D+04 2.2504867000000D+12
   0.81956   0.98762    1.0262    1.0413    1.0489    1.0543    1.0623    1.0577
    1.0439   0.85818
    9    0 3.4879200000000D+04 2.9290000000000D+02
   10    0 3.4879200000000D+04 1.5789285714286D+01
*---+----+-------------------+-------------------+---------+---------------------
*   1: printout of the result at time [hours]
*---+----+-------------------+-------------------+---------+---------------------
    1    0 3.6679200000000D+04
*---+----+-------------------+-------------------+---------+---------------------
    2    1 3.6679200000000D+04 4.9815000000000D+00
   0.84312     1.016    1.0537    1.0617    1.0599    1.0551    1.0483    1.0358
    1.0063   0.82003
    3    1 3.6679200000000D+04 2.3896255500000D+12
   0.84312     1.016    1.0537    1.0617    1.0599    1.0551    1.0483    1.0358
    1.0063   0.82003
    9    0 3.6679200000000D+04 2.9290000000000D+02
   10    0 3.6679200000000D+04 1.5789285714286D+01
*---+----+-------------------+-------------------+---------+---------------------
*   1: printout of the result at time [hours]
*---+----+-------------------+-------------------+---------+---------------------
    1    0 4.1073600000000D+04
*---+----+-------------------+-------------------+---------+---------------------
    2    1 4.1073600000000D+04 6.4007000000000D+00
   0.94287    1.0385    1.0058   0.98708   0.98692    0.9977     1.018    1.0483
     1.068   0.90678
    3    1 4.1073600000000D+04 2.9577634700000D+12
   0.94287    1.0385    1.0058   0.98708   0.98692    0.9977     1.018    1.0483
     1.068   0.90678
    9    0 4.1073600000000D+04 2.9290000000000D+02
   10    0 4.1073600000000D+04 1.5789285714286D+01
*---+----+-------------------+-------------------+---------+---------------------
*   1: printout of the result at time [hours]
*---+----+-------------------+-------------------+---------+---------------------
    1    0 4.1361600000000D+04
*---+----+-------------------+-------------------+---------+---------------------
    2    1 4.1361600000000D+04 6.1626000000000D+00
    0.8894   0.98027   0.95934   0.95755   0.97475    1.0027    1.0401    1.0892
    1.1343   0.97248
    3    1 4.1361600000000D+04 2.8193895000000D+12
    0.8894   0.98027   0.95934   0.95755   0.97475    1.0027    1.0401    1.0892
    1.1343   0.97248
    9    0 4.1361600000000D+04 2.8960000000000D+02
   10    0 4.1361600000000D+04 1.5789285714286D+01
* data point #549 end
*  00:  last line of data set (finishing the program)
*---+----+-------------------+-------------------+---------+---------------------
00000    0 4.1361600000000D+04
*---+----+-------------------+-------------------+---------+---------------------
