* data point #061 begin
*
*---+----+-------------------+-------------------+---------+---------------------
*   1: printout of the result at time [hours]
*---+----+-------------------+-------------------+---------+---------------------
    1    0 0.0000000000000D+00
*---+----+-------------------+-------------------+---------+---------------------
    2    1 0.0000000000000D+00 2.9845000000000D+01
   0.44279   0.66001    0.7996   0.93346    1.0632    1.1807    1.2769    1.3389
    1.3277   0.97675
    3    1 0.0000000000000D+00 1.0084625500000D+13
   0.44279   0.66001    0.7996   0.93346    1.0632    1.1807    1.2769    1.3389
    1.3277   0.97675
    9    0 0.0000000000000D+00 2.9060000000000D+02
   10    0 0.0000000000000D+00 1.5760000000000D+01
*---+----+-------------------+-------------------+---------+---------------------
*   1: printout of the result at time [hours]
*---+----+-------------------+-------------------+---------+---------------------
    1    0 1.5120000000000D+02
*---+----+-------------------+-------------------+---------+---------------------
    2    1 1.5120000000000D+02 3.0033400000000D+01
   0.64125   0.87672   0.96456    1.0251    1.0749    1.1156    1.1466    1.1698
    1.1374   0.84802
    3    1 1.5120000000000D+02 1.0193335960000D+13
   0.64125   0.87672   0.96456    1.0251    1.0749    1.1156    1.1466    1.1698
    1.1374   0.84802
    9    0 1.5120000000000D+02 2.9060000000000D+02
   10    0 1.5120000000000D+02 1.5760000000000D+01
*---+----+-------------------+-------------------+---------+---------------------
*   1: printout of the result at time [hours]
*---+----+-------------------+-------------------+---------+---------------------
    1    0 6.8208000000000D+03
*---+----+-------------------+-------------------+---------+---------------------
    2    1 6.8208000000000D+03 3.1270600000000D+01
   0.84751    1.1199    1.1199    1.0944    1.0708    1.0503    1.0327    1.0147
   0.96464   0.68505
    3    1 6.8208000000000D+03 1.1373117220000D+13
   0.84751    1.1199    1.1199    1.0944    1.0708    1.0503    1.0327    1.0147
   0.96464   0.68505
    9    0 6.8208000000000D+03 2.9060000000000D+02
   10    0 6.8208000000000D+03 1.5760000000000D+01
*---+----+-------------------+-------------------+---------+---------------------
*   1: printout of the result at time [hours]
*---+----+-------------------+-------------------+---------+---------------------
    1    0 1.0098200000000D+04
*---+----+-------------------+-------------------+---------+---------------------
    2    1 1.0098200000000D+04 2.9596300000000D+01
   0.94198    1.1111    1.0649    1.0347    1.0186    1.0091    1.0058    1.0118
    1.0114   0.79047
    3    1 1.0098200000000D+04 1.1003904340000D+13
   0.94198    1.1111    1.0649    1.0347    1.0186    1.0091    1.0058    1.0118
    1.0114   0.79047
    9    0 1.0098200000000D+04 2.9060000000000D+02
   10    0 1.0098200000000D+04 1.5760000000000D+01
*---+----+-------------------+-------------------+---------+---------------------
*   1: printout of the result at time [hours]
*---+----+-------------------+-------------------+---------+---------------------
    1    0 1.0100200000000D+04
*---+----+-------------------+-------------------+---------+---------------------
    2    1 1.0100200000000D+04 2.7499200000000D+01
   0.49391   0.76777    0.9137    1.0325    1.1293    1.2019    1.2459    1.2512
    1.1847   0.77904
    3    1 1.0100200000000D+04 1.1170175040000D+13
   0.49391   0.76777    0.9137    1.0325    1.1293    1.2019    1.2459    1.2512
    1.1847   0.77904
    9    0 1.0100200000000D+04 2.9290000000000D+02
   10    0 1.0100200000000D+04 1.5760000000000D+01
*---+----+-------------------+-------------------+---------+---------------------
*   1: printout of the result at time [hours]
*---+----+-------------------+-------------------+---------+---------------------
    1    0 1.0243200000000D+04
*---+----+-------------------+-------------------+---------+---------------------
    2    1 1.0243200000000D+04 2.7432000000000D+01
   0.66842    0.9587     1.048    1.0945    1.1193    1.1308    1.1272    1.1077
    1.0447   0.70064
    3    1 1.0243200000000D+04 1.1131905600000D+13
   0.66842    0.9587     1.048    1.0945    1.1193    1.1308    1.1272    1.1077
    1.0447   0.70064
    9    0 1.0243200000000D+04 2.9290000000000D+02
   10    0 1.0243200000000D+04 1.5760000000000D+01
*---+----+-------------------+-------------------+---------+---------------------
*   1: printout of the result at time [hours]
*---+----+-------------------+-------------------+---------+---------------------
    1    0 1.3699200000000D+04
*---+----+-------------------+-------------------+---------+---------------------
    2    1 1.3699200000000D+04 2.6587300000000D+01
    0.7935    1.0579    1.0944    1.0962    1.0894    1.0799    1.0678    1.0474
    0.9898   0.68379
    3    1 1.3699200000000D+04 1.1068292990000D+13
    0.7935    1.0579    1.0944    1.0962    1.0894    1.0799    1.0678    1.0474
    0.9898   0.68379
    9    0 1.3699200000000D+04 2.9290000000000D+02
   10    0 1.3699200000000D+04 1.5760000000000D+01
*---+----+-------------------+-------------------+---------+---------------------
*   1: printout of the result at time [hours]
*---+----+-------------------+-------------------+---------+---------------------
    1    0 1.5499200000000D+04
*---+----+-------------------+-------------------+---------+---------------------
    2    1 1.5499200000000D+04 2.6119600000000D+01
   0.81839    1.0804    1.1189    1.1073    1.0924    1.0747    1.0545    1.0261
   0.96054   0.66663
    3    1 1.5499200000000D+04 1.1009411400000D+13
   0.81839    1.0804    1.1189    1.1073    1.0924    1.0747    1.0545    1.0261
   0.96054   0.66663
    9    0 1.5499200000000D+04 2.9290000000000D+02
   10    0 1.5499200000000D+04 1.5760000000000D+01
*---+----+-------------------+-------------------+---------+---------------------
*   1: printout of the result at time [hours]
*---+----+-------------------+-------------------+---------+---------------------
    1    0 1.9893600000000D+04
*---+----+-------------------+-------------------+---------+---------------------
    2    1 1.9893600000000D+04 2.5023100000000D+01
   0.95208    1.0734    1.0324    1.0095    1.0042    1.0088    1.0216    1.0427
    1.0454   0.80985
    3    1 1.9893600000000D+04 1.0702379870000D+13
   0.95208    1.0734    1.0324    1.0095    1.0042    1.0088    1.0216    1.0427
    1.0454   0.80985
    9    0 1.9893600000000D+04 2.9290000000000D+02
   10    0 1.9893600000000D+04 1.5760000000000D+01
*---+----+-------------------+-------------------+---------+---------------------
*   1: printout of the result at time [hours]
*---+----+-------------------+-------------------+---------+---------------------
    1    0 2.0181600000000D+04
*---+----+-------------------+-------------------+---------+---------------------
    2    1 2.0181600000000D+04 2.3962700000000D+01
   0.89456    1.0097   0.98361   0.97944   0.99313     1.016     1.047     1.087
    1.1135   0.87615
    3    1 2.0181600000000D+04 1.0155392260000D+13
   0.89456    1.0097   0.98361   0.97944   0.99313     1.016     1.047     1.087
    1.1135   0.87615
    9    0 2.0181600000000D+04 2.8960000000000D+02
   10    0 2.0181600000000D+04 1.5760000000000D+01
* data point #061 end
*  00:  last line of data set (finishing the program)
*---+----+-------------------+-------------------+---------+---------------------
00000    0 2.0181600000000D+04
*---+----+-------------------+-------------------+---------+---------------------
