* data point #753 begin
*
*---+----+-------------------+-------------------+---------+---------------------
*   1: printout of the result at time [hours]
*---+----+-------------------+-------------------+---------+---------------------
    1    0 0.0000000000000D+00
*---+----+-------------------+-------------------+---------+---------------------
    2    1 0.0000000000000D+00 2.3074100000000D+01
   0.45051   0.70945   0.87033    1.0049    1.1229    1.2189     1.284     1.308
    1.2179   0.81321
    3    1 0.0000000000000D+00 7.9651793200000D+12
   0.45051   0.70945   0.87033    1.0049    1.1229    1.2189     1.284     1.308
    1.2179   0.81321
    9    0 0.0000000000000D+00 2.9060000000000D+02
   10    0 0.0000000000000D+00 1.5760000000000D+01
*---+----+-------------------+-------------------+---------+---------------------
*   1: printout of the result at time [hours]
*---+----+-------------------+-------------------+---------+---------------------
    1    0 1.5120000000000D+02
*---+----+-------------------+-------------------+---------+---------------------
    2    1 1.5120000000000D+02 2.2970400000000D+01
   0.64418   0.92262    1.0255      1.08    1.1155    1.1381    1.1509    1.1349
    1.0608   0.72759
    3    1 1.5120000000000D+02 7.9385702400000D+12
   0.64418   0.92262    1.0255      1.08    1.1155    1.1381    1.1509    1.1349
    1.0608   0.72759
    9    0 1.5120000000000D+02 2.9060000000000D+02
   10    0 1.5120000000000D+02 1.5760000000000D+01
*---+----+-------------------+-------------------+---------+---------------------
*   1: printout of the result at time [hours]
*---+----+-------------------+-------------------+---------+---------------------
    1    0 6.8208000000000D+03
*---+----+-------------------+-------------------+---------+---------------------
    2    1 6.8208000000000D+03 2.4623200000000D+01
   0.84205     1.127    1.1348    1.1073    1.0798    1.0554    1.0338    1.0109
   0.95073   0.65812
    3    1 6.8208000000000D+03 8.6772156800000D+12
   0.84205     1.127    1.1348    1.1073    1.0798    1.0554    1.0338    1.0109
   0.95073   0.65812
    9    0 6.8208000000000D+03 2.9060000000000D+02
   10    0 6.8208000000000D+03 1.5760000000000D+01
*---+----+-------------------+-------------------+---------+---------------------
*   1: printout of the result at time [hours]
*---+----+-------------------+-------------------+---------+---------------------
    1    0 1.0098200000000D+04
*---+----+-------------------+-------------------+---------+---------------------
    2    1 1.0098200000000D+04 2.5337200000000D+01
   0.92923    1.1371    1.0773     1.044    1.0258    1.0146    1.0096    1.0141
    1.0053   0.74286
    3    1 1.0098200000000D+04 8.9871048400000D+12
   0.92923    1.1371    1.0773     1.044    1.0258    1.0146    1.0096    1.0141
    1.0053   0.74286
    9    0 1.0098200000000D+04 2.9060000000000D+02
   10    0 1.0098200000000D+04 1.5760000000000D+01
*---+----+-------------------+-------------------+---------+---------------------
*   1: printout of the result at time [hours]
*---+----+-------------------+-------------------+---------+---------------------
    1    0 1.0100200000000D+04
*---+----+-------------------+-------------------+---------+---------------------
    2    1 1.0100200000000D+04 2.7623300000000D+01
   0.46595   0.72652   0.86351   0.98634    1.0957    1.1868    1.2541    1.2959
    1.2581    0.8672
    3    1 1.0100200000000D+04 1.0828333600000D+13
   0.46595   0.72652   0.86351   0.98634    1.0957    1.1868    1.2541    1.2959
    1.2581    0.8672
    9    0 1.0100200000000D+04 2.9290000000000D+02
   10    0 1.0100200000000D+04 1.5760000000000D+01
*---+----+-------------------+-------------------+---------+---------------------
*   1: printout of the result at time [hours]
*---+----+-------------------+-------------------+---------+---------------------
    1    0 1.0243200000000D+04
*---+----+-------------------+-------------------+---------+---------------------
    2    1 1.0243200000000D+04 2.7746900000000D+01
    0.6378   0.92032    1.0059    1.0605    1.0986    1.1242    1.1427     1.139
    1.1007   0.77032
    3    1 1.0243200000000D+04 1.0862911350000D+13
    0.6378   0.92032    1.0059    1.0605    1.0986    1.1242    1.1427     1.139
    1.1007   0.77032
    9    0 1.0243200000000D+04 2.9290000000000D+02
   10    0 1.0243200000000D+04 1.5760000000000D+01
*---+----+-------------------+-------------------+---------+---------------------
*   1: printout of the result at time [hours]
*---+----+-------------------+-------------------+---------+---------------------
    1    0 1.3699200000000D+04
*---+----+-------------------+-------------------+---------+---------------------
    2    1 1.3699200000000D+04 2.6065700000000D+01
   0.77734    1.0319    1.0632    1.0702    1.0719    1.0721    1.0707    1.0645
    1.0297   0.74849
    3    1 1.3699200000000D+04 1.0444525990000D+13
   0.77734    1.0319    1.0632    1.0702    1.0719    1.0721    1.0707    1.0645
    1.0297   0.74849
    9    0 1.3699200000000D+04 2.9290000000000D+02
   10    0 1.3699200000000D+04 1.5760000000000D+01
*---+----+-------------------+-------------------+---------+---------------------
*   1: printout of the result at time [hours]
*---+----+-------------------+-------------------+---------+---------------------
    1    0 1.5499200000000D+04
*---+----+-------------------+-------------------+---------+---------------------
    2    1 1.5499200000000D+04 2.5004100000000D+01
   0.81179    1.0546    1.0791    1.0784     1.072    1.0642    1.0554    1.0423
    1.0027   0.73956
    3    1 1.5499200000000D+04 1.0129160910000D+13
   0.81179    1.0546    1.0791    1.0784     1.072    1.0642    1.0554    1.0423
    1.0027   0.73956
    9    0 1.5499200000000D+04 2.9290000000000D+02
   10    0 1.5499200000000D+04 1.5760000000000D+01
*---+----+-------------------+-------------------+---------+---------------------
*   1: printout of the result at time [hours]
*---+----+-------------------+-------------------+---------+---------------------
    1    0 1.9893600000000D+04
*---+----+-------------------+-------------------+---------+---------------------
    2    1 1.9893600000000D+04 2.4109300000000D+01
   0.96747     1.073    1.0247   0.99937   0.99119   0.99252    1.0028    1.0252
    1.0485   0.87522
    3    1 1.9893600000000D+04 9.8944567200000D+12
   0.96747     1.073    1.0247   0.99937   0.99119   0.99252    1.0028    1.0252
    1.0485   0.87522
    9    0 1.9893600000000D+04 2.9290000000000D+02
   10    0 1.9893600000000D+04 1.5760000000000D+01
*---+----+-------------------+-------------------+---------+---------------------
*   1: printout of the result at time [hours]
*---+----+-------------------+-------------------+---------+---------------------
    1    0 2.0181600000000D+04
*---+----+-------------------+-------------------+---------+---------------------
    2    1 2.0181600000000D+04 2.2968500000000D+01
   0.91046    1.0109   0.97725   0.96976   0.97956   0.99832    1.0256     1.066
    1.1186   0.94351
    3    1 2.0181600000000D+04 9.3343984000000D+12
   0.91046    1.0109   0.97725   0.96976   0.97956   0.99832    1.0256     1.066
    1.1186   0.94351
    9    0 2.0181600000000D+04 2.8960000000000D+02
   10    0 2.0181600000000D+04 1.5760000000000D+01
* data point #753 end
*  00:  last line of data set (finishing the program)
*---+----+-------------------+-------------------+---------+---------------------
00000    0 2.0181600000000D+04
*---+----+-------------------+-------------------+---------+---------------------
