* data point #763 begin
*
*---+----+-------------------+-------------------+---------+---------------------
*   1: printout of the result at time [hours]
*---+----+-------------------+-------------------+---------+---------------------
    1    0 0.0000000000000D+00
*---+----+-------------------+-------------------+---------+---------------------
    2    1 0.0000000000000D+00 3.0807400000000D+01
   0.59518    0.8867    1.0396    1.1333     1.185    1.2116    1.1779     1.115
   0.99317   0.66263
    3    1 0.0000000000000D+00 1.0890415900000D+13
   0.59518    0.8867    1.0396    1.1333     1.185    1.2116    1.1779     1.115
   0.99317   0.66263
    9    0 0.0000000000000D+00 2.9290000000000D+02
   10    0 0.0000000000000D+00 1.5780769230769D+01
*---+----+-------------------+-------------------+---------+---------------------
*   1: printout of the result at time [hours]
*---+----+-------------------+-------------------+---------+---------------------
    1    0 1.4400000000000D+02
*---+----+-------------------+-------------------+---------+---------------------
    2    1 1.4400000000000D+02 3.0398700000000D+01
   0.74549    1.0247    1.1143    1.1422    1.1412    1.1223    1.0878     1.033
   0.93823   0.65075
    3    1 1.4400000000000D+02 1.0782418890000D+13
   0.74549    1.0247    1.1143    1.1422    1.1412    1.1223    1.0878     1.033
   0.93823   0.65075
    9    0 1.4400000000000D+02 2.9290000000000D+02
   10    0 1.4400000000000D+02 1.5780769230769D+01
*---+----+-------------------+-------------------+---------+---------------------
*   1: printout of the result at time [hours]
*---+----+-------------------+-------------------+---------+---------------------
    1    0 3.6000000000000D+03
*---+----+-------------------+-------------------+---------+---------------------
    2    1 3.6000000000000D+03 3.1641200000000D+01
   0.86327     1.119    1.1313    1.1062    1.0791    1.0547     1.032    1.0049
   0.94266   0.66688
    3    1 3.6000000000000D+03 1.1526889160000D+13
   0.86327     1.119    1.1313    1.1062    1.0791    1.0547     1.032    1.0049
   0.94266   0.66688
    9    0 3.6000000000000D+03 2.9290000000000D+02
   10    0 3.6000000000000D+03 1.5780769230769D+01
*---+----+-------------------+-------------------+---------+---------------------
*   1: printout of the result at time [hours]
*---+----+-------------------+-------------------+---------+---------------------
    1    0 6.7920000000000D+03
*---+----+-------------------+-------------------+---------+---------------------
    2    1 6.7920000000000D+03 3.3172400000000D+01
      0.91    1.1775    1.1493    1.1066    1.0692    1.0362    1.0065   0.97717
   0.91736   0.65021
    3    1 6.7920000000000D+03 1.2247250080000D+13
      0.91    1.1775    1.1493    1.1066    1.0692    1.0362    1.0065   0.97717
   0.91736   0.65021
    9    0 6.7920000000000D+03 2.9290000000000D+02
   10    0 6.7920000000000D+03 1.5780769230769D+01
*---+----+-------------------+-------------------+---------+---------------------
*   1: printout of the result at time [hours]
*---+----+-------------------+-------------------+---------+---------------------
    1    0 7.2878000000000D+03
*---+----+-------------------+-------------------+---------+---------------------
    2    1 7.2878000000000D+03 3.1789800000000D+01
    0.8425    1.0909    1.0774    1.0635    1.0584    1.0557    1.0524    1.0445
   0.99944   0.71529
    3    1 7.2878000000000D+03 1.1638245780000D+13
    0.8425    1.0909    1.0774    1.0635    1.0584    1.0557    1.0524    1.0445
   0.99944   0.71529
    9    0 7.2878000000000D+03 2.8920000000000D+02
   10    0 7.2878000000000D+03 1.5780769230769D+01
*---+----+-------------------+-------------------+---------+---------------------
*   1: printout of the result at time [hours]
*---+----+-------------------+-------------------+---------+---------------------
    1    0 7.2898000000000D+03
*---+----+-------------------+-------------------+---------+---------------------
    2    1 7.2898000000000D+03 2.5927700000000D+01
   0.46367   0.74638   0.89684     1.025     1.135     1.221    1.2744    1.2782
     1.185   0.77462
    3    1 7.2898000000000D+03 1.0096246380000D+13
   0.46367   0.74638   0.89684     1.025     1.135     1.221    1.2744    1.2782
     1.185   0.77462
    9    0 7.2898000000000D+03 2.9290000000000D+02
   10    0 7.2898000000000D+03 1.5780769230769D+01
*---+----+-------------------+-------------------+---------+---------------------
*   1: printout of the result at time [hours]
*---+----+-------------------+-------------------+---------+---------------------
    1    0 7.4328000000000D+03
*---+----+-------------------+-------------------+---------+---------------------
    2    1 7.4328000000000D+03 2.6730300000000D+01
    0.6043    0.8989   0.99902    1.0659    1.1166    1.1534    1.1778    1.1664
    1.0879   0.72985
    3    1 7.4328000000000D+03 1.0430163060000D+13
    0.6043    0.8989   0.99902    1.0659    1.1166    1.1534    1.1778    1.1664
    1.0879   0.72985
    9    0 7.4328000000000D+03 2.9290000000000D+02
   10    0 7.4328000000000D+03 1.5780769230769D+01
*---+----+-------------------+-------------------+---------+---------------------
*   1: printout of the result at time [hours]
*---+----+-------------------+-------------------+---------+---------------------
    1    0 1.0888800000000D+04
*---+----+-------------------+-------------------+---------+---------------------
    2    1 1.0888800000000D+04 2.6417000000000D+01
   0.77325    1.0186    1.0404    1.0467    1.0545    1.0651    1.0781    1.0949
    1.0643   0.76417
    3    1 1.0888800000000D+04 1.0447923500000D+13
   0.77325    1.0186    1.0404    1.0467    1.0545    1.0651    1.0781    1.0949
    1.0643   0.76417
    9    0 1.0888800000000D+04 2.9290000000000D+02
   10    0 1.0888800000000D+04 1.5780769230769D+01
*---+----+-------------------+-------------------+---------+---------------------
*   1: printout of the result at time [hours]
*---+----+-------------------+-------------------+---------+---------------------
    1    0 1.4685600000000D+04
*---+----+-------------------+-------------------+---------+---------------------
    2    1 1.4685600000000D+04 2.5296800000000D+01
    0.9028      1.07    1.0353     1.019    1.0145    1.0168    1.0255    1.0419
    1.0479   0.82623
    3    1 1.4685600000000D+04 1.0116190320000D+13
    0.9028      1.07    1.0353     1.019    1.0145    1.0168    1.0255    1.0419
    1.0479   0.82623
    9    0 1.4685600000000D+04 2.9290000000000D+02
   10    0 1.4685600000000D+04 1.5780769230769D+01
*---+----+-------------------+-------------------+---------+---------------------
*   1: printout of the result at time [hours]
*---+----+-------------------+-------------------+---------+---------------------
    1    0 1.5263000000000D+04
*---+----+-------------------+-------------------+---------+---------------------
    2    1 1.5263000000000D+04 2.3362300000000D+01
   0.83887   0.98372   0.97242   0.97717   0.99566    1.0215    1.0543    1.0968
    1.1409   0.91875
    3    1 1.5263000000000D+04 9.2187635800000D+12
   0.83887   0.98372   0.97242   0.97717   0.99566    1.0215    1.0543    1.0968
    1.1409   0.91875
    9    0 1.5263000000000D+04 2.8810000000000D+02
   10    0 1.5263000000000D+04 1.5780769230769D+01
*---+----+-------------------+-------------------+---------+---------------------
*   1: printout of the result at time [hours]
*---+----+-------------------+-------------------+---------+---------------------
    1    0 1.5265000000000D+04
*---+----+-------------------+-------------------+---------+---------------------
    2    1 1.5265000000000D+04 2.8448300000000D+01
   0.53926   0.79189   0.90933    1.0171    1.1166    1.1976    1.2505    1.2688
     1.181   0.72799
    3    1 1.5265000000000D+04 1.2178717230000D+13
   0.53926   0.79189   0.90933    1.0171    1.1166    1.1976    1.2505    1.2688
     1.181   0.72799
    9    0 1.5265000000000D+04 2.9290000000000D+02
   10    0 1.5265000000000D+04 1.5780769230769D+01
*---+----+-------------------+-------------------+---------+---------------------
*   1: printout of the result at time [hours]
*---+----+-------------------+-------------------+---------+---------------------
    1    0 1.5408000000000D+04
*---+----+-------------------+-------------------+---------+---------------------
    2    1 1.5408000000000D+04 2.8346600000000D+01
   0.71652   0.97239    1.0301    1.0677    1.0992    1.1226    1.1385    1.1268
    1.0574   0.66872
    3    1 1.5408000000000D+04 1.2129510140000D+13
   0.71652   0.97239    1.0301    1.0677    1.0992    1.1226    1.1385    1.1268
    1.0574   0.66872
    9    0 1.5408000000000D+04 2.9290000000000D+02
   10    0 1.5408000000000D+04 1.5780769230769D+01
*---+----+-------------------+-------------------+---------+---------------------
*   1: printout of the result at time [hours]
*---+----+-------------------+-------------------+---------+---------------------
    1    0 1.8864000000000D+04
*---+----+-------------------+-------------------+---------+---------------------
    2    1 1.8864000000000D+04 2.6639100000000D+01
   0.91583    1.0749    1.0412    1.0262     1.023    1.0268    1.0372    1.0549
    1.0523   0.74766
    3    1 1.8864000000000D+04 1.1441493450000D+13
   0.91583    1.0749    1.0412    1.0262     1.023    1.0268    1.0372    1.0549
    1.0523   0.74766
    9    0 1.8864000000000D+04 2.9290000000000D+02
   10    0 1.8864000000000D+04 1.5780769230769D+01
*---+----+-------------------+-------------------+---------+---------------------
*   1: printout of the result at time [hours]
*---+----+-------------------+-------------------+---------+---------------------
    1    0 1.9240800000000D+04
*---+----+-------------------+-------------------+---------+---------------------
    2    1 1.9240800000000D+04 2.6499400000000D+01
   0.93553    1.0818    1.0407     1.023    1.0179      1.02    1.0293    1.0472
    1.0492   0.75545
    3    1 1.9240800000000D+04 1.1389442120000D+13
   0.93553    1.0818    1.0407     1.023    1.0179      1.02    1.0293    1.0472
    1.0492   0.75545
    9    0 1.9240800000000D+04 2.9290000000000D+02
   10    0 1.9240800000000D+04 1.5780769230769D+01
*---+----+-------------------+-------------------+---------+---------------------
*   1: printout of the result at time [hours]
*---+----+-------------------+-------------------+---------+---------------------
    1    0 2.0223800000000D+04
*---+----+-------------------+-------------------+---------+---------------------
    2    1 2.0223800000000D+04 2.2597000000000D+01
   0.81498   0.92813   0.92437   0.94473   0.98102    1.0259    1.0804    1.1495
    1.2226   0.92844
    3    1 2.0223800000000D+04 9.4184296000000D+12
   0.81498   0.92813   0.92437   0.94473   0.98102    1.0259    1.0804    1.1495
    1.2226   0.92844
    9    0 2.0223800000000D+04 2.8270000000000D+02
   10    0 2.0223800000000D+04 1.5780769230769D+01
*---+----+-------------------+-------------------+---------+---------------------
*   1: printout of the result at time [hours]
*---+----+-------------------+-------------------+---------+---------------------
    1    0 2.0225800000000D+04
*---+----+-------------------+-------------------+---------+---------------------
    2    1 2.0225800000000D+04 2.0006000000000D+01
   0.48855   0.70044   0.82195   0.93672    1.0483    1.1523    1.2428    1.3091
    1.3179   0.98196
    3    1 2.0225800000000D+04 9.2147636000000D+12
   0.48855   0.70044   0.82195   0.93672    1.0483    1.1523    1.2428    1.3091
    1.3179   0.98196
    9    0 2.0225800000000D+04 2.9060000000000D+02
   10    0 2.0225800000000D+04 1.5780769230769D+01
*---+----+-------------------+-------------------+---------+---------------------
*   1: printout of the result at time [hours]
*---+----+-------------------+-------------------+---------+---------------------
    1    0 2.0376000000000D+04
*---+----+-------------------+-------------------+---------+---------------------
    2    1 2.0376000000000D+04 2.0321700000000D+01
   0.66112   0.88162   0.95765    1.0119    1.0584       1.1    1.1365     1.164
    1.1546   0.87419
    3    1 2.0376000000000D+04 9.3398533200000D+12
   0.66112   0.88162   0.95765    1.0119    1.0584       1.1    1.1365     1.164
    1.1546   0.87419
    9    0 2.0376000000000D+04 2.9060000000000D+02
   10    0 2.0376000000000D+04 1.5780769230769D+01
*---+----+-------------------+-------------------+---------+---------------------
*   1: printout of the result at time [hours]
*---+----+-------------------+-------------------+---------+---------------------
    1    0 2.4014400000000D+04
*---+----+-------------------+-------------------+---------+---------------------
    2    1 2.4014400000000D+04 2.0731500000000D+01
   0.84065    1.0247      1.03    1.0255    1.0273    1.0353    1.0492    1.0675
     1.066   0.83376
    3    1 2.4014400000000D+04 9.5717335500000D+12
   0.84065    1.0247      1.03    1.0255    1.0273    1.0353    1.0492    1.0675
     1.066   0.83376
    9    0 2.4014400000000D+04 2.9060000000000D+02
   10    0 2.4014400000000D+04 1.5780769230769D+01
*---+----+-------------------+-------------------+---------+---------------------
*   1: printout of the result at time [hours]
*---+----+-------------------+-------------------+---------+---------------------
    1    0 2.7424800000000D+04
*---+----+-------------------+-------------------+---------+---------------------
    2    1 2.7424800000000D+04 2.0894900000000D+01
   0.93463    1.0669    1.0375    1.0218    1.0145    1.0117    1.0139    1.0241
    1.0291   0.84595
    3    1 2.7424800000000D+04 9.6722492100000D+12
   0.93463    1.0669    1.0375    1.0218    1.0145    1.0117    1.0139    1.0241
    1.0291   0.84595
    9    0 2.7424800000000D+04 2.9060000000000D+02
   10    0 2.7424800000000D+04 1.5780769230769D+01
*---+----+-------------------+-------------------+---------+---------------------
*   1: printout of the result at time [hours]
*---+----+-------------------+-------------------+---------+---------------------
    1    0 2.9108600000000D+04
*---+----+-------------------+-------------------+---------+---------------------
    2    1 2.9108600000000D+04 2.0796700000000D+01
   0.99415     1.056    1.0174   0.99891   0.99309   0.99261    0.9979    1.0149
    1.0387    0.8963
    3    1 2.9108600000000D+04 9.6039160600000D+12
   0.99415     1.056    1.0174   0.99891   0.99309   0.99261    0.9979    1.0149
    1.0387    0.8963
    9    0 2.9108600000000D+04 2.9060000000000D+02
   10    0 2.9108600000000D+04 1.5780769230769D+01
*---+----+-------------------+-------------------+---------+---------------------
*   1: printout of the result at time [hours]
*---+----+-------------------+-------------------+---------+---------------------
    1    0 2.9110600000000D+04
*---+----+-------------------+-------------------+---------+---------------------
    2    1 2.9110600000000D+04 2.7083000000000D+00
   0.52616   0.71853     0.857    0.9781      1.08    1.1616    1.2188    1.2488
    1.2288   0.98217
    3    1 2.9110600000000D+04 1.3636290500000D+12
   0.52616   0.71853     0.857    0.9781      1.08    1.1616    1.2188    1.2488
    1.2288   0.98217
    9    0 2.9110600000000D+04 2.9290000000000D+02
   10    0 2.9110600000000D+04 1.5780769230769D+01
*---+----+-------------------+-------------------+---------+---------------------
*   1: printout of the result at time [hours]
*---+----+-------------------+-------------------+---------+---------------------
    1    0 2.9253600000000D+04
*---+----+-------------------+-------------------+---------+---------------------
    2    1 2.9253600000000D+04 2.8876000000000D+00
   0.71166   0.89555   0.98178    1.0368    1.0725    1.0954    1.1123    1.1068
    1.0936   0.89348
    3    1 2.9253600000000D+04 1.4241643200000D+12
   0.71166   0.89555   0.98178    1.0368    1.0725    1.0954    1.1123    1.1068
    1.0936   0.89348
    9    0 2.9253600000000D+04 2.9290000000000D+02
   10    0 2.9253600000000D+04 1.5780769230769D+01
*---+----+-------------------+-------------------+---------+---------------------
*   1: printout of the result at time [hours]
*---+----+-------------------+-------------------+---------+---------------------
    1    0 3.2709600000000D+04
*---+----+-------------------+-------------------+---------+---------------------
    2    1 3.2709600000000D+04 3.4859000000000D+00
   0.81672   0.99286    1.0416    1.0571     1.062    1.0631     1.062    1.0531
    1.0253   0.82619
    3    1 3.2709600000000D+04 1.6753235400000D+12
   0.81672   0.99286    1.0416    1.0571     1.062    1.0631     1.062    1.0531
    1.0253   0.82619
    9    0 3.2709600000000D+04 2.9290000000000D+02
   10    0 3.2709600000000D+04 1.5780769230769D+01
*---+----+-------------------+-------------------+---------+---------------------
*   1: printout of the result at time [hours]
*---+----+-------------------+-------------------+---------+---------------------
    1    0 3.4509600000000D+04
*---+----+-------------------+-------------------+---------+---------------------
    2    1 3.4509600000000D+04 3.7941000000000D+00
   0.83498    1.0224    1.0727    1.0809    1.0754    1.0653    1.0524    1.0308
   0.98416   0.78095
    3    1 3.4509600000000D+04 1.8052327800000D+12
   0.83498    1.0224    1.0727    1.0809    1.0754    1.0653    1.0524    1.0308
   0.98416   0.78095
    9    0 3.4509600000000D+04 2.9290000000000D+02
   10    0 3.4509600000000D+04 1.5780769230769D+01
*---+----+-------------------+-------------------+---------+---------------------
*   1: printout of the result at time [hours]
*---+----+-------------------+-------------------+---------+---------------------
    1    0 3.8904000000000D+04
*---+----+-------------------+-------------------+---------+---------------------
    2    1 3.8904000000000D+04 4.8861000000000D+00
   0.93142    1.0376    1.0159   0.99957   0.99977    1.0098     1.028     1.053
    1.0565   0.86838
    3    1 3.8904000000000D+04 2.2256185500000D+12
   0.93142    1.0376    1.0159   0.99957   0.99977    1.0098     1.028     1.053
    1.0565   0.86838
    9    0 3.8904000000000D+04 2.9290000000000D+02
   10    0 3.8904000000000D+04 1.5780769230769D+01
*---+----+-------------------+-------------------+---------+---------------------
*   1: printout of the result at time [hours]
*---+----+-------------------+-------------------+---------+---------------------
    1    0 3.9192000000000D+04
*---+----+-------------------+-------------------+---------+---------------------
    2    1 3.9192000000000D+04 4.6999000000000D+00
   0.87853    0.9796   0.96917   0.97023   0.98832    1.0162    1.0522     1.096
    1.1177   0.93215
    3    1 3.9192000000000D+04 2.1248247900000D+12
   0.87853    0.9796   0.96917   0.97023   0.98832    1.0162    1.0522     1.096
    1.1177   0.93215
    9    0 3.9192000000000D+04 2.8960000000000D+02
   10    0 3.9192000000000D+04 1.5780769230769D+01
* data point #763 end
*  00:  last line of data set (finishing the program)
*---+----+-------------------+-------------------+---------+---------------------
00000    0 3.9192000000000D+04
*---+----+-------------------+-------------------+---------+---------------------
