* data point #798 begin
*
*---+----+-------------------+-------------------+---------+---------------------
*   1: printout of the result at time [hours]
*---+----+-------------------+-------------------+---------+---------------------
    1    0 0.0000000000000D+00
*---+----+-------------------+-------------------+---------+---------------------
    2    1 0.0000000000000D+00 2.4596500000000D+01
   0.55337   0.86411    1.0242    1.1261    1.1908    1.2237    1.2181     1.166
     1.026   0.60761
    3    1 0.0000000000000D+00 8.2988591000000D+12
   0.55337   0.86411    1.0242    1.1261    1.1908    1.2237    1.2181     1.166
     1.026   0.60761
    9    0 0.0000000000000D+00 2.9290000000000D+02
   10    0 0.0000000000000D+00 1.5800000000000D+01
*---+----+-------------------+-------------------+---------+---------------------
*   1: printout of the result at time [hours]
*---+----+-------------------+-------------------+---------+---------------------
    1    0 1.4400000000000D+02
*---+----+-------------------+-------------------+---------+---------------------
    2    1 1.4400000000000D+02 2.4817000000000D+01
   0.69924    1.0044    1.1038    1.1399    1.1499    1.1437     1.122    1.0753
   0.96531   0.59641
    3    1 1.4400000000000D+02 8.3831826000000D+12
   0.69924    1.0044    1.1038    1.1399    1.1499    1.1437     1.122    1.0753
   0.96531   0.59641
    9    0 1.4400000000000D+02 2.9290000000000D+02
   10    0 1.4400000000000D+02 1.5800000000000D+01
*---+----+-------------------+-------------------+---------+---------------------
*   1: printout of the result at time [hours]
*---+----+-------------------+-------------------+---------+---------------------
    1    0 3.6000000000000D+03
*---+----+-------------------+-------------------+---------+---------------------
    2    1 3.6000000000000D+03 2.4760600000000D+01
   0.82829    1.0892    1.1118    1.0988    1.0835    1.0701    1.0578    1.0398
   0.97805   0.64255
    3    1 3.6000000000000D+03 8.4928858000000D+12
   0.82829    1.0892    1.1118    1.0988    1.0835    1.0701    1.0578    1.0398
   0.97805   0.64255
    9    0 3.6000000000000D+03 2.9290000000000D+02
   10    0 3.6000000000000D+03 1.5800000000000D+01
*---+----+-------------------+-------------------+---------+---------------------
*   1: printout of the result at time [hours]
*---+----+-------------------+-------------------+---------+---------------------
    1    0 7.3968000000000D+03
*---+----+-------------------+-------------------+---------+---------------------
    2    1 7.3968000000000D+03 2.5155000000000D+01
   0.89088    1.1318    1.1121    1.0817     1.059    1.0421    1.0289    1.0163
   0.97337   0.66372
    3    1 7.3968000000000D+03 8.7640020000000D+12
   0.89088    1.1318    1.1121    1.0817     1.059    1.0421    1.0289    1.0163
   0.97337   0.66372
    9    0 7.3968000000000D+03 2.9290000000000D+02
   10    0 7.3968000000000D+03 1.5800000000000D+01
*---+----+-------------------+-------------------+---------+---------------------
*   1: printout of the result at time [hours]
*---+----+-------------------+-------------------+---------+---------------------
    1    0 7.9742000000000D+03
*---+----+-------------------+-------------------+---------+---------------------
    2    1 7.9742000000000D+03 2.3839100000000D+01
    0.8205    1.0487    1.0479    1.0423    1.0464    1.0558     1.068    1.0803
    1.0581   0.73182
    3    1 7.9742000000000D+03 8.2101860400000D+12
    0.8205    1.0487    1.0479    1.0423    1.0464    1.0558     1.068    1.0803
    1.0581   0.73182
    9    0 7.9742000000000D+03 2.8810000000000D+02
   10    0 7.9742000000000D+03 1.5800000000000D+01
*---+----+-------------------+-------------------+---------+---------------------
*   1: printout of the result at time [hours]
*---+----+-------------------+-------------------+---------+---------------------
    1    0 7.9762000000000D+03
*---+----+-------------------+-------------------+---------+---------------------
    2    1 7.9762000000000D+03 3.2518700000000D+01
   0.52373   0.83158   0.96975    1.0718     1.155    1.2145    1.2466    1.2239
    1.1054   0.65771
    3    1 7.9762000000000D+03 1.2116467620000D+13
   0.52373   0.83158   0.96975    1.0718     1.155    1.2145    1.2466    1.2239
    1.1054   0.65771
    9    0 7.9762000000000D+03 2.9290000000000D+02
   10    0 7.9762000000000D+03 1.5800000000000D+01
*---+----+-------------------+-------------------+---------+---------------------
*   1: printout of the result at time [hours]
*---+----+-------------------+-------------------+---------+---------------------
    1    0 8.1192000000000D+03
*---+----+-------------------+-------------------+---------+---------------------
    2    1 8.1192000000000D+03 3.2491400000000D+01
   0.69298    1.0132    1.0886    1.1165    1.1304    1.1341    1.1255    1.0942
   0.99451    0.6101
    3    1 8.1192000000000D+03 1.2109544780000D+13
   0.69298    1.0132    1.0886    1.1165    1.1304    1.1341    1.1255    1.0942
   0.99451    0.6101
    9    0 8.1192000000000D+03 2.9290000000000D+02
   10    0 8.1192000000000D+03 1.5800000000000D+01
*---+----+-------------------+-------------------+---------+---------------------
*   1: printout of the result at time [hours]
*---+----+-------------------+-------------------+---------+---------------------
    1    0 1.1575200000000D+04
*---+----+-------------------+-------------------+---------+---------------------
    2    1 1.1575200000000D+04 3.0763100000000D+01
   0.87859    1.1139    1.0894    1.0648    1.0494    1.0403    1.0371    1.0383
    1.0107   0.67743
    3    1 1.1575200000000D+04 1.1726893720000D+13
   0.87859    1.1139    1.0894    1.0648    1.0494    1.0403    1.0371    1.0383
    1.0107   0.67743
    9    0 1.1575200000000D+04 2.9290000000000D+02
   10    0 1.1575200000000D+04 1.5800000000000D+01
*---+----+-------------------+-------------------+---------+---------------------
*   1: printout of the result at time [hours]
*---+----+-------------------+-------------------+---------+---------------------
    1    0 1.1952000000000D+04
*---+----+-------------------+-------------------+---------+---------------------
    2    1 1.1952000000000D+04 3.0587200000000D+01
   0.89603    1.1231    1.0877    1.0607    1.0438    1.0335    1.0295    1.0315
    1.0088   0.68529
    3    1 1.1952000000000D+04 1.1687369120000D+13
   0.89603    1.1231    1.0877    1.0607    1.0438    1.0335    1.0295    1.0315
    1.0088   0.68529
    9    0 1.1952000000000D+04 2.9290000000000D+02
   10    0 1.1952000000000D+04 1.5800000000000D+01
*---+----+-------------------+-------------------+---------+---------------------
*   1: printout of the result at time [hours]
*---+----+-------------------+-------------------+---------+---------------------
    1    0 1.2935000000000D+04
*---+----+-------------------+-------------------+---------+---------------------
    2    1 1.2935000000000D+04 2.6443000000000D+01
   0.78497   0.97205   0.97258   0.98574     1.012    1.0452    1.0855    1.1355
    1.1701    0.8364
    3    1 1.2935000000000D+04 9.8447289000000D+12
   0.78497   0.97205   0.97258   0.98574     1.012    1.0452    1.0855    1.1355
    1.1701    0.8364
    9    0 1.2935000000000D+04 2.8270000000000D+02
   10    0 1.2935000000000D+04 1.5800000000000D+01
*---+----+-------------------+-------------------+---------+---------------------
*   1: printout of the result at time [hours]
*---+----+-------------------+-------------------+---------+---------------------
    1    0 1.2937000000000D+04
*---+----+-------------------+-------------------+---------+---------------------
    2    1 1.2937000000000D+04 2.6990600000000D+01
    0.4689   0.71354   0.84837   0.97167    1.0833    1.1779    1.2504    1.2931
    1.2753   0.91743
    3    1 1.2937000000000D+04 1.1193001820000D+13
    0.4689   0.71354   0.84837   0.97167    1.0833    1.1779    1.2504    1.2931
    1.2753   0.91743
    9    0 1.2937000000000D+04 2.9290000000000D+02
   10    0 1.2937000000000D+04 1.5800000000000D+01
*---+----+-------------------+-------------------+---------+---------------------
*   1: printout of the result at time [hours]
*---+----+-------------------+-------------------+---------+---------------------
    1    0 1.3080000000000D+04
*---+----+-------------------+-------------------+---------+---------------------
    2    1 1.3080000000000D+04 2.7030400000000D+01
   0.64224    0.9048   0.98955    1.0462    1.0874    1.1169    1.1359    1.1488
    1.1152    0.8129
    3    1 1.3080000000000D+04 1.1217616000000D+13
   0.64224    0.9048   0.98955    1.0462    1.0874    1.1169    1.1359    1.1488
    1.1152    0.8129
    9    0 1.3080000000000D+04 2.9290000000000D+02
   10    0 1.3080000000000D+04 1.5800000000000D+01
*---+----+-------------------+-------------------+---------+---------------------
*   1: printout of the result at time [hours]
*---+----+-------------------+-------------------+---------+---------------------
    1    0 1.6536000000000D+04
*---+----+-------------------+-------------------+---------+---------------------
    2    1 1.6536000000000D+04 2.5629300000000D+01
   0.78371    1.0194    1.0502    1.0591    1.0632    1.0659     1.071    1.0657
    1.0398     0.782
    3    1 1.6536000000000D+04 1.0828379250000D+13
   0.78371    1.0194    1.0502    1.0591    1.0632    1.0659     1.071    1.0657
    1.0398     0.782
    9    0 1.6536000000000D+04 2.9290000000000D+02
   10    0 1.6536000000000D+04 1.5800000000000D+01
*---+----+-------------------+-------------------+---------+---------------------
*   1: printout of the result at time [hours]
*---+----+-------------------+-------------------+---------+---------------------
    1    0 1.8336000000000D+04
*---+----+-------------------+-------------------+---------+---------------------
    2    1 1.8336000000000D+04 2.4741800000000D+01
   0.81983    1.0442    1.0675    1.0683     1.064    1.0584    1.0521    1.0429
    1.0119   0.77084
    3    1 1.8336000000000D+04 1.0547429340000D+13
   0.81983    1.0442    1.0675    1.0683     1.064    1.0584    1.0521    1.0429
    1.0119   0.77084
    9    0 1.8336000000000D+04 2.9290000000000D+02
   10    0 1.8336000000000D+04 1.5800000000000D+01
*---+----+-------------------+-------------------+---------+---------------------
*   1: printout of the result at time [hours]
*---+----+-------------------+-------------------+---------+---------------------
    1    0 2.2730400000000D+04
*---+----+-------------------+-------------------+---------+---------------------
    2    1 2.2730400000000D+04 2.3914600000000D+01
   0.97944    1.0673    1.0177   0.99274   0.98492   0.98668   0.99759    1.0217
    1.0513   0.90058
    3    1 2.2730400000000D+04 1.0249797560000D+13
   0.97944    1.0673    1.0177   0.99274   0.98492   0.98668   0.99759    1.0217
    1.0513   0.90058
    9    0 2.2730400000000D+04 2.9290000000000D+02
   10    0 2.2730400000000D+04 1.5800000000000D+01
*---+----+-------------------+-------------------+---------+---------------------
*   1: printout of the result at time [hours]
*---+----+-------------------+-------------------+---------+---------------------
    1    0 2.3018400000000D+04
*---+----+-------------------+-------------------+---------+---------------------
    2    1 2.3018400000000D+04 2.2813200000000D+01
   0.92197    1.0058   0.97075   0.96326   0.97312   0.99206    1.0198    1.0617
    1.1219    0.9697
    3    1 2.3018400000000D+04 9.6819220800000D+12
   0.92197    1.0058   0.97075   0.96326   0.97312   0.99206    1.0198    1.0617
    1.1219    0.9697
    9    0 2.3018400000000D+04 2.8960000000000D+02
   10    0 2.3018400000000D+04 1.5800000000000D+01
* data point #798 end
*  00:  last line of data set (finishing the program)
*---+----+-------------------+-------------------+---------+---------------------
00000    0 2.3018400000000D+04
*---+----+-------------------+-------------------+---------+---------------------
