* data point #829 begin
*
*---+----+-------------------+-------------------+---------+---------------------
*   1: printout of the result at time [hours]
*---+----+-------------------+-------------------+---------+---------------------
    1    0 0.0000000000000D+00
*---+----+-------------------+-------------------+---------+---------------------
    2    1 0.0000000000000D+00 3.0824700000000D+01
   0.44828   0.67044   0.81201   0.94502     1.072    1.1852    1.2754    1.3292
    1.3077   0.95479
    3    1 0.0000000000000D+00 1.0545129870000D+13
   0.44828   0.67044   0.81201   0.94502     1.072    1.1852    1.2754    1.3292
    1.3077   0.95479
    9    0 0.0000000000000D+00 2.9060000000000D+02
   10    0 0.0000000000000D+00 1.5760000000000D+01
*---+----+-------------------+-------------------+---------+---------------------
*   1: printout of the result at time [hours]
*---+----+-------------------+-------------------+---------+---------------------
    1    0 1.5120000000000D+02
*---+----+-------------------+-------------------+---------+---------------------
    2    1 1.5120000000000D+02 3.0824700000000D+01
   0.64461   0.88481   0.97419    1.0335    1.0808    1.1184    1.1455    1.1625
    1.1236   0.83212
    3    1 1.5120000000000D+02 1.0594449390000D+13
   0.64461   0.88481   0.97419    1.0335    1.0808    1.1184    1.1455    1.1625
    1.1236   0.83212
    9    0 1.5120000000000D+02 2.9060000000000D+02
   10    0 1.5120000000000D+02 1.5760000000000D+01
*---+----+-------------------+-------------------+---------+---------------------
*   1: printout of the result at time [hours]
*---+----+-------------------+-------------------+---------+---------------------
    1    0 6.8208000000000D+03
*---+----+-------------------+-------------------+---------+---------------------
    2    1 6.8208000000000D+03 3.1097500000000D+01
   0.84843    1.1216    1.1203    1.0944    1.0705      1.05    1.0324    1.0142
   0.96406   0.68411
    3    1 6.8208000000000D+03 1.1534062750000D+13
   0.84843    1.1216    1.1203    1.0944    1.0705      1.05    1.0324    1.0142
   0.96406   0.68411
    9    0 6.8208000000000D+03 2.9060000000000D+02
   10    0 6.8208000000000D+03 1.5760000000000D+01
*---+----+-------------------+-------------------+---------+---------------------
*   1: printout of the result at time [hours]
*---+----+-------------------+-------------------+---------+---------------------
    1    0 1.0098200000000D+04
*---+----+-------------------+-------------------+---------+---------------------
    2    1 1.0098200000000D+04 2.9302200000000D+01
   0.94344    1.1105     1.064    1.0339     1.018    1.0087    1.0055    1.0119
    1.0119   0.79202
    3    1 1.0098200000000D+04 1.1093812920000D+13
   0.94344    1.1105     1.064    1.0339     1.018    1.0087    1.0055    1.0119
    1.0119   0.79202
    9    0 1.0098200000000D+04 2.9060000000000D+02
   10    0 1.0098200000000D+04 1.5760000000000D+01
*---+----+-------------------+-------------------+---------+---------------------
*   1: printout of the result at time [hours]
*---+----+-------------------+-------------------+---------+---------------------
    1    0 1.0100200000000D+04
*---+----+-------------------+-------------------+---------+---------------------
    2    1 1.0100200000000D+04 2.6667100000000D+01
   0.49203   0.76454   0.91082    1.0305    1.1284    1.2025     1.248    1.2548
    1.1883    0.7801
    3    1 1.0100200000000D+04 1.1040179400000D+13
   0.49203   0.76454   0.91082    1.0305    1.1284    1.2025     1.248    1.2548
    1.1883    0.7801
    9    0 1.0100200000000D+04 2.9290000000000D+02
   10    0 1.0100200000000D+04 1.5760000000000D+01
*---+----+-------------------+-------------------+---------+---------------------
*   1: printout of the result at time [hours]
*---+----+-------------------+-------------------+---------+---------------------
    1    0 1.0243200000000D+04
*---+----+-------------------+-------------------+---------+---------------------
    2    1 1.0243200000000D+04 2.6644900000000D+01
   0.66632    0.9553    1.0453    1.0929    1.1189    1.1317    1.1293    1.1108
    1.0478   0.70164
    3    1 1.0243200000000D+04 1.1012337170000D+13
   0.66632    0.9553    1.0453    1.0929    1.1189    1.1317    1.1293    1.1108
    1.0478   0.70164
    9    0 1.0243200000000D+04 2.9290000000000D+02
   10    0 1.0243200000000D+04 1.5760000000000D+01
*---+----+-------------------+-------------------+---------+---------------------
*   1: printout of the result at time [hours]
*---+----+-------------------+-------------------+---------+---------------------
    1    0 1.3699200000000D+04
*---+----+-------------------+-------------------+---------+---------------------
    2    1 1.3699200000000D+04 2.5721300000000D+01
   0.79199    1.0557     1.093    1.0956    1.0894    1.0805     1.069    1.0492
   0.99144   0.68414
    3    1 1.3699200000000D+04 1.0856960730000D+13
   0.79199    1.0557     1.093    1.0956    1.0894    1.0805     1.069    1.0492
   0.99144   0.68414
    9    0 1.3699200000000D+04 2.9290000000000D+02
   10    0 1.3699200000000D+04 1.5760000000000D+01
*---+----+-------------------+-------------------+---------+---------------------
*   1: printout of the result at time [hours]
*---+----+-------------------+-------------------+---------+---------------------
    1    0 1.5499200000000D+04
*---+----+-------------------+-------------------+---------+---------------------
    2    1 1.5499200000000D+04 2.5176800000000D+01
   0.81722    1.0787    1.1181    1.1069    1.0925    1.0752    1.0555    1.0275
   0.96168   0.66672
    3    1 1.5499200000000D+04 1.0747975920000D+13
   0.81722    1.0787    1.1181    1.1069    1.0925    1.0752    1.0555    1.0275
   0.96168   0.66672
    9    0 1.5499200000000D+04 2.9290000000000D+02
   10    0 1.5499200000000D+04 1.5760000000000D+01
*---+----+-------------------+-------------------+---------+---------------------
*   1: printout of the result at time [hours]
*---+----+-------------------+-------------------+---------+---------------------
    1    0 1.9893600000000D+04
*---+----+-------------------+-------------------+---------+---------------------
    2    1 1.9893600000000D+04 2.4197300000000D+01
   0.95151    1.0728     1.032    1.0092    1.0041    1.0089     1.022    1.0434
    1.0463   0.80988
    3    1 1.9893600000000D+04 1.0441134950000D+13
   0.95151    1.0728     1.032    1.0092    1.0041    1.0089     1.022    1.0434
    1.0463   0.80988
    9    0 1.9893600000000D+04 2.9290000000000D+02
   10    0 1.9893600000000D+04 1.5760000000000D+01
*---+----+-------------------+-------------------+---------+---------------------
*   1: printout of the result at time [hours]
*---+----+-------------------+-------------------+---------+---------------------
    1    0 2.0181600000000D+04
*---+----+-------------------+-------------------+---------+---------------------
    2    1 2.0181600000000D+04 2.3146100000000D+01
    0.8941    1.0091   0.98323   0.97917     0.993    1.0161    1.0473    1.0877
    1.1143   0.87604
    3    1 2.0181600000000D+04 9.8856993100000D+12
    0.8941    1.0091   0.98323   0.97917     0.993    1.0161    1.0473    1.0877
    1.1143   0.87604
    9    0 2.0181600000000D+04 2.8960000000000D+02
   10    0 2.0181600000000D+04 1.5760000000000D+01
* data point #829 end
*  00:  last line of data set (finishing the program)
*---+----+-------------------+-------------------+---------+---------------------
00000    0 2.0181600000000D+04
*---+----+-------------------+-------------------+---------+---------------------
