* data point #844 begin
*
*---+----+-------------------+-------------------+---------+---------------------
*   1: printout of the result at time [hours]
*---+----+-------------------+-------------------+---------+---------------------
    1    0 0.0000000000000D+00
*---+----+-------------------+-------------------+---------+---------------------
    2    1 0.0000000000000D+00 2.9198700000000D+01
   0.59516   0.88668    1.0396    1.1333    1.1851    1.2116    1.1779    1.1149
   0.99319   0.66263
    3    1 0.0000000000000D+00 1.0750961340000D+13
   0.59516   0.88668    1.0396    1.1333    1.1851    1.2116    1.1779    1.1149
   0.99319   0.66263
    9    0 0.0000000000000D+00 2.9290000000000D+02
   10    0 0.0000000000000D+00 1.5780769230769D+01
*---+----+-------------------+-------------------+---------+---------------------
*   1: printout of the result at time [hours]
*---+----+-------------------+-------------------+---------+---------------------
    1    0 1.4400000000000D+02
*---+----+-------------------+-------------------+---------+---------------------
    2    1 1.4400000000000D+02 2.8836600000000D+01
   0.74548    1.0247    1.1143    1.1422    1.1412    1.1223    1.0878     1.033
   0.93822   0.65077
    3    1 1.4400000000000D+02 1.0640705400000D+13
   0.74548    1.0247    1.1143    1.1422    1.1412    1.1223    1.0878     1.033
   0.93822   0.65077
    9    0 1.4400000000000D+02 2.9290000000000D+02
   10    0 1.4400000000000D+02 1.5780769230769D+01
*---+----+-------------------+-------------------+---------+---------------------
*   1: printout of the result at time [hours]
*---+----+-------------------+-------------------+---------+---------------------
    1    0 3.6000000000000D+03
*---+----+-------------------+-------------------+---------+---------------------
    2    1 3.6000000000000D+03 3.0780600000000D+01
   0.86327     1.119    1.1313    1.1062    1.0791    1.0547     1.032    1.0049
   0.94267   0.66688
    3    1 3.6000000000000D+03 1.1438070960000D+13
   0.86327     1.119    1.1313    1.1062    1.0791    1.0547     1.032    1.0049
   0.94267   0.66688
    9    0 3.6000000000000D+03 2.9290000000000D+02
   10    0 3.6000000000000D+03 1.5780769230769D+01
*---+----+-------------------+-------------------+---------+---------------------
*   1: printout of the result at time [hours]
*---+----+-------------------+-------------------+---------+---------------------
    1    0 6.7920000000000D+03
*---+----+-------------------+-------------------+---------+---------------------
    2    1 6.7920000000000D+03 3.3406100000000D+01
   0.91001    1.1775    1.1493    1.1065    1.0692    1.0362    1.0065   0.97719
   0.91735   0.65021
    3    1 6.7920000000000D+03 1.2306807240000D+13
   0.91001    1.1775    1.1493    1.1065    1.0692    1.0362    1.0065   0.97719
   0.91735   0.65021
    9    0 6.7920000000000D+03 2.9290000000000D+02
   10    0 6.7920000000000D+03 1.5780769230769D+01
*---+----+-------------------+-------------------+---------+---------------------
*   1: printout of the result at time [hours]
*---+----+-------------------+-------------------+---------+---------------------
    1    0 7.2878000000000D+03
*---+----+-------------------+-------------------+---------+---------------------
    2    1 7.2878000000000D+03 3.2090000000000D+01
   0.84251    1.0909    1.0774    1.0635    1.0584    1.0557    1.0524    1.0444
   0.99944    0.7153
    3    1 7.2878000000000D+03 1.1709641000000D+13
   0.84251    1.0909    1.0774    1.0635    1.0584    1.0557    1.0524    1.0444
   0.99944    0.7153
    9    0 7.2878000000000D+03 2.8920000000000D+02
   10    0 7.2878000000000D+03 1.5780769230769D+01
*---+----+-------------------+-------------------+---------+---------------------
*   1: printout of the result at time [hours]
*---+----+-------------------+-------------------+---------+---------------------
    1    0 7.2898000000000D+03
*---+----+-------------------+-------------------+---------+---------------------
    2    1 7.2898000000000D+03 2.5811800000000D+01
   0.46366    0.7464   0.89684     1.025     1.135     1.221    1.2743    1.2782
     1.185   0.77461
    3    1 7.2898000000000D+03 9.9659359800000D+12
   0.46366    0.7464   0.89684     1.025     1.135     1.221    1.2743    1.2782
     1.185   0.77461
    9    0 7.2898000000000D+03 2.9290000000000D+02
   10    0 7.2898000000000D+03 1.5780769230769D+01
*---+----+-------------------+-------------------+---------+---------------------
*   1: printout of the result at time [hours]
*---+----+-------------------+-------------------+---------+---------------------
    1    0 7.4328000000000D+03
*---+----+-------------------+-------------------+---------+---------------------
    2    1 7.4328000000000D+03 2.6552100000000D+01
   0.60428   0.89891   0.99902    1.0659    1.1166    1.1534    1.1778    1.1664
    1.0879   0.72985
    3    1 7.4328000000000D+03 1.0259731440000D+13
   0.60428   0.89891   0.99902    1.0659    1.1166    1.1534    1.1778    1.1664
    1.0879   0.72985
    9    0 7.4328000000000D+03 2.9290000000000D+02
   10    0 7.4328000000000D+03 1.5780769230769D+01
*---+----+-------------------+-------------------+---------+---------------------
*   1: printout of the result at time [hours]
*---+----+-------------------+-------------------+---------+---------------------
    1    0 1.0888800000000D+04
*---+----+-------------------+-------------------+---------+---------------------
    2    1 1.0888800000000D+04 2.6319800000000D+01
   0.77326    1.0186    1.0404    1.0467    1.0546    1.0651     1.078    1.0948
    1.0643   0.76418
    3    1 1.0888800000000D+04 1.0298937740000D+13
   0.77326    1.0186    1.0404    1.0467    1.0546    1.0651     1.078    1.0948
    1.0643   0.76418
    9    0 1.0888800000000D+04 2.9290000000000D+02
   10    0 1.0888800000000D+04 1.5780769230769D+01
*---+----+-------------------+-------------------+---------+---------------------
*   1: printout of the result at time [hours]
*---+----+-------------------+-------------------+---------+---------------------
    1    0 1.4685600000000D+04
*---+----+-------------------+-------------------+---------+---------------------
    2    1 1.4685600000000D+04 2.5202200000000D+01
   0.90282      1.07    1.0353     1.019    1.0145    1.0169    1.0255    1.0419
    1.0479    0.8262
    3    1 1.4685600000000D+04 9.9775509800000D+12
   0.90282      1.07    1.0353     1.019    1.0145    1.0169    1.0255    1.0419
    1.0479    0.8262
    9    0 1.4685600000000D+04 2.9290000000000D+02
   10    0 1.4685600000000D+04 1.5780769230769D+01
*---+----+-------------------+-------------------+---------+---------------------
*   1: printout of the result at time [hours]
*---+----+-------------------+-------------------+---------+---------------------
    1    0 1.5263000000000D+04
*---+----+-------------------+-------------------+---------+---------------------
    2    1 1.5263000000000D+04 2.3279500000000D+01
   0.83889   0.98374    0.9724   0.97717   0.99568    1.0215    1.0542    1.0968
    1.1409   0.91875
    3    1 1.5263000000000D+04 9.0883168000000D+12
   0.83889   0.98374    0.9724   0.97717   0.99568    1.0215    1.0542    1.0968
    1.1409   0.91875
    9    0 1.5263000000000D+04 2.8810000000000D+02
   10    0 1.5263000000000D+04 1.5780769230769D+01
*---+----+-------------------+-------------------+---------+---------------------
*   1: printout of the result at time [hours]
*---+----+-------------------+-------------------+---------+---------------------
    1    0 1.5265000000000D+04
*---+----+-------------------+-------------------+---------+---------------------
    2    1 1.5265000000000D+04 2.8604600000000D+01
   0.53928    0.7919   0.90933    1.0171    1.1166    1.1976    1.2505    1.2688
     1.181   0.72799
    3    1 1.5265000000000D+04 1.2148373620000D+13
   0.53928    0.7919   0.90933    1.0171    1.1166    1.1976    1.2505    1.2688
     1.181   0.72799
    9    0 1.5265000000000D+04 2.9290000000000D+02
   10    0 1.5265000000000D+04 1.5780769230769D+01
*---+----+-------------------+-------------------+---------+---------------------
*   1: printout of the result at time [hours]
*---+----+-------------------+-------------------+---------+---------------------
    1    0 1.5408000000000D+04
*---+----+-------------------+-------------------+---------+---------------------
    2    1 1.5408000000000D+04 2.8607500000000D+01
   0.71653   0.97237    1.0301    1.0678    1.0992    1.1226    1.1385    1.1268
    1.0574   0.66871
    3    1 1.5408000000000D+04 1.2141023000000D+13
   0.71653   0.97237    1.0301    1.0678    1.0992    1.1226    1.1385    1.1268
    1.0574   0.66871
    9    0 1.5408000000000D+04 2.9290000000000D+02
   10    0 1.5408000000000D+04 1.5780769230769D+01
*---+----+-------------------+-------------------+---------+---------------------
*   1: printout of the result at time [hours]
*---+----+-------------------+-------------------+---------+---------------------
    1    0 1.8864000000000D+04
*---+----+-------------------+-------------------+---------+---------------------
    2    1 1.8864000000000D+04 2.6845400000000D+01
   0.91584    1.0749    1.0412    1.0262     1.023    1.0268    1.0372    1.0549
    1.0523   0.74765
    3    1 1.8864000000000D+04 1.1481777580000D+13
   0.91584    1.0749    1.0412    1.0262     1.023    1.0268    1.0372    1.0549
    1.0523   0.74765
    9    0 1.8864000000000D+04 2.9290000000000D+02
   10    0 1.8864000000000D+04 1.5780769230769D+01
*---+----+-------------------+-------------------+---------+---------------------
*   1: printout of the result at time [hours]
*---+----+-------------------+-------------------+---------+---------------------
    1    0 1.9240800000000D+04
*---+----+-------------------+-------------------+---------+---------------------
    2    1 1.9240800000000D+04 2.6704400000000D+01
   0.93554    1.0818    1.0407    1.0231     1.018      1.02    1.0292    1.0472
    1.0492   0.75546
    3    1 1.9240800000000D+04 1.1421471880000D+13
   0.93554    1.0818    1.0407    1.0231     1.018      1.02    1.0292    1.0472
    1.0492   0.75546
    9    0 1.9240800000000D+04 2.9290000000000D+02
   10    0 1.9240800000000D+04 1.5780769230769D+01
*---+----+-------------------+-------------------+---------+---------------------
*   1: printout of the result at time [hours]
*---+----+-------------------+-------------------+---------+---------------------
    1    0 2.0223800000000D+04
*---+----+-------------------+-------------------+---------+---------------------
    2    1 2.0223800000000D+04 2.2801100000000D+01
     0.815   0.92816   0.92439   0.94474   0.98101     1.026    1.0803    1.1495
    1.2225   0.92842
    3    1 2.0223800000000D+04 9.4692968300000D+12
     0.815   0.92816   0.92439   0.94474   0.98101     1.026    1.0803    1.1495
    1.2225   0.92842
    9    0 2.0223800000000D+04 2.8270000000000D+02
   10    0 2.0223800000000D+04 1.5780769230769D+01
*---+----+-------------------+-------------------+---------+---------------------
*   1: printout of the result at time [hours]
*---+----+-------------------+-------------------+---------+---------------------
    1    0 2.0225800000000D+04
*---+----+-------------------+-------------------+---------+---------------------
    2    1 2.0225800000000D+04 2.0537300000000D+01
   0.48857   0.70043   0.82192   0.93673    1.0483    1.1523    1.2428    1.3091
    1.3178   0.98197
    3    1 2.0225800000000D+04 9.4676953000000D+12
   0.48857   0.70043   0.82192   0.93673    1.0483    1.1523    1.2428    1.3091
    1.3178   0.98197
    9    0 2.0225800000000D+04 2.9060000000000D+02
   10    0 2.0225800000000D+04 1.5780769230769D+01
*---+----+-------------------+-------------------+---------+---------------------
*   1: printout of the result at time [hours]
*---+----+-------------------+-------------------+---------+---------------------
    1    0 2.0376000000000D+04
*---+----+-------------------+-------------------+---------+---------------------
    2    1 2.0376000000000D+04 2.0813800000000D+01
    0.6611   0.88163   0.95768    1.0119    1.0584    1.0999    1.1365     1.164
    1.1546   0.87418
    3    1 2.0376000000000D+04 9.5722666200000D+12
    0.6611   0.88163   0.95768    1.0119    1.0584    1.0999    1.1365     1.164
    1.1546   0.87418
    9    0 2.0376000000000D+04 2.9060000000000D+02
   10    0 2.0376000000000D+04 1.5780769230769D+01
*---+----+-------------------+-------------------+---------+---------------------
*   1: printout of the result at time [hours]
*---+----+-------------------+-------------------+---------+---------------------
    1    0 2.4014400000000D+04
*---+----+-------------------+-------------------+---------+---------------------
    2    1 2.4014400000000D+04 2.0872300000000D+01
   0.84064    1.0247      1.03    1.0256    1.0273    1.0353    1.0492    1.0675
     1.066   0.83374
    3    1 2.4014400000000D+04 9.6325664500000D+12
   0.84064    1.0247      1.03    1.0256    1.0273    1.0353    1.0492    1.0675
     1.066   0.83374
    9    0 2.4014400000000D+04 2.9060000000000D+02
   10    0 2.4014400000000D+04 1.5780769230769D+01
*---+----+-------------------+-------------------+---------+---------------------
*   1: printout of the result at time [hours]
*---+----+-------------------+-------------------+---------+---------------------
    1    0 2.7424800000000D+04
*---+----+-------------------+-------------------+---------+---------------------
    2    1 2.7424800000000D+04 2.0722500000000D+01
   0.93464    1.0669    1.0376    1.0218    1.0145    1.0118    1.0139    1.0241
     1.029   0.84594
    3    1 2.7424800000000D+04 9.5903730000000D+12
   0.93464    1.0669    1.0376    1.0218    1.0145    1.0118    1.0139    1.0241
     1.029   0.84594
    9    0 2.7424800000000D+04 2.9060000000000D+02
   10    0 2.7424800000000D+04 1.5780769230769D+01
*---+----+-------------------+-------------------+---------+---------------------
*   1: printout of the result at time [hours]
*---+----+-------------------+-------------------+---------+---------------------
    1    0 2.9108600000000D+04
*---+----+-------------------+-------------------+---------+---------------------
    2    1 2.9108600000000D+04 2.0611600000000D+01
   0.99415     1.056    1.0174   0.99895   0.99308    0.9926   0.99788    1.0149
    1.0387   0.89629
    3    1 2.9108600000000D+04 9.5143145600000D+12
   0.99415     1.056    1.0174   0.99895   0.99308    0.9926   0.99788    1.0149
    1.0387   0.89629
    9    0 2.9108600000000D+04 2.9060000000000D+02
   10    0 2.9108600000000D+04 1.5780769230769D+01
*---+----+-------------------+-------------------+---------+---------------------
*   1: printout of the result at time [hours]
*---+----+-------------------+-------------------+---------+---------------------
    1    0 2.9110600000000D+04
*---+----+-------------------+-------------------+---------+---------------------
    2    1 2.9110600000000D+04 5.6249000000000D+00
   0.52605   0.71859   0.85708   0.97797      1.08    1.1616    1.2187    1.2487
     1.229   0.98224
    3    1 2.9110600000000D+04 2.7978252600000D+12
   0.52605   0.71859   0.85708   0.97797      1.08    1.1616    1.2187    1.2487
     1.229   0.98224
    9    0 2.9110600000000D+04 2.9290000000000D+02
   10    0 2.9110600000000D+04 1.5780769230769D+01
*---+----+-------------------+-------------------+---------+---------------------
*   1: printout of the result at time [hours]
*---+----+-------------------+-------------------+---------+---------------------
    1    0 2.9253600000000D+04
*---+----+-------------------+-------------------+---------+---------------------
    2    1 2.9253600000000D+04 5.9087000000000D+00
   0.71166   0.89546   0.98177    1.0369    1.0725    1.0955    1.1123    1.1068
    1.0938   0.89326
    3    1 2.9253600000000D+04 2.8887634300000D+12
   0.71166   0.89546   0.98177    1.0369    1.0725    1.0955    1.1123    1.1068
    1.0938   0.89326
    9    0 2.9253600000000D+04 2.9290000000000D+02
   10    0 2.9253600000000D+04 1.5780769230769D+01
*---+----+-------------------+-------------------+---------+---------------------
*   1: printout of the result at time [hours]
*---+----+-------------------+-------------------+---------+---------------------
    1    0 3.2709600000000D+04
*---+----+-------------------+-------------------+---------+---------------------
    2    1 3.2709600000000D+04 6.9502000000000D+00
   0.81667   0.99278    1.0414    1.0572     1.062    1.0633    1.0618    1.0532
    1.0253   0.82631
    3    1 3.2709600000000D+04 3.3305358400000D+12
   0.81667   0.99278    1.0414    1.0572     1.062    1.0633    1.0618    1.0532
    1.0253   0.82631
    9    0 3.2709600000000D+04 2.9290000000000D+02
   10    0 3.2709600000000D+04 1.5780769230769D+01
*---+----+-------------------+-------------------+---------+---------------------
*   1: printout of the result at time [hours]
*---+----+-------------------+-------------------+---------+---------------------
    1    0 3.4509600000000D+04
*---+----+-------------------+-------------------+---------+---------------------
    2    1 3.4509600000000D+04 7.4738000000000D+00
   0.83505    1.0224    1.0728    1.0808    1.0754    1.0655    1.0523    1.0308
    0.9841   0.78086
    3    1 3.4509600000000D+04 3.5500550000000D+12
   0.83505    1.0224    1.0728    1.0808    1.0754    1.0655    1.0523    1.0308
    0.9841   0.78086
    9    0 3.4509600000000D+04 2.9290000000000D+02
   10    0 3.4509600000000D+04 1.5780769230769D+01
*---+----+-------------------+-------------------+---------+---------------------
*   1: printout of the result at time [hours]
*---+----+-------------------+-------------------+---------+---------------------
    1    0 3.8904000000000D+04
*---+----+-------------------+-------------------+---------+---------------------
    2    1 3.8904000000000D+04 9.2434000000000D+00
   0.93148    1.0376    1.0159   0.99963   0.99974    1.0098    1.0281     1.053
    1.0564    0.8684
    3    1 3.8904000000000D+04 4.2593587200000D+12
   0.93148    1.0376    1.0159   0.99963   0.99974    1.0098    1.0281     1.053
    1.0564    0.8684
    9    0 3.8904000000000D+04 2.9290000000000D+02
   10    0 3.8904000000000D+04 1.5780769230769D+01
*---+----+-------------------+-------------------+---------+---------------------
*   1: printout of the result at time [hours]
*---+----+-------------------+-------------------+---------+---------------------
    1    0 3.9192000000000D+04
*---+----+-------------------+-------------------+---------+---------------------
    2    1 3.9192000000000D+04 8.9084000000000D+00
   0.87861   0.97964    0.9692   0.97021   0.98828    1.0161    1.0522    1.0959
    1.1176   0.93227
    3    1 3.9192000000000D+04 4.0684662800000D+12
   0.87861   0.97964    0.9692   0.97021   0.98828    1.0161    1.0522    1.0959
    1.1176   0.93227
    9    0 3.9192000000000D+04 2.8960000000000D+02
   10    0 3.9192000000000D+04 1.5780769230769D+01
* data point #844 end
*  00:  last line of data set (finishing the program)
*---+----+-------------------+-------------------+---------+---------------------
00000    0 3.9192000000000D+04
*---+----+-------------------+-------------------+---------+---------------------
