* data point #981 begin
*
*---+----+-------------------+-------------------+---------+---------------------
*   1: printout of the result at time [hours]
*---+----+-------------------+-------------------+---------+---------------------
    1    0 0.0000000000000D+00
*---+----+-------------------+-------------------+---------+---------------------
    2    1 0.0000000000000D+00 1.9545600000000D+01
   0.55300   0.86300   1.02300   1.12500   1.19000
   1.22400   1.21900   1.16700   1.02800   0.60800
    3    1 0.0000000000000D+00 6.4910937600000D+12
   0.55300   0.86300   1.02300   1.12500   1.19000
   1.22400   1.21900   1.16700   1.02800   0.60800
    9    0 0.0000000000000D+00 2.9290000000000D+02
   10    0 0.0000000000000D+00 1.5800000000000D+01
*---+----+-------------------+-------------------+---------+---------------------
*   1: printout of the result at time [hours]
*---+----+-------------------+-------------------+---------+---------------------
    1    0 1.4400000000000D+02
*---+----+-------------------+-------------------+---------+---------------------
    2    1 1.4400000000000D+02 1.9865100000000D+01
   0.69900   1.00300   1.10300   1.13900   1.14900
   1.14400   1.12300   1.07700   0.96700   0.59700
    3    1 1.4400000000000D+02 6.6051457500000D+12
   0.69900   1.00300   1.10300   1.13900   1.14900
   1.14400   1.12300   1.07700   0.96700   0.59700
    9    0 1.4400000000000D+02 2.9290000000000D+02
   10    0 1.4400000000000D+02 1.5800000000000D+01
*---+----+-------------------+-------------------+---------+---------------------
*   1: printout of the result at time [hours]
*---+----+-------------------+-------------------+---------+---------------------
    1    0 3.6000000000000D+03
*---+----+-------------------+-------------------+---------+---------------------
    2    1 3.6000000000000D+03 2.0367600000000D+01
   0.82800   1.08800   1.11000   1.09700   1.08300
   1.07000   1.05900   1.04100   0.98000   0.64400
    3    1 3.6000000000000D+03 6.8435136000000D+12
   0.82800   1.08800   1.11000   1.09700   1.08300
   1.07000   1.05900   1.04100   0.98000   0.64400
    9    0 3.6000000000000D+03 2.9290000000000D+02
   10    0 3.6000000000000D+03 1.5800000000000D+01
*---+----+-------------------+-------------------+---------+---------------------
*   1: printout of the result at time [hours]
*---+----+-------------------+-------------------+---------+---------------------
    1    0 7.3968000000000D+03
*---+----+-------------------+-------------------+---------+---------------------
    2    1 7.3968000000000D+03 2.1439900000000D+01
   0.89000   1.13000   1.11100   1.08100   1.05800
   1.04200   1.03000   1.01800   0.97500   0.66500
    3    1 7.3968000000000D+03 7.2702700900000D+12
   0.89000   1.13000   1.11100   1.08100   1.05800
   1.04200   1.03000   1.01800   0.97500   0.66500
    9    0 7.3968000000000D+03 2.9290000000000D+02
   10    0 7.3968000000000D+03 1.5800000000000D+01
*---+----+-------------------+-------------------+---------+---------------------
*   1: printout of the result at time [hours]
*---+----+-------------------+-------------------+---------+---------------------
    1    0 7.9742000000000D+03
*---+----+-------------------+-------------------+---------+---------------------
    2    1 7.9742000000000D+03 2.0421900000000D+01
   0.82000   1.04700   1.04600   1.04100   1.04600
   1.05600   1.06900   1.08200   1.06000   0.73300
    3    1 7.9742000000000D+03 6.8372521200000D+12
   0.82000   1.04700   1.04600   1.04100   1.04600
   1.05600   1.06900   1.08200   1.06000   0.73300
    9    0 7.9742000000000D+03 2.8810000000000D+02
   10    0 7.9742000000000D+03 1.5800000000000D+01
*---+----+-------------------+-------------------+---------+---------------------
*   1: printout of the result at time [hours]
*---+----+-------------------+-------------------+---------+---------------------
    1    0 7.9762000000000D+03
*---+----+-------------------+-------------------+---------+---------------------
    2    1 7.9762000000000D+03 2.5038800000000D+01
   0.53500   0.84800   0.98500   1.08300   1.16000
   1.21300   1.23800   1.20900   1.08600   0.64400
    3    1 7.9762000000000D+03 9.0114641200000D+12
   0.53500   0.84800   0.98500   1.08300   1.16000
   1.21300   1.23800   1.20900   1.08600   0.64400
    9    0 7.9762000000000D+03 2.9290000000000D+02
   10    0 7.9762000000000D+03 1.5800000000000D+01
*---+----+-------------------+-------------------+---------+---------------------
*   1: printout of the result at time [hours]
*---+----+-------------------+-------------------+---------+---------------------
    1    0 8.1192000000000D+03
*---+----+-------------------+-------------------+---------+---------------------
    2    1 8.1192000000000D+03 2.5231100000000D+01
   0.70000   1.02300   1.09700   1.12200   1.13300
   1.13300   1.12100   1.08600   0.98300   0.60200
    3    1 8.1192000000000D+03 9.0756266700000D+12
   0.70000   1.02300   1.09700   1.12200   1.13300
   1.13300   1.12100   1.08600   0.98300   0.60200
    9    0 8.1192000000000D+03 2.9290000000000D+02
   10    0 8.1192000000000D+03 1.5800000000000D+01
*---+----+-------------------+-------------------+---------+---------------------
*   1: printout of the result at time [hours]
*---+----+-------------------+-------------------+---------+---------------------
    1    0 1.1575200000000D+04
*---+----+-------------------+-------------------+---------+---------------------
    2    1 1.1575200000000D+04 2.5080500000000D+01
   0.87800   1.11300   1.08900   1.06500   1.05000
   1.04100   1.03800   1.03900   1.01100   0.67800
    3    1 1.1575200000000D+04 9.0866651500000D+12
   0.87800   1.11300   1.08900   1.06500   1.05000
   1.04100   1.03800   1.03900   1.01100   0.67800
    9    0 1.1575200000000D+04 2.9290000000000D+02
   10    0 1.1575200000000D+04 1.5800000000000D+01
*---+----+-------------------+-------------------+---------+---------------------
*   1: printout of the result at time [hours]
*---+----+-------------------+-------------------+---------+---------------------
    1    0 1.1952000000000D+04
*---+----+-------------------+-------------------+---------+---------------------
    2    1 1.1952000000000D+04 2.5032100000000D+01
   0.89500   1.12200   1.08700   1.06100   1.04400
   1.03400   1.03000   1.03200   1.00900   0.68600
    3    1 1.1952000000000D+04 9.0791426700000D+12
   0.89500   1.12200   1.08700   1.06100   1.04400
   1.03400   1.03000   1.03200   1.00900   0.68600
    9    0 1.1952000000000D+04 2.9290000000000D+02
   10    0 1.1952000000000D+04 1.5800000000000D+01
*---+----+-------------------+-------------------+---------+---------------------
*   1: printout of the result at time [hours]
*---+----+-------------------+-------------------+---------+---------------------
    1    0 1.2935000000000D+04
*---+----+-------------------+-------------------+---------+---------------------
    2    1 1.2935000000000D+04 2.1735400000000D+01
   0.78400   0.97100   0.97200   0.98500   1.01200
   1.04500   1.08600   1.13600   1.17100   0.83800
    3    1 1.2935000000000D+04 7.6856374400000D+12
   0.78400   0.97100   0.97200   0.98500   1.01200
   1.04500   1.08600   1.13600   1.17100   0.83800
    9    0 1.2935000000000D+04 2.8270000000000D+02
   10    0 1.2935000000000D+04 1.5800000000000D+01
*---+----+-------------------+-------------------+---------+---------------------
*   1: printout of the result at time [hours]
*---+----+-------------------+-------------------+---------+---------------------
    1    0 1.2937000000000D+04
*---+----+-------------------+-------------------+---------+---------------------
    2    1 1.2937000000000D+04 2.6561100000000D+01
   0.46900   0.71300   0.84800   0.97100   1.08300
   1.17800   1.25100   1.29400   1.27600   0.91900
    3    1 1.2937000000000D+04 1.0651001100000D+13
   0.46900   0.71300   0.84800   0.97100   1.08300
   1.17800   1.25100   1.29400   1.27600   0.91900
    9    0 1.2937000000000D+04 2.9290000000000D+02
   10    0 1.2937000000000D+04 1.5800000000000D+01
*---+----+-------------------+-------------------+---------+---------------------
*   1: printout of the result at time [hours]
*---+----+-------------------+-------------------+---------+---------------------
    1    0 1.3080000000000D+04
*---+----+-------------------+-------------------+---------+---------------------
    2    1 1.3080000000000D+04 2.6741400000000D+01
   0.64200   0.90400   0.98900   1.04600   1.08700
   1.11700   1.13600   1.14900   1.11600   0.81400
    3    1 1.3080000000000D+04 1.0712604840000D+13
   0.64200   0.90400   0.98900   1.04600   1.08700
   1.11700   1.13600   1.14900   1.11600   0.81400
    9    0 1.3080000000000D+04 2.9290000000000D+02
   10    0 1.3080000000000D+04 1.5800000000000D+01
*---+----+-------------------+-------------------+---------+---------------------
*   1: printout of the result at time [hours]
*---+----+-------------------+-------------------+---------+---------------------
    1    0 1.6536000000000D+04
*---+----+-------------------+-------------------+---------+---------------------
    2    1 1.6536000000000D+04 2.5415200000000D+01
   0.78400   1.01900   1.05000   1.05900   1.06300
   1.06600   1.07100   1.06600   1.04000   0.78300
    3    1 1.6536000000000D+04 1.0374484640000D+13
   0.78400   1.01900   1.05000   1.05900   1.06300
   1.06600   1.07100   1.06600   1.04000   0.78300
    9    0 1.6536000000000D+04 2.9290000000000D+02
   10    0 1.6536000000000D+04 1.5800000000000D+01
*---+----+-------------------+-------------------+---------+---------------------
*   1: printout of the result at time [hours]
*---+----+-------------------+-------------------+---------+---------------------
    1    0 1.8336000000000D+04
*---+----+-------------------+-------------------+---------+---------------------
    2    1 1.8336000000000D+04 2.4489100000000D+01
   0.82000   1.04400   1.06700   1.06800   1.06400
   1.05800   1.05200   1.04300   1.01200   0.77200
    3    1 1.8336000000000D+04 1.0074815740000D+13
   0.82000   1.04400   1.06700   1.06800   1.06400
   1.05800   1.05200   1.04300   1.01200   0.77200
    9    0 1.8336000000000D+04 2.9290000000000D+02
   10    0 1.8336000000000D+04 1.5800000000000D+01
*---+----+-------------------+-------------------+---------+---------------------
*   1: printout of the result at time [hours]
*---+----+-------------------+-------------------+---------+---------------------
    1    0 2.2730400000000D+04
*---+----+-------------------+-------------------+---------+---------------------
    2    1 2.2730400000000D+04 2.3860700000000D+01
   0.97900   1.06700   1.01700   0.99300   0.98500
   0.98700   0.99800   1.02200   1.05200   0.90100
    3    1 2.2730400000000D+04 9.8998044300000D+12
   0.97900   1.06700   1.01700   0.99300   0.98500
   0.98700   0.99800   1.02200   1.05200   0.90100
    9    0 2.2730400000000D+04 2.9290000000000D+02
   10    0 2.2730400000000D+04 1.5800000000000D+01
*---+----+-------------------+-------------------+---------+---------------------
*   1: printout of the result at time [hours]
*---+----+-------------------+-------------------+---------+---------------------
    1    0 2.3018400000000D+04
*---+----+-------------------+-------------------+---------+---------------------
    2    1 2.3018400000000D+04 2.2744600000000D+01
   0.92200   1.00500   0.97100   0.96300   0.97300
   0.99200   1.02000   1.06200   1.12200   0.97000
    3    1 2.3018400000000D+04 9.3412072200000D+12
   0.92200   1.00500   0.97100   0.96300   0.97300
   0.99200   1.02000   1.06200   1.12200   0.97000
    9    0 2.3018400000000D+04 2.8960000000000D+02
   10    0 2.3018400000000D+04 1.5800000000000D+01
* data point #981 end
*  00:  last line of data set (finishing the program)
*---+----+-------------------+-------------------+---------+---------------------
00000    0 2.3018400000000D+04
*---+----+-------------------+-------------------+---------+---------------------
