* data point #912 begin
*
*---+----+-------------------+-------------------+---------+---------------------
*   1: printout of the result at time [hours]
*---+----+-------------------+-------------------+---------+---------------------
    1    0 0.0000000000000D+00
*---+----+-------------------+-------------------+---------+---------------------
    2    1 0.0000000000000D+00 3.1945300000000D+01
   0.45199   0.73541   0.90887    1.0443    1.1552    1.2386    1.2907    1.2771
    1.1584   0.73945
    3    1 0.0000000000000D+00 1.1743092280000D+13
   0.45199   0.73541   0.90887    1.0443    1.1552    1.2386    1.2907    1.2771
    1.1584   0.73945
    9    0 0.0000000000000D+00 2.9060000000000D+02
   10    0 0.0000000000000D+00 1.5760000000000D+01
*---+----+-------------------+-------------------+---------+---------------------
*   1: printout of the result at time [hours]
*---+----+-------------------+-------------------+---------+---------------------
    1    0 1.5120000000000D+02
*---+----+-------------------+-------------------+---------+---------------------
    2    1 1.5120000000000D+02 3.1103200000000D+01
   0.63788   0.94334    1.0575    1.1109    1.1396    1.1537    1.1494    1.1195
    1.0182   0.67003
    3    1 1.5120000000000D+02 1.1464639520000D+13
   0.63788   0.94334    1.0575    1.1109    1.1396    1.1537    1.1494    1.1195
    1.0182   0.67003
    9    0 1.5120000000000D+02 2.9060000000000D+02
   10    0 1.5120000000000D+02 1.5760000000000D+01
*---+----+-------------------+-------------------+---------+---------------------
*   1: printout of the result at time [hours]
*---+----+-------------------+-------------------+---------+---------------------
    1    0 6.8208000000000D+03
*---+----+-------------------+-------------------+---------+---------------------
    2    1 6.8208000000000D+03 2.7920900000000D+01
   0.83697    1.1272    1.1299    1.1023    1.0771    1.0555    1.0369    1.0173
   0.95853   0.65836
    3    1 6.8208000000000D+03 1.0716041420000D+13
   0.83697    1.1272    1.1299    1.1023    1.0771    1.0555    1.0369    1.0173
   0.95853   0.65836
    9    0 6.8208000000000D+03 2.9060000000000D+02
   10    0 6.8208000000000D+03 1.5760000000000D+01
*---+----+-------------------+-------------------+---------+---------------------
*   1: printout of the result at time [hours]
*---+----+-------------------+-------------------+---------+---------------------
    1    0 1.0098200000000D+04
*---+----+-------------------+-------------------+---------+---------------------
    2    1 1.0098200000000D+04 2.7359800000000D+01
   0.93111    1.1331    1.0712    1.0386    1.0218    1.0123    1.0093    1.0168
    1.0132   0.75253
    3    1 1.0098200000000D+04 1.0626546320000D+13
   0.93111    1.1331    1.0712    1.0386    1.0218    1.0123    1.0093    1.0168
    1.0132   0.75253
    9    0 1.0098200000000D+04 2.9060000000000D+02
   10    0 1.0098200000000D+04 1.5760000000000D+01
*---+----+-------------------+-------------------+---------+---------------------
*   1: printout of the result at time [hours]
*---+----+-------------------+-------------------+---------+---------------------
    1    0 1.0100200000000D+04
*---+----+-------------------+-------------------+---------+---------------------
    2    1 1.0100200000000D+04 2.9565800000000D+01
   0.48884   0.75039    0.8893    1.0092    1.1115    1.1921     1.246    1.2709
    1.2173    0.8245
    3    1 1.0100200000000D+04 1.2048063500000D+13
   0.48884   0.75039    0.8893    1.0092    1.1115    1.1921     1.246    1.2709
    1.2173    0.8245
    9    0 1.0100200000000D+04 2.9290000000000D+02
   10    0 1.0100200000000D+04 1.5760000000000D+01
*---+----+-------------------+-------------------+---------+---------------------
*   1: printout of the result at time [hours]
*---+----+-------------------+-------------------+---------+---------------------
    1    0 1.0243200000000D+04
*---+----+-------------------+-------------------+---------+---------------------
    2    1 1.0243200000000D+04 2.9261300000000D+01
   0.66432    0.9422    1.0261    1.0756    1.1065    1.1239    1.1328    1.1191
    1.0709   0.73845
    3    1 1.0243200000000D+04 1.1950314920000D+13
   0.66432    0.9422    1.0261    1.0756    1.1065    1.1239    1.1328    1.1191
    1.0709   0.73845
    9    0 1.0243200000000D+04 2.9290000000000D+02
   10    0 1.0243200000000D+04 1.5760000000000D+01
*---+----+-------------------+-------------------+---------+---------------------
*   1: printout of the result at time [hours]
*---+----+-------------------+-------------------+---------+---------------------
    1    0 1.3699200000000D+04
*---+----+-------------------+-------------------+---------+---------------------
    2    1 1.3699200000000D+04 2.7189500000000D+01
   0.79152    1.0453     1.078    1.0826    1.0803    1.0758     1.069     1.055
    1.0083    0.7141
    3    1 1.3699200000000D+04 1.1743145050000D+13
   0.79152    1.0453     1.078    1.0826    1.0803    1.0758     1.069     1.055
    1.0083    0.7141
    9    0 1.3699200000000D+04 2.9290000000000D+02
   10    0 1.3699200000000D+04 1.5760000000000D+01
*---+----+-------------------+-------------------+---------+---------------------
*   1: printout of the result at time [hours]
*---+----+-------------------+-------------------+---------+---------------------
    1    0 1.5499200000000D+04
*---+----+-------------------+-------------------+---------+---------------------
    2    1 1.5499200000000D+04 2.6406800000000D+01
   0.81725    1.0691    1.0984    1.0954    1.0846    1.0714    1.0561    1.0339
    0.9782   0.69558
    3    1 1.5499200000000D+04 1.1624273360000D+13
   0.81725    1.0691    1.0984    1.0954    1.0846    1.0714    1.0561    1.0339
    0.9782   0.69558
    9    0 1.5499200000000D+04 2.9290000000000D+02
   10    0 1.5499200000000D+04 1.5760000000000D+01
*---+----+-------------------+-------------------+---------+---------------------
*   1: printout of the result at time [hours]
*---+----+-------------------+-------------------+---------+---------------------
    1    0 1.9893600000000D+04
*---+----+-------------------+-------------------+---------+---------------------
    2    1 1.9893600000000D+04 2.4876500000000D+01
    0.9554    1.0684    1.0239    1.0013   0.99664    1.0019     1.016    1.0403
    1.0542    0.8418
    3    1 1.9893600000000D+04 1.1117307850000D+13
    0.9554    1.0684    1.0239    1.0013   0.99664    1.0019     1.016    1.0403
    1.0542    0.8418
    9    0 1.9893600000000D+04 2.9290000000000D+02
   10    0 1.9893600000000D+04 1.5760000000000D+01
*---+----+-------------------+-------------------+---------+---------------------
*   1: printout of the result at time [hours]
*---+----+-------------------+-------------------+---------+---------------------
    1    0 2.0181600000000D+04
*---+----+-------------------+-------------------+---------+---------------------
    2    1 2.0181600000000D+04 2.3790100000000D+01
   0.89739    1.0047   0.97524   0.97095   0.98486    1.0082      1.04     1.083
    1.1261    0.9095
    3    1 2.0181600000000D+04 1.0527119250000D+13
   0.89739    1.0047   0.97524   0.97095   0.98486    1.0082      1.04     1.083
    1.1261    0.9095
    9    0 2.0181600000000D+04 2.8960000000000D+02
   10    0 2.0181600000000D+04 1.5760000000000D+01
* data point #912 end
*  00:  last line of data set (finishing the program)
*---+----+-------------------+-------------------+---------+---------------------
00000    0 2.0181600000000D+04
*---+----+-------------------+-------------------+---------+---------------------
