# ===============================================================================================================================================================================
# TIME     FASTF      PCOOL      TCOOL      GKL        PITCH      Q1         Q2         Q3         Q4         Q5         Q6         Q7         Q8         Q9         Q10       
# (h)      (n/cmWs)   (MPa)      (Celsius)  (kg/s)     (mm)       (kW/m)     (kW/m)     (kW/m)     (kW/m)     (kW/m)     (kW/m)     (kW/m)     (kW/m)     (kW/m)     (kW/m)    
# ===============================================================================================================================================================================
0          3.469e+12  15.8       292.9      1.448e+06  14.30      13.999     24.462     29.467     33.110     35.986     38.141     39.433     39.458     36.603     21.945    
144        3.480e+12  15.8       292.9      1.448e+06  14.30      18.738     29.945     33.019     34.223     34.735     34.904     34.676     33.960     31.469     19.416    
3600       3.615e+12  15.8       292.9      1.448e+06  14.30      21.922     31.746     32.475     32.021     31.503     31.059     30.673     30.159     28.353     18.275    
6120       3.689e+12  15.8       292.9      1.448e+06  14.30      22.992     31.824     32.074     31.350     30.592     29.895     29.263     28.582     26.891     17.942    
10113.6    3.758e+12  15.8       292.9      1.448e+06  14.30      25.006     30.700     29.160     28.361     28.011     27.863     27.884     28.142     27.950     20.679    
10460.6    3.739e+12  15.8       290.5      1.457e+06  14.30      23.225     28.239     27.363     26.998     27.053     27.271     27.632     28.234     28.526     21.369    
10462.6    4.083e+12  15.8       292.9      1.458e+06  14.30      14.271     23.231     27.877     31.189     33.404     34.588     34.536     33.085     29.255     17.957    
10605.6    4.082e+12  15.8       292.9      1.458e+06  14.30      18.129     27.259     30.323     31.807     32.429     32.439     31.865     30.470     27.317     17.349    
14061.6    4.116e+12  15.8       292.9      1.458e+06  14.30      21.555     28.239     28.911     28.707     28.645     28.641     28.659     28.517     27.269     19.041    
17253.6    4.135e+12  15.8       292.9      1.458e+06  14.30      23.221     27.434     26.636     26.199     26.000     25.952     26.037     26.254     26.086     20.061    
17749.4    4.095e+12  15.8       289.2      1.472e+06  14.30      20.580     24.089     23.854     23.907     24.227     24.686     25.256     25.956     26.410     20.725    
17751.4    4.450e+12  15.8       292.9      1.452e+06  14.30      10.860     17.003     20.317     22.865     24.862     26.288     27.117     26.758     24.534     15.875    
17894.4    4.435e+12  15.8       292.9      1.452e+06  14.30      14.105     20.399     22.632     23.912     24.750     25.276     25.550     25.107     23.289     15.569    
21350.4    4.444e+12  15.8       292.9      1.452e+06  14.30      17.266     22.143     22.724     22.869     23.011     23.205     23.444     23.725     22.914     16.550    
25147.2    4.447e+12  15.8       292.9      1.452e+06  14.30      19.230     21.927     21.545     21.301     21.279     21.394     21.626     21.976     22.100     17.467    
25724.6    4.384e+12  15.8       288.1      1.470e+06  14.30      16.550     18.830     18.746     18.922     19.347     19.914     20.603     21.437     22.213     17.949    
25726.6    4.732e+12  15.8       294.8      1.451e+06  14.30      4.221      6.470      7.768      8.728      9.454      9.976      10.321     10.277     9.656      6.591     
25888.8    4.662e+12  15.8       294.8      1.451e+06  14.30      5.738      8.075      8.937      9.363      9.593      9.722      9.805      9.696      9.219      6.523     
26815.2    4.636e+12  15.8       294.8      1.451e+06  14.30      6.024      8.317      9.061      9.391      9.560      9.657      9.733      9.640      9.207      6.581     
26817.6    4.606e+12  15.7       290.6      1.467e+06  14.30      6.689      9.170      9.930      10.240     10.380     10.459     10.462     10.379     9.911      7.098     
29594.4    4.541e+12  15.7       290.6      1.467e+06  14.30      7.688      9.849      10.193     10.240     10.236     10.234     10.242     10.229     9.947      7.434     
31278.2    4.517e+12  15.7       290.6      1.467e+06  14.30      7.990      9.998      10.260     10.262     10.223     10.187     10.161     10.122     9.852      7.494     
31280.2    5.013e+12  15.8       292.9      1.480e+06  14.30      1.022      1.396      1.656      1.895      2.104      2.279      2.410      2.482      2.491      2.000     
31423.2    4.953e+12  15.8       292.9      1.480e+06  14.30      1.506      1.897      2.068      2.188      2.273      2.334      2.376      2.407      2.391      1.968     
34879.2    4.803e+12  15.8       292.9      1.480e+06  14.30      2.114      2.548      2.647      2.687      2.708      2.725      2.748      2.740      2.708      2.224     
36679.2    4.705e+12  15.8       292.9      1.480e+06  14.30      2.362      2.846      2.952      2.976      2.972      2.961      2.944      2.913      2.833      2.306     
41073.6    4.493e+12  15.8       292.9      1.480e+06  14.30      3.504      3.854      3.730      3.662      3.664      3.707      3.786      3.904      3.985      3.385     
41361.6    4.453e+12  15.8       289.6      1.493e+06  14.30      3.177      3.496      3.419      3.414      3.477      3.579      3.716      3.896      4.067      3.489     
