# ===============================================================================================================================================================================
# TIME     FASTF      PCOOL      TCOOL      GKL        PITCH      Q1         Q2         Q3         Q4         Q5         Q6         Q7         Q8         Q9         Q10       
# (h)      (n/cmWs)   (MPa)      (Celsius)  (kg/s)     (mm)       (kW/m)     (kW/m)     (kW/m)     (kW/m)     (kW/m)     (kW/m)     (kW/m)     (kW/m)     (kW/m)     (kW/m)    
# ===============================================================================================================================================================================
0          3.362e+12  15.8       292.9      1.448e+06  14.30      7.189      12.563     15.133     17.004     18.481     19.588     20.252     20.264     18.798     11.271    
144        3.353e+12  15.8       292.9      1.448e+06  14.30      9.817      15.688     17.298     17.929     18.198     18.286     18.167     17.791     16.487     10.172    
3600       3.346e+12  15.8       292.9      1.448e+06  14.30      12.322     17.844     18.254     17.998     17.707     17.458     17.241     16.952     15.937     10.272    
6120       3.348e+12  15.8       292.9      1.448e+06  14.30      13.465     18.637     18.784     18.360     17.916     17.508     17.138     16.739     15.749     10.508    
10113.6    3.332e+12  15.8       292.9      1.448e+06  14.30      15.739     19.322     18.353     17.850     17.630     17.537     17.550     17.712     17.591     13.015    
10460.6    3.310e+12  15.8       290.5      1.457e+06  14.30      14.641     17.802     17.250     17.020     17.054     17.191     17.419     17.799     17.983     13.471    
10462.6    3.780e+12  15.8       292.9      1.458e+06  14.30      16.746     27.260     32.712     36.598     39.197     40.587     40.526     38.823     34.329     21.071    
10605.6    3.782e+12  15.8       292.9      1.458e+06  14.30      21.069     31.680     35.242     36.966     37.689     37.701     37.033     35.412     31.748     20.163    
14061.6    3.877e+12  15.8       292.9      1.458e+06  14.30      24.238     31.754     32.510     32.280     32.211     32.206     32.227     32.067     30.664     21.410    
17253.6    3.936e+12  15.8       292.9      1.458e+06  14.30      25.745     30.416     29.531     29.047     28.826     28.773     28.868     29.108     28.922     22.242    
17749.4    3.903e+12  15.8       289.2      1.472e+06  14.30      22.849     26.745     26.483     26.542     26.898     27.408     28.041     28.818     29.322     23.010    
17751.4    4.371e+12  15.8       292.9      1.452e+06  14.30      12.950     20.275     24.226     27.265     29.646     31.346     32.335     31.907     29.255     18.929    
17894.4    4.357e+12  15.8       292.9      1.452e+06  14.30      16.467     23.815     26.422     27.917     28.894     29.510     29.829     29.311     27.189     18.176    
21350.4    4.425e+12  15.8       292.9      1.452e+06  14.30      19.541     25.060     25.719     25.882     26.043     26.263     26.533     26.851     25.934     18.731    
25147.2    4.482e+12  15.8       292.9      1.452e+06  14.30      21.296     24.284     23.861     23.590     23.566     23.693     23.951     24.338     24.475     19.344    
25724.6    4.427e+12  15.8       288.1      1.470e+06  14.30      18.437     20.978     20.884     21.079     21.554     22.185     22.953     23.882     24.746     19.996    
25726.6    4.910e+12  15.8       294.8      1.451e+06  14.30      0.654      1.002      1.203      1.351      1.464      1.545      1.598      1.591      1.495      1.021     
25888.8    4.708e+12  15.8       294.8      1.451e+06  14.30      0.935      1.316      1.457      1.526      1.563      1.584      1.598      1.580      1.502      1.063     
26815.2    4.646e+12  15.8       294.8      1.451e+06  14.30      1.004      1.386      1.510      1.565      1.593      1.610      1.622      1.607      1.535      1.097     
26817.6    4.633e+12  15.7       290.6      1.467e+06  14.30      1.105      1.516      1.641      1.692      1.715      1.729      1.729      1.715      1.638      1.173     
29594.4    4.451e+12  15.7       290.6      1.467e+06  14.30      1.356      1.737      1.798      1.806      1.805      1.805      1.806      1.804      1.754      1.311     
31278.2    4.326e+12  15.7       290.6      1.467e+06  14.30      1.464      1.832      1.880      1.881      1.873      1.867      1.862      1.855      1.805      1.373     
31280.2    4.733e+12  15.8       292.9      1.480e+06  14.30      4.903      6.698      7.949      9.092      10.098     10.938     11.565     11.911     11.956     9.596     
31423.2    4.657e+12  15.8       292.9      1.480e+06  14.30      6.955      8.761      9.552      10.105     10.498     10.783     10.975     11.120     11.042     9.091     
34879.2    4.636e+12  15.8       292.9      1.480e+06  14.30      8.991      10.835     11.257     11.427     11.519     11.588     11.689     11.651     11.515     9.460     
36679.2    4.632e+12  15.8       292.9      1.480e+06  14.30      9.670      11.653     12.086     12.183     12.170     12.123     12.055     11.926     11.597     9.441     
41073.6    4.546e+12  15.8       292.9      1.480e+06  14.30      12.787     14.063     13.609     13.362     13.368     13.524     13.813     14.244     14.542     12.350    
41361.6    4.504e+12  15.8       289.6      1.493e+06  14.30      11.609     12.774     12.493     12.475     12.707     13.080     13.580     14.237     14.860     12.748    
