# ===============================================================================================================================================================================
# TIME     FASTF      PCOOL      TCOOL      GKL        PITCH      Q1         Q2         Q3         Q4         Q5         Q6         Q7         Q8         Q9         Q10       
# (h)      (n/cmWs)   (MPa)      (Celsius)  (kg/s)     (mm)       (kW/m)     (kW/m)     (kW/m)     (kW/m)     (kW/m)     (kW/m)     (kW/m)     (kW/m)     (kW/m)     (kW/m)    
# ===============================================================================================================================================================================
0          3.682e+12  15.8       292.9      1.448e+06  14.30      13.971     24.414     29.409     33.044     35.915     38.065     39.356     39.380     36.531     21.902    
144        3.685e+12  15.8       292.9      1.448e+06  14.30      18.786     30.021     33.103     34.310     34.824     34.994     34.765     34.047     31.550     19.466    
3600       3.761e+12  15.8       292.9      1.448e+06  14.30      22.369     32.394     33.138     32.675     32.147     31.694     31.300     30.775     28.933     18.648    
6120       3.811e+12  15.8       292.9      1.448e+06  14.30      23.397     32.384     32.639     31.902     31.130     30.422     29.779     29.085     27.365     18.258    
10113.6    3.850e+12  15.8       292.9      1.448e+06  14.30      25.387     31.167     29.604     28.793     28.438     28.288     28.309     28.571     28.376     20.994    
10460.6    3.830e+12  15.8       290.5      1.457e+06  14.30      23.566     28.654     27.766     27.395     27.451     27.671     28.038     28.649     28.945     21.683    
10462.6    4.152e+12  15.8       292.9      1.458e+06  14.30      13.699     22.299     26.760     29.938     32.065     33.202     33.152     31.759     28.083     17.237    
10605.6    4.152e+12  15.8       292.9      1.458e+06  14.30      17.476     26.278     29.232     30.662     31.262     31.272     30.718     29.374     26.334     16.725    
14061.6    4.165e+12  15.8       292.9      1.458e+06  14.30      20.890     27.368     28.019     27.822     27.762     27.758     27.776     27.638     26.428     18.453    
17253.6    4.170e+12  15.8       292.9      1.458e+06  14.30      22.565     26.658     25.883     25.458     25.265     25.218     25.301     25.512     25.349     19.494    
17749.4    4.125e+12  15.8       289.2      1.472e+06  14.30      19.968     23.374     23.145     23.196     23.507     23.953     24.506     25.185     25.625     20.109    
17751.4    4.514e+12  15.8       292.9      1.452e+06  14.30      10.303     16.131     19.274     21.691     23.586     24.939     25.726     25.385     23.275     15.060    
17894.4    4.496e+12  15.8       292.9      1.452e+06  14.30      13.340     19.293     21.405     22.616     23.408     23.906     24.164     23.745     22.026     14.724    
21350.4    4.487e+12  15.8       292.9      1.452e+06  14.30      16.516     21.181     21.738     21.876     22.011     22.198     22.426     22.695     21.919     15.831    
25147.2    4.482e+12  15.8       292.9      1.452e+06  14.30      18.647     21.263     20.892     20.656     20.634     20.746     20.971     21.310     21.430     16.938    
25724.6    4.418e+12  15.8       288.1      1.470e+06  14.30      16.073     18.288     18.206     18.376     18.790     19.340     20.009     20.820     21.573     17.432    
25726.6    4.802e+12  15.8       294.8      1.451e+06  14.30      2.939      4.506      5.410      6.078      6.584      6.947      7.188      7.157      6.725      4.590     
25888.8    4.734e+12  15.8       294.8      1.451e+06  14.30      4.045      5.692      6.300      6.600      6.762      6.853      6.912      6.835      6.498      4.598     
26815.2    4.715e+12  15.8       294.8      1.451e+06  14.30      4.284      5.914      6.443      6.678      6.798      6.867      6.921      6.855      6.547      4.679     
26817.6    4.666e+12  15.7       290.6      1.467e+06  14.30      4.743      6.502      7.041      7.260      7.360      7.416      7.418      7.359      7.027      5.033     
29594.4    4.601e+12  15.7       290.6      1.467e+06  14.30      5.578      7.146      7.396      7.429      7.426      7.425      7.431      7.422      7.217      5.394     
31278.2    4.557e+12  15.7       290.6      1.467e+06  14.30      5.872      7.348      7.541      7.542      7.513      7.487      7.467      7.439      7.240      5.508     
31280.2    5.565e+12  15.8       292.9      1.480e+06  14.30      1.240      1.694      2.010      2.299      2.553      2.766      2.924      3.012      3.023      2.426     
31423.2    5.386e+12  15.8       292.9      1.480e+06  14.30      1.820      2.292      2.499      2.644      2.747      2.821      2.872      2.910      2.889      2.379     
34879.2    5.117e+12  15.8       292.9      1.480e+06  14.30      2.549      3.071      3.191      3.239      3.265      3.285      3.313      3.303      3.264      2.682     
36679.2    4.970e+12  15.8       292.9      1.480e+06  14.30      2.851      3.436      3.563      3.592      3.588      3.574      3.554      3.516      3.419      2.783     
41073.6    4.523e+12  15.8       292.9      1.480e+06  14.30      4.320      4.751      4.598      4.514      4.516      4.569      4.667      4.812      4.913      4.172     
41361.6    4.489e+12  15.8       289.6      1.493e+06  14.30      3.909      4.301      4.206      4.200      4.278      4.404      4.572      4.793      5.003      4.292     
