# ===============================================================================================================================================================================
# TIME     FASTF      PCOOL      TCOOL      GKL        PITCH      Q1         Q2         Q3         Q4         Q5         Q6         Q7         Q8         Q9         Q10       
# (h)      (n/cmWs)   (MPa)      (Celsius)  (kg/s)     (mm)       (kW/m)     (kW/m)     (kW/m)     (kW/m)     (kW/m)     (kW/m)     (kW/m)     (kW/m)     (kW/m)     (kW/m)    
# ===============================================================================================================================================================================
0          3.350e+12  15.8       292.9      1.448e+06  14.30      8.182      14.297     17.222     19.351     21.032     22.292     23.047     23.061     21.393     12.826    
144        3.346e+12  15.8       292.9      1.448e+06  14.30      11.128     17.783     19.609     20.324     20.628     20.729     20.594     20.168     18.689     11.531    
3600       3.370e+12  15.8       292.9      1.448e+06  14.30      13.753     19.917     20.375     20.089     19.765     19.486     19.244     18.921     17.789     11.465    
6120       3.385e+12  15.8       292.9      1.448e+06  14.30      14.917     20.648     20.810     20.340     19.848     19.396     18.986     18.544     17.447     11.641    
10113.6    3.392e+12  15.8       292.9      1.448e+06  14.30      17.221     21.142     20.082     19.531     19.291     19.189     19.203     19.381     19.249     14.241    
10460.6    3.369e+12  15.8       290.5      1.457e+06  14.30      16.023     19.483     18.879     18.626     18.665     18.814     19.064     19.479     19.681     14.743    
10462.6    3.815e+12  15.8       292.9      1.458e+06  14.30      16.931     27.561     33.073     37.002     39.630     41.035     40.973     39.252     34.708     21.304    
10605.6    3.816e+12  15.8       292.9      1.458e+06  14.30      21.304     32.033     35.634     37.378     38.109     38.121     37.446     35.807     32.102     20.388    
14061.6    3.916e+12  15.8       292.9      1.458e+06  14.30      24.489     32.082     32.846     32.614     32.544     32.539     32.560     32.399     30.981     21.632    
17253.6    3.976e+12  15.8       292.9      1.458e+06  14.30      25.993     30.708     29.815     29.326     29.103     29.049     29.145     29.387     29.200     22.456    
17749.4    3.940e+12  15.8       289.2      1.472e+06  14.30      23.073     27.008     26.744     26.803     27.162     27.677     28.316     29.101     29.610     23.236    
17751.4    4.567e+12  15.8       292.9      1.452e+06  14.30      12.183     19.075     22.792     25.651     27.891     29.491     30.421     30.018     27.523     17.809    
17894.4    4.553e+12  15.8       292.9      1.452e+06  14.30      15.505     22.424     24.879     26.287     27.207     27.786     28.087     27.600     25.602     17.115    
21350.4    4.579e+12  15.8       292.9      1.452e+06  14.30      18.623     23.883     24.511     24.666     24.819     25.029     25.287     25.590     24.716     17.851    
25147.2    4.599e+12  15.8       292.9      1.452e+06  14.30      20.495     23.370     22.963     22.702     22.679     22.801     23.049     23.422     23.554     18.616    
25724.6    4.541e+12  15.8       288.1      1.470e+06  14.30      17.750     20.196     20.106     20.294     20.751     21.359     22.098     22.992     23.824     19.251    
25726.6    4.703e+12  15.8       294.8      1.451e+06  14.30      1.105      1.694      2.034      2.286      2.476      2.612      2.703      2.691      2.529      1.726     
25888.8    4.602e+12  15.8       294.8      1.451e+06  14.30      1.551      2.183      2.416      2.531      2.593      2.628      2.650      2.621      2.492      1.763     
26815.2    4.555e+12  15.8       294.8      1.451e+06  14.30      1.651      2.280      2.484      2.574      2.621      2.647      2.668      2.643      2.524      1.804     
26817.6    4.528e+12  15.7       290.6      1.467e+06  14.30      1.823      2.499      2.706      2.790      2.829      2.850      2.851      2.828      2.701      1.934     
29594.4    4.388e+12  15.7       290.6      1.467e+06  14.30      2.181      2.795      2.893      2.906      2.905      2.904      2.906      2.903      2.823      2.110     
31278.2    4.306e+12  15.7       290.6      1.467e+06  14.30      2.323      2.907      2.984      2.984      2.973      2.962      2.955      2.943      2.865      2.179     
31280.2    4.752e+12  15.8       292.9      1.480e+06  14.30      3.398      4.642      5.509      6.302      6.999      7.581      8.016      8.255      8.287      6.651     
31423.2    4.675e+12  15.8       292.9      1.480e+06  14.30      4.877      6.144      6.699      7.087      7.363      7.562      7.697      7.798      7.744      6.376     
34879.2    4.571e+12  15.8       292.9      1.480e+06  14.30      6.519      7.856      8.161      8.284      8.351      8.401      8.474      8.447      8.348      6.859     
36679.2    4.531e+12  15.8       292.9      1.480e+06  14.30      7.115      8.575      8.894      8.965      8.955      8.921      8.871      8.776      8.534      6.948     
41073.6    4.386e+12  15.8       292.9      1.480e+06  14.30      9.752      10.725     10.379     10.191     10.196     10.315     10.535     10.864     11.091     9.419     
41361.6    4.349e+12  15.8       289.6      1.493e+06  14.30      8.853      9.741      9.527      9.513      9.690      9.975      10.356     10.857     11.332     9.722     
