# ===============================================================================================================================================================================
# TIME     FASTF      PCOOL      TCOOL      GKL        PITCH      Q1         Q2         Q3         Q4         Q5         Q6         Q7         Q8         Q9         Q10       
# (h)      (n/cmWs)   (MPa)      (Celsius)  (kg/s)     (mm)       (kW/m)     (kW/m)     (kW/m)     (kW/m)     (kW/m)     (kW/m)     (kW/m)     (kW/m)     (kW/m)     (kW/m)    
# ===============================================================================================================================================================================
0          3.486e+12  15.8       292.9      1.448e+06  14.30      8.749      15.276     18.397     20.680     22.496     23.869     24.709     24.759     23.002     13.810    
144        3.476e+12  15.8       292.9      1.448e+06  14.30      11.913     19.023     20.969     21.737     22.074     22.196     22.072     21.637     20.073     12.399    
3600       3.481e+12  15.8       292.9      1.448e+06  14.30      14.910     21.590     22.081     21.768     21.412     21.107     20.840     20.487     19.258     12.414    
6120       3.487e+12  15.8       292.9      1.448e+06  14.30      16.298     22.553     22.727     22.214     21.678     21.186     20.740     20.258     19.061     12.722    
10113.6    3.482e+12  15.8       292.9      1.448e+06  14.30      18.858     23.156     21.997     21.393     21.127     21.013     21.024     21.213     21.063     15.581    
10460.6    3.463e+12  15.8       290.5      1.457e+06  14.30      17.537     21.328     20.668     20.392     20.432     20.593     20.862     21.312     21.527     16.124    
10462.6    4.066e+12  15.8       292.9      1.458e+06  14.30      15.290     24.868     29.815     33.341     35.699     36.957     36.895     35.338     31.235     19.155    
10605.6    4.063e+12  15.8       292.9      1.458e+06  14.30      19.199     28.850     32.076     33.640     34.300     34.314     33.709     32.236     28.897     18.341    
14061.6    4.110e+12  15.8       292.9      1.458e+06  14.30      22.547     29.522     30.217     30.006     29.948     29.951     29.980     29.845     28.554     19.944    
17253.6    4.146e+12  15.8       292.9      1.458e+06  14.30      24.289     28.686     27.846     27.391     27.188     27.141     27.235     27.469     27.304     21.004    
17749.4    4.102e+12  15.8       289.2      1.472e+06  14.30      21.594     25.267     25.015     25.072     25.410     25.895     26.497     27.238     27.724     21.761    
17751.4    5.024e+12  15.8       292.9      1.452e+06  14.30      10.613     16.627     19.878     22.386     24.357     25.770     26.601     26.263     24.089     15.587    
17894.4    5.011e+12  15.8       292.9      1.452e+06  14.30      13.630     19.720     21.883     23.129     23.948     24.466     24.739     24.319     22.565     15.082    
21350.4    4.936e+12  15.8       292.9      1.452e+06  14.30      16.841     21.601     22.166     22.304     22.440     22.628     22.859     23.133     22.347     16.139    
25147.2    4.853e+12  15.8       292.9      1.452e+06  14.30      18.999     21.667     21.288     21.043     21.016     21.124     21.347     21.688     21.808     17.235    
25724.6    4.772e+12  15.8       288.1      1.470e+06  14.30      16.468     18.740     18.655     18.826     19.245     19.803     20.482     21.307     22.075     17.835    
25726.6    4.717e+12  15.8       294.8      1.451e+06  14.30      2.794      4.280      5.134      5.768      6.250      6.601      6.812      6.825      6.432      4.402     
25888.8    4.588e+12  15.8       294.8      1.451e+06  14.30      3.890      5.470      6.046      6.329      6.482      6.569      6.627      6.559      6.247      4.427     
26815.2    4.540e+12  15.8       294.8      1.451e+06  14.30      4.103      5.660      6.161      6.380      6.493      6.557      6.610      6.552      6.267      4.486     
26817.6    4.501e+12  15.7       290.6      1.467e+06  14.30      4.544      6.225      6.734      6.939      7.032      7.085      7.088      7.037      6.729      4.827     
29594.4    4.368e+12  15.7       290.6      1.467e+06  14.30      5.328      6.823      7.059      7.088      7.084      7.081      7.086      7.077      6.886      5.151     
31278.2    4.283e+12  15.7       290.6      1.467e+06  14.30      5.609      7.018      7.200      7.200      7.172      7.145      7.126      7.098      6.911      5.261     
31280.2    4.699e+12  15.8       292.9      1.480e+06  14.30      1.308      1.786      2.120      2.422      2.687      2.906      3.067      3.170      3.148      2.535     
31423.2    4.593e+12  15.8       292.9      1.480e+06  14.30      1.925      2.424      2.643      2.794      2.900      2.974      3.023      3.060      3.031      2.496     
34879.2    4.479e+12  15.8       292.9      1.480e+06  14.30      2.696      3.249      3.376      3.425      3.450      3.468      3.494      3.479      3.434      2.823     
36679.2    4.403e+12  15.8       292.9      1.480e+06  14.30      3.011      3.628      3.763      3.792      3.785      3.768      3.744      3.700      3.594      2.929     
41073.6    4.216e+12  15.8       292.9      1.480e+06  14.30      4.432      4.882      4.728      4.641      4.640      4.690      4.786      4.928      5.021      4.263     
41361.6    4.169e+12  15.8       289.6      1.493e+06  14.30      4.017      4.427      4.333      4.325      4.403      4.529      4.698      4.919      5.123      4.392     
