# ===============================================================================================================================================================================
# TIME     FASTF      PCOOL      TCOOL      GKL        PITCH      Q1         Q2         Q3         Q4         Q5         Q6         Q7         Q8         Q9         Q10       
# (h)      (n/cmWs)   (MPa)      (Celsius)  (kg/s)     (mm)       (kW/m)     (kW/m)     (kW/m)     (kW/m)     (kW/m)     (kW/m)     (kW/m)     (kW/m)     (kW/m)     (kW/m)    
# ===============================================================================================================================================================================
0          3.500e+12  15.8       292.9      1.448e+06  14.30      6.405      11.184     13.468     15.140     16.469     17.474     18.089     18.126     16.840     10.110    
144        3.483e+12  15.8       292.9      1.448e+06  14.30      8.787      14.031     15.466     16.033     16.281     16.372     16.279     15.959     14.806     9.145     
3600       3.437e+12  15.8       292.9      1.448e+06  14.30      11.270     16.320     16.691     16.454     16.185     15.954     15.753     15.486     14.557     9.383     
6120       3.409e+12  15.8       292.9      1.448e+06  14.30      12.432     17.204     17.337     16.946     16.537     16.161     15.821     15.453     14.540     9.704     
10113.6    3.364e+12  15.8       292.9      1.448e+06  14.30      14.746     18.107     17.200     16.728     16.520     16.430     16.439     16.587     16.469     12.183    
10460.6    3.342e+12  15.8       290.5      1.457e+06  14.30      13.716     16.682     16.165     15.949     15.981     16.107     16.317     16.669     16.837     12.611    
10462.6    3.921e+12  15.8       292.9      1.458e+06  14.30      16.173     26.303     31.536     35.265     37.759     39.090     39.024     37.378     33.038     20.261    
10605.6    3.920e+12  15.8       292.9      1.458e+06  14.30      20.282     30.479     33.886     35.540     36.237     36.251     35.612     34.056     30.528     19.377    
14061.6    3.983e+12  15.8       292.9      1.458e+06  14.30      23.432     30.681     31.403     31.184     31.123     31.127     31.157     31.016     29.675     20.726    
17253.6    4.024e+12  15.8       292.9      1.458e+06  14.30      25.023     29.554     28.688     28.220     28.010     27.962     28.059     28.300     28.130     21.639    
17749.4    3.990e+12  15.8       289.2      1.472e+06  14.30      22.224     26.004     25.745     25.804     26.152     26.651     27.270     28.033     28.533     22.397    
17751.4    4.467e+12  15.8       292.9      1.452e+06  14.30      12.782     20.026     23.941     26.962     29.335     31.038     32.038     31.631     29.013     18.773    
17894.4    4.452e+12  15.8       292.9      1.452e+06  14.30      16.280     23.554     26.137     27.625     28.603     29.222     29.549     29.047     26.951     18.014    
21350.4    4.523e+12  15.8       292.9      1.452e+06  14.30      19.330     24.793     25.442     25.601     25.756     25.972     26.238     26.552     25.649     18.524    
25147.2    4.576e+12  15.8       292.9      1.452e+06  14.30      21.093     24.056     23.635     23.363     23.333     23.452     23.701     24.079     24.213     19.134    
25724.6    4.520e+12  15.8       288.1      1.470e+06  14.30      18.277     20.799     20.704     20.894     21.359     21.978     22.732     23.647     24.500     19.794    
25726.6    5.238e+12  15.8       294.8      1.451e+06  14.30      0.525      0.803      0.964      1.083      1.173      1.239      1.279      1.281      1.208      0.826     
25888.8    4.952e+12  15.8       294.8      1.451e+06  14.30      0.769      1.082      1.196      1.252      1.282      1.299      1.311      1.297      1.235      0.876     
26815.2    4.874e+12  15.8       294.8      1.451e+06  14.30      0.830      1.145      1.246      1.291      1.314      1.327      1.337      1.326      1.268      0.908     
26817.6    4.840e+12  15.7       290.6      1.467e+06  14.30      0.913      1.250      1.353      1.394      1.412      1.423      1.424      1.413      1.352      0.970     
29594.4    4.594e+12  15.7       290.6      1.467e+06  14.30      1.140      1.459      1.510      1.516      1.515      1.514      1.516      1.514      1.473      1.102     
31278.2    4.427e+12  15.7       290.6      1.467e+06  14.30      1.244      1.556      1.596      1.596      1.590      1.584      1.580      1.574      1.532      1.166     
31280.2    4.727e+12  15.8       292.9      1.480e+06  14.30      5.289      7.224      8.572      9.795      10.864     11.749     12.403     12.817     12.729     10.252    
31423.2    4.676e+12  15.8       292.9      1.480e+06  14.30      7.470      9.410      10.260     10.845     11.254     11.544     11.733     11.875     11.763     9.689     
34879.2    4.712e+12  15.8       292.9      1.480e+06  14.30      9.496      11.444     11.891     12.065     12.152     12.215     12.308     12.254     12.095     9.944     
36679.2    4.733e+12  15.8       292.9      1.480e+06  14.30      10.146     12.226     12.682     12.778     12.756     12.698     12.616     12.467     12.111     9.869     
41073.6    4.693e+12  15.8       292.9      1.480e+06  14.30      13.259     14.604     14.144     13.882     13.879     14.031     14.316     14.742     15.019     12.753    
41361.6    4.656e+12  15.8       289.6      1.493e+06  14.30      12.039     13.269     12.986     12.961     13.195     13.573     14.080     14.742     15.355     13.163    
