# ===============================================================================================================================================================================
# TIME     FASTF      PCOOL      TCOOL      GKL        PITCH      Q1         Q2         Q3         Q4         Q5         Q6         Q7         Q8         Q9         Q10       
# (h)      (n/cmWs)   (MPa)      (Celsius)  (kg/s)     (mm)       (kW/m)     (kW/m)     (kW/m)     (kW/m)     (kW/m)     (kW/m)     (kW/m)     (kW/m)     (kW/m)     (kW/m)    
# ===============================================================================================================================================================================
0          3.352e+12  15.8       292.9      1.448e+06  14.30      12.893     22.512     27.110     30.474     33.151     35.174     36.412     36.486     33.897     20.351    
144        3.359e+12  15.8       292.9      1.448e+06  14.30      17.359     27.719     30.554     31.673     32.165     32.343     32.161     31.528     29.249     18.067    
3600       3.486e+12  15.8       292.9      1.448e+06  14.30      20.509     29.699     30.374     29.943     29.454     29.034     28.667     28.181     26.490     17.076    
6120       3.552e+12  15.8       292.9      1.448e+06  14.30      21.458     29.694     29.923     29.248     28.542     27.894     27.306     26.671     25.096     16.750    
10113.6    3.621e+12  15.8       292.9      1.448e+06  14.30      23.526     28.889     27.442     26.689     26.357     26.214     26.228     26.465     26.277     19.437    
10460.6    3.602e+12  15.8       290.5      1.457e+06  14.30      21.849     26.572     25.750     25.406     25.455     25.656     25.991     26.552     26.820     20.088    
10462.6    3.954e+12  15.8       292.9      1.458e+06  14.30      15.543     25.278     30.307     33.892     36.288     37.567     37.504     35.921     31.751     19.472    
10605.6    3.953e+12  15.8       292.9      1.458e+06  14.30      19.614     29.475     32.770     34.369     35.043     35.057     34.439     32.934     29.523     18.739    
14061.6    4.016e+12  15.8       292.9      1.458e+06  14.30      22.774     29.820     30.521     30.309     30.250     30.253     30.283     30.146     28.842     20.145    
17253.6    4.056e+12  15.8       292.9      1.458e+06  14.30      24.282     28.678     27.839     27.384     27.180     27.134     27.228     27.462     27.297     20.998    
17749.4    4.013e+12  15.8       289.2      1.472e+06  14.30      21.515     25.175     24.923     24.980     25.318     25.800     26.400     27.138     27.623     21.682    
17751.4    4.355e+12  15.8       292.9      1.452e+06  14.30      11.434     17.913     21.416     24.117     26.241     27.764     28.658     28.294     25.953     16.792    
17894.4    4.340e+12  15.8       292.9      1.452e+06  14.30      14.747     21.335     23.676     25.023     25.909     26.470     26.766     26.311     24.413     16.318    
21350.4    4.359e+12  15.8       292.9      1.452e+06  14.30      17.955     23.031     23.633     23.780     23.925     24.125     24.372     24.664     23.825     17.207    
25147.2    4.375e+12  15.8       292.9      1.452e+06  14.30      19.957     22.760     22.362     22.104     22.076     22.189     22.424     22.782     22.909     18.104    
25724.6    4.314e+12  15.8       288.1      1.470e+06  14.30      17.224     19.600     19.511     19.690     20.128     20.712     21.423     22.285     23.088     18.653    
25726.6    4.643e+12  15.8       294.8      1.451e+06  14.30      2.115      3.240      3.887      4.367      4.732      4.998      5.157      5.167      4.870      3.332     
25888.8    4.585e+12  15.8       294.8      1.451e+06  14.30      2.959      4.161      4.599      4.815      4.931      4.997      5.041      4.989      4.752      3.368     
26815.2    4.556e+12  15.8       294.8      1.451e+06  14.30      3.139      4.330      4.713      4.881      4.967      5.017      5.057      5.013      4.794      3.432     
26817.6    4.514e+12  15.7       290.6      1.467e+06  14.30      3.474      4.759      5.148      5.305      5.376      5.416      5.419      5.380      5.145      3.691     
29594.4    4.430e+12  15.7       290.6      1.467e+06  14.30      4.108      5.261      5.443      5.466      5.462      5.460      5.464      5.457      5.310      3.972     
31278.2    4.384e+12  15.7       290.6      1.467e+06  14.30      4.338      5.428      5.568      5.568      5.547      5.526      5.511      5.489      5.345      4.069     
31280.2    4.893e+12  15.8       292.9      1.480e+06  14.30      2.414      3.298      3.914      4.472      4.960      5.364      5.663      5.852      5.811      4.681     
31423.2    4.828e+12  15.8       292.9      1.480e+06  14.30      3.484      4.389      4.786      5.058      5.249      5.385      5.473      5.539      5.487      4.519     
34879.2    4.705e+12  15.8       292.9      1.480e+06  14.30      4.729      5.699      5.921      6.008      6.052      6.083      6.129      6.103      6.023      4.952     
36679.2    4.645e+12  15.8       292.9      1.480e+06  14.30      5.196      6.262      6.495      6.545      6.533      6.503      6.461      6.385      6.203      5.054     
41073.6    4.479e+12  15.8       292.9      1.480e+06  14.30      7.371      8.119      7.863      7.717      7.716      7.800      7.959      8.195      8.349      7.090     
41361.6    4.440e+12  15.8       289.6      1.493e+06  14.30      6.697      7.381      7.223      7.210      7.340      7.550      7.832      8.200      8.541      7.322     
