# ===============================================================================================================================================================================
# TIME     FASTF      PCOOL      TCOOL      GKL        PITCH      Q1         Q2         Q3         Q4         Q5         Q6         Q7         Q8         Q9         Q10       
# (h)      (n/cmWs)   (MPa)      (Celsius)  (kg/s)     (mm)       (kW/m)     (kW/m)     (kW/m)     (kW/m)     (kW/m)     (kW/m)     (kW/m)     (kW/m)     (kW/m)     (kW/m)    
# ===============================================================================================================================================================================
0          3.470e+12  15.8       292.9      1.458e+06  14.30      13.599     20.260     23.753     25.895     27.077     27.683     26.914     25.476     22.693     15.140    
144        3.472e+12  15.8       292.9      1.458e+06  14.30      17.080     23.478     25.530     26.168     26.147     25.713     24.922     23.667     21.496     14.910    
3600       3.503e+12  15.8       292.9      1.458e+06  14.30      21.566     27.955     28.262     27.636     26.957     26.347     25.781     25.104     23.549     16.660    
6792       3.554e+12  15.8       292.9      1.458e+06  14.30      24.223     31.342     30.593     29.454     28.461     27.582     26.791     26.011     24.419     17.307    
7287.8     3.525e+12  15.8       289.2      1.472e+06  14.30      21.509     27.851     27.505     27.150     27.019     26.953     26.866     26.664     25.515     18.261    
7289.8     3.903e+12  15.8       292.9      1.452e+06  14.30      11.960     19.254     23.134     26.441     29.277     31.495     32.873     32.971     30.567     19.982    
7432.8     3.904e+12  15.8       292.9      1.452e+06  14.30      16.132     23.996     26.669     28.453     29.807     30.789     31.441     31.138     29.042     19.483    
10888.8    3.943e+12  15.8       292.9      1.452e+06  14.30      20.410     26.886     27.460     27.627     27.834     28.113     28.455     28.898     28.092     20.170    
14685.6    3.983e+12  15.8       292.9      1.452e+06  14.30      22.639     26.831     25.962     25.553     25.439     25.498     25.715     26.125     26.277     20.718    
15263      3.929e+12  15.8       288.1      1.470e+06  14.30      19.406     22.756     22.494     22.605     23.032     23.630     24.387     25.371     26.391     21.253    
15265      4.338e+12  15.8       292.9      1.459e+06  14.30      15.401     22.615     25.969     29.046     31.888     34.202     35.712     36.235     33.728     20.791    
15408      4.337e+12  15.8       292.9      1.459e+06  14.30      20.456     27.761     29.409     30.485     31.383     32.050     32.504     32.170     30.189     19.092    
18864      4.373e+12  15.8       292.9      1.459e+06  14.30      24.509     28.766     27.863     27.462     27.378     27.477     27.758     28.230     28.160     20.008    
19240.8    4.378e+12  15.8       292.9      1.459e+06  14.30      24.901     28.793     27.699     27.230     27.095     27.149     27.395     27.873     27.925     20.107    
20223.8    4.252e+12  15.8       282.7      1.497e+06  14.30      18.532     21.105     21.019     21.481     22.307     23.329     24.565     26.137     27.799     21.111    
20225.8    4.728e+12  15.7       290.6      1.466e+06  14.30      10.013     14.356     16.846     19.198     21.486     23.617     25.471     26.830     27.009     20.125    
20376      4.720e+12  15.7       290.6      1.466e+06  14.30      13.761     18.351     19.933     21.061     22.030     22.895     23.656     24.229     24.033     18.196    
24014.4    4.771e+12  15.7       290.6      1.466e+06  14.30      17.291     21.078     21.187     21.095     21.132     21.296     21.581     21.958     21.928     17.150    
27424.8    4.787e+12  15.7       290.6      1.466e+06  14.30      18.964     21.647     21.052     20.732     20.584     20.528     20.571     20.778     20.879     17.164    
29108.6    4.781e+12  15.7       290.6      1.466e+06  14.30      20.098     21.349     20.568     20.195     20.076     20.067     20.173     20.518     21.000     18.120    
29110.6    4.987e+12  15.8       292.9      1.480e+06  14.30      1.470      2.008      2.396      2.733      3.019      3.247      3.406      3.491      3.435      2.745     
29253.6    4.871e+12  15.8       292.9      1.480e+06  14.30      2.140      2.693      2.952      3.118      3.225      3.294      3.345      3.329      3.289      2.686     
32709.6    4.749e+12  15.8       292.9      1.480e+06  14.30      2.985      3.629      3.807      3.864      3.882      3.886      3.881      3.850      3.748      3.020     
34509.6    4.710e+12  15.8       292.9      1.480e+06  14.30      3.326      4.072      4.273      4.305      4.283      4.243      4.191      4.105      3.919      3.110     
38904      4.539e+12  15.8       292.9      1.480e+06  14.30      4.835      5.387      5.274      5.189      5.190      5.242      5.337      5.466      5.484      4.508     
39192      4.504e+12  15.8       289.6      1.493e+06  14.30      4.380      4.884      4.832      4.837      4.928      5.066      5.246      5.464      5.572      4.648     
