# ===============================================================================================================================================================================
# TIME     FASTF      PCOOL      TCOOL      GKL        PITCH      Q1         Q2         Q3         Q4         Q5         Q6         Q7         Q8         Q9         Q10       
# (h)      (n/cmWs)   (MPa)      (Celsius)  (kg/s)     (mm)       (kW/m)     (kW/m)     (kW/m)     (kW/m)     (kW/m)     (kW/m)     (kW/m)     (kW/m)     (kW/m)     (kW/m)    
# ===============================================================================================================================================================================
0          3.563e+12  15.8       292.9      1.452e+06  14.30      17.380     27.148     32.216     35.481     37.589     38.698     38.587     37.001     32.630     19.364    
144        3.568e+12  15.8       292.9      1.452e+06  14.30      22.020     31.626     34.778     35.957     36.313     36.158     35.514     34.077     30.646     18.971    
3600       3.653e+12  15.8       292.9      1.452e+06  14.30      25.152     33.061     33.752     33.363     32.901     32.497     32.126     31.582     29.725     19.557    
7396.8     3.715e+12  15.8       292.9      1.452e+06  14.30      26.537     33.688     33.101     32.186     31.500     30.983     30.577     30.193     28.919     19.740    
7974.2     3.674e+12  15.8       288.1      1.470e+06  14.30      23.074     29.479     29.456     29.287     29.388     29.634     29.961     30.289     29.661     20.533    
7976.2     3.925e+12  15.8       292.9      1.459e+06  14.30      14.489     22.947     26.906     30.056     32.781     34.883     36.103     35.985     32.980     19.946    
8119.2     3.935e+12  15.8       292.9      1.459e+06  14.30      19.485     28.397     30.621     31.644     32.314     32.733     32.722     32.104     29.524     18.366    
11575.2    4.023e+12  15.8       292.9      1.459e+06  14.30      24.712     31.346     30.666     30.004     29.610     29.397     29.356     29.459     28.790     19.424    
11952      4.028e+12  15.8       292.9      1.459e+06  14.30      25.177     31.576     30.584     29.845     29.398     29.141     29.069     29.184     28.642     19.576    
12935      3.914e+12  15.8       282.7      1.497e+06  14.30      19.343     23.964     23.963     24.285     24.938     25.768     26.782     28.055     28.992     20.834    
12937      4.258e+12  15.8       292.9      1.480e+06  14.30      9.713      14.797     17.584     20.119     22.407     24.340     25.811     26.666     26.267     18.880    
13080      4.249e+12  15.8       292.9      1.480e+06  14.30      13.525     19.076     20.853     22.025     22.873     23.471     23.848     24.099     23.364     17.017    
16536      4.252e+12  15.8       292.9      1.480e+06  14.30      16.247     21.160     21.790     21.960     22.030     22.069     22.159     22.033     21.476     16.137    
18336      4.260e+12  15.8       292.9      1.480e+06  14.30      16.537     21.091     21.555     21.558     21.457     21.328     21.188     20.989     20.344     15.484    
22730.4    4.256e+12  15.8       292.9      1.480e+06  14.30      20.016     21.840     20.821     20.301     20.132     20.158     20.370     20.850     21.438     18.348    
23018.4    4.211e+12  15.8       289.6      1.493e+06  14.30      17.949     19.606     18.920     18.766     18.949     19.308     19.838     20.640     21.792     18.821    
