# ===============================================================================================================================================================================
# TIME     FASTF      PCOOL      TCOOL      GKL        PITCH      Q1         Q2         Q3         Q4         Q5         Q6         Q7         Q8         Q9         Q10       
# (h)      (n/cmWs)   (MPa)      (Celsius)  (kg/s)     (mm)       (kW/m)     (kW/m)     (kW/m)     (kW/m)     (kW/m)     (kW/m)     (kW/m)     (kW/m)     (kW/m)     (kW/m)    
# ===============================================================================================================================================================================
0          3.725e+12  15.7       290.6      1.475e+06  14.30      11.556     17.224     20.867     24.361     27.746     30.813     33.324     34.942     34.649     25.490    
151.2      3.731e+12  15.7       290.6      1.475e+06  14.30      16.927     23.144     25.462     27.061     28.374     29.449     30.268     30.880     30.025     22.386    
6820.8     3.645e+12  15.7       290.6      1.475e+06  14.30      24.973     32.999     32.999     32.249     31.554     30.951     30.431     29.899     28.425     20.186    
10098.2    3.700e+12  15.7       290.6      1.475e+06  14.30      26.764     31.569     30.254     29.398     28.942     28.672     28.575     28.749     28.737     22.458    
10100.2    4.048e+12  15.8       292.9      1.480e+06  14.30      13.125     20.403     24.281     27.439     30.011     31.941     33.110     33.250     31.483     20.703    
10243.2    4.046e+12  15.8       292.9      1.480e+06  14.30      17.743     25.449     27.819     29.053     29.711     30.018     29.922     29.403     27.733     18.599    
13699.2    4.147e+12  15.8       292.9      1.480e+06  14.30      20.294     27.056     27.990     28.035     27.862     27.620     27.310     26.787     25.315     17.488    
15499.2    4.200e+12  15.8       292.9      1.480e+06  14.30      20.472     27.026     27.991     27.700     27.328     26.885     26.379     25.669     24.028     16.676    
19893.6    4.261e+12  15.8       292.9      1.480e+06  14.30      22.812     25.719     24.736     24.187     24.061     24.170     24.478     24.982     25.047     19.404    
20181.6    4.221e+12  15.8       289.6      1.493e+06  14.30      20.481     23.117     22.520     22.425     22.738     23.263     23.971     24.887     25.493     20.060    
