# ===============================================================================================================================================================================
# TIME     FASTF      PCOOL      TCOOL      GKL        PITCH      Q1         Q2         Q3         Q4         Q5         Q6         Q7         Q8         Q9         Q10       
# (h)      (n/cmWs)   (MPa)      (Celsius)  (kg/s)     (mm)       (kW/m)     (kW/m)     (kW/m)     (kW/m)     (kW/m)     (kW/m)     (kW/m)     (kW/m)     (kW/m)     (kW/m)    
# ===============================================================================================================================================================================
0          3.665e+12  15.7       290.6      1.475e+06  14.30      12.354     18.413     22.308     26.042     29.661     32.940     35.624     37.354     37.040     27.250    
151.2      3.681e+12  15.7       290.6      1.475e+06  14.30      18.004     24.616     27.082     28.783     30.180     31.322     32.194     32.844     31.936     23.811    
6820.8     3.806e+12  15.7       290.6      1.475e+06  14.30      25.260     33.377     33.377     32.619     31.916     31.306     30.780     30.242     28.751     20.417    
10098.2    3.859e+12  15.7       290.6      1.475e+06  14.30      26.889     31.717     30.396     29.536     29.077     28.806     28.709     28.883     28.871     22.563    
10100.2    4.217e+12  15.8       292.9      1.480e+06  14.30      12.247     19.038     22.657     25.604     28.003     29.804     30.895     31.026     29.377     19.318    
10243.2    4.211e+12  15.8       292.9      1.480e+06  14.30      16.602     23.813     26.031     27.185     27.801     28.089     27.999     27.513     25.950     17.403    
13699.2    4.260e+12  15.8       292.9      1.480e+06  14.30      19.269     25.688     26.575     26.618     26.454     26.223     25.929     25.433     24.035     16.604    
15499.2    4.292e+12  15.8       292.9      1.480e+06  14.30      19.533     25.786     26.707     26.429     26.074     25.651     25.169     24.491     22.926     15.911    
19893.6    4.317e+12  15.8       292.9      1.480e+06  14.30      22.054     24.865     23.915     23.384     23.262     23.368     23.665     24.153     24.216     18.760    
20181.6    4.272e+12  15.8       289.6      1.493e+06  14.30      19.816     22.366     21.789     21.697     22.000     22.508     23.193     24.079     24.666     19.409    
