# ===============================================================================================================================================================================
# TIME     FASTF      PCOOL      TCOOL      GKL        PITCH      Q1         Q2         Q3         Q4         Q5         Q6         Q7         Q8         Q9         Q10       
# (h)      (n/cmWs)   (MPa)      (Celsius)  (kg/s)     (mm)       (kW/m)     (kW/m)     (kW/m)     (kW/m)     (kW/m)     (kW/m)     (kW/m)     (kW/m)     (kW/m)     (kW/m)    
# ===============================================================================================================================================================================
0          3.698e+12  15.7       290.6      1.475e+06  14.30      11.861     17.749     21.520     25.079     28.489     31.544     33.999     35.497     35.004     25.615    
151.2      3.705e+12  15.7       290.6      1.475e+06  14.30      17.363     23.831     26.244     27.854     29.142     30.170     30.920     31.409     30.401     22.551    
6820.8     3.813e+12  15.7       290.6      1.475e+06  14.30      24.936     32.967     32.935     32.173     31.466     30.853     30.322     29.775     28.287     20.070    
10098.2    3.842e+12  15.7       290.6      1.475e+06  14.30      26.500     31.205     29.904     29.060     28.612     28.349     28.256     28.429     28.418     22.229    
10100.2    4.217e+12  15.8       292.9      1.480e+06  14.30      13.740     21.364     25.466     28.827     31.581     33.666     34.953     35.152     33.293     21.852    
10243.2    4.222e+12  15.8       292.9      1.480e+06  14.30      18.547     26.605     29.122     30.455     31.185     31.548     31.485     30.974     29.216     19.557    
13699.2    4.407e+12  15.8       292.9      1.480e+06  14.30      20.827     27.768     28.752     28.818     28.657     28.424     28.122     27.600     26.079     17.991    
15499.2    4.477e+12  15.8       292.9      1.480e+06  14.30      20.936     27.641     28.651     28.365     27.995     27.552     27.046     26.329     24.642     17.079    
19893.6    4.532e+12  15.8       292.9      1.480e+06  14.30      23.367     26.356     25.355     24.796     24.669     24.784     25.105     25.627     25.689     19.873    
20181.6    4.487e+12  15.8       289.6      1.493e+06  14.30      21.035     23.750     23.143     23.047     23.372     23.915     24.647     25.594     26.212     20.596    
