# ===============================================================================================================================================================================
# TIME     FASTF      PCOOL      TCOOL      GKL        PITCH      Q1         Q2         Q3         Q4         Q5         Q6         Q7         Q8         Q9         Q10       
# (h)      (n/cmWs)   (MPa)      (Celsius)  (kg/s)     (mm)       (kW/m)     (kW/m)     (kW/m)     (kW/m)     (kW/m)     (kW/m)     (kW/m)     (kW/m)     (kW/m)     (kW/m)    
# ===============================================================================================================================================================================
0          3.807e+12  15.7       290.6      1.475e+06  14.30      11.675     17.470     21.181     24.685     28.042     31.049     33.465     34.940     34.454     25.213    
151.2      3.818e+12  15.7       290.6      1.475e+06  14.30      17.036     23.383     25.750     27.330     28.593     29.602     30.339     30.818     29.829     22.127    
6820.8     3.842e+12  15.7       290.6      1.475e+06  14.30      24.129     31.899     31.869     31.131     30.447     29.854     29.340     28.811     27.371     19.420    
10098.2    3.868e+12  15.7       290.6      1.475e+06  14.30      25.860     30.451     29.181     28.358     27.921     27.664     27.574     27.742     27.731     21.692    
10100.2    4.227e+12  15.8       292.9      1.480e+06  14.30      11.547     17.955     21.402     24.227     26.541     28.294     29.376     29.543     27.980     18.365    
10243.2    4.214e+12  15.8       292.9      1.480e+06  14.30      15.737     22.574     24.710     25.841     26.461     26.768     26.715     26.281     24.790     16.594    
13699.2    4.253e+12  15.8       292.9      1.480e+06  14.30      18.470     24.625     25.497     25.556     25.413     25.206     24.939     24.476     23.127     15.954    
15499.2    4.278e+12  15.8       292.9      1.480e+06  14.30      18.798     24.818     25.724     25.468     25.136     24.738     24.284     23.640     22.125     15.335    
19893.6    4.294e+12  15.8       292.9      1.480e+06  14.30      21.419     24.158     23.241     22.728     22.612     22.718     23.011     23.490     23.547     18.216    
20181.6    4.249e+12  15.8       289.6      1.493e+06  14.30      19.231     21.713     21.157     21.070     21.367     21.863     22.533     23.399     23.963     18.829    
