# ===============================================================================================================================================================================
# TIME     FASTF      PCOOL      TCOOL      GKL        PITCH      Q1         Q2         Q3         Q4         Q5         Q6         Q7         Q8         Q9         Q10       
# (h)      (n/cmWs)   (MPa)      (Celsius)  (kg/s)     (mm)       (kW/m)     (kW/m)     (kW/m)     (kW/m)     (kW/m)     (kW/m)     (kW/m)     (kW/m)     (kW/m)     (kW/m)    
# ===============================================================================================================================================================================
0          3.722e+12  15.7       290.6      1.475e+06  14.30      12.281     18.377     22.282     25.968     29.498     32.661     35.204     36.755     36.244     26.523    
151.2      3.723e+12  15.7       290.6      1.475e+06  14.30      17.806     24.438     26.913     28.564     29.884     30.939     31.708     32.210     31.176     23.126    
6820.8     3.792e+12  15.7       290.6      1.475e+06  14.30      24.534     32.434     32.403     31.653     30.958     30.355     29.833     29.294     27.830     19.745    
10098.2    3.813e+12  15.7       290.6      1.475e+06  14.30      26.279     30.944     29.654     28.818     28.374     28.112     28.021     28.192     28.181     22.043    
10100.2    4.123e+12  15.8       292.9      1.480e+06  14.30      13.888     21.594     25.740     29.137     31.921     34.029     35.330     35.531     33.651     22.087    
10243.2    4.132e+12  15.8       292.9      1.480e+06  14.30      18.722     26.857     29.397     30.742     31.480     31.846     31.782     31.266     29.492     19.742    
13699.2    4.346e+12  15.8       292.9      1.480e+06  14.30      21.414     28.551     29.562     29.630     29.465     29.226     28.915     28.378     26.814     18.498    
15499.2    4.432e+12  15.8       292.9      1.480e+06  14.30      21.801     28.783     29.835     29.537     29.152     28.691     28.164     27.417     25.660     17.785    
19893.6    4.519e+12  15.8       292.9      1.480e+06  14.30      24.495     27.627     26.578     25.992     25.860     25.980     26.316     26.864     26.928     20.832    
20181.6    4.476e+12  15.8       289.6      1.493e+06  14.30      22.107     24.961     24.323     24.222     24.563     25.134     25.904     26.899     27.548     21.646    
