# ===============================================================================================================================================================================
# TIME     FASTF      PCOOL      TCOOL      GKL        PITCH      Q1         Q2         Q3         Q4         Q5         Q6         Q7         Q8         Q9         Q10       
# (h)      (n/cmWs)   (MPa)      (Celsius)  (kg/s)     (mm)       (kW/m)     (kW/m)     (kW/m)     (kW/m)     (kW/m)     (kW/m)     (kW/m)     (kW/m)     (kW/m)     (kW/m)    
# ===============================================================================================================================================================================
0          3.482e+12  15.7       290.6      1.475e+06  14.30      13.436     20.105     24.376     28.408     32.271     35.731     38.513     40.209     39.650     29.016    
151.2      3.499e+12  15.7       290.6      1.475e+06  14.30      19.463     26.713     29.417     31.222     32.666     33.818     34.659     35.207     34.077     25.278    
6820.8     3.644e+12  15.7       290.6      1.475e+06  14.30      26.422     34.930     34.897     34.089     33.340     32.691     32.128     31.548     29.972     21.265    
10098.2    3.719e+12  15.7       290.6      1.475e+06  14.30      27.810     32.747     31.382     30.497     30.026     29.750     29.653     29.834     29.822     23.327    
10100.2    4.054e+12  15.8       292.9      1.480e+06  14.30      13.332     20.731     24.711     27.972     30.644     32.667     33.916     34.109     32.305     21.204    
10243.2    4.048e+12  15.8       292.9      1.480e+06  14.30      18.069     25.920     28.372     29.671     30.382     30.735     30.674     30.176     28.464     19.053    
13699.2    4.146e+12  15.8       292.9      1.480e+06  14.30      20.947     27.928     28.917     28.984     28.822     28.588     28.284     27.759     26.229     18.094    
15499.2    4.200e+12  15.8       292.9      1.480e+06  14.30      21.260     28.068     29.093     28.803     28.428     27.978     27.464     26.736     25.023     17.343    
19893.6    4.268e+12  15.8       292.9      1.480e+06  14.30      23.763     26.801     25.784     25.215     25.087     25.204     25.529     26.061     26.123     20.209    
20181.6    4.225e+12  15.8       289.6      1.493e+06  14.30      21.379     24.139     23.522     23.424     23.754     24.306     25.051     26.013     26.641     20.933    
