# ===============================================================================================================================================================================
# TIME     FASTF      PCOOL      TCOOL      GKL        PITCH      Q1         Q2         Q3         Q4         Q5         Q6         Q7         Q8         Q9         Q10       
# (h)      (n/cmWs)   (MPa)      (Celsius)  (kg/s)     (mm)       (kW/m)     (kW/m)     (kW/m)     (kW/m)     (kW/m)     (kW/m)     (kW/m)     (kW/m)     (kW/m)     (kW/m)    
# ===============================================================================================================================================================================
0          3.407e+12  15.7       290.6      1.475e+06  14.30      13.987     20.925     25.348     29.501     33.461     36.991     39.806     41.488     40.833     29.831    
151.2      3.421e+12  15.7       290.6      1.475e+06  14.30      20.075     27.562     30.350     32.199     33.669     34.834     35.675     36.205     35.004     25.938    
6820.8     3.679e+12  15.7       290.6      1.475e+06  14.30      26.088     34.486     34.449     33.653     32.920     32.286     31.742     31.182     29.638     21.036    
10098.2    3.755e+12  15.7       290.6      1.475e+06  14.30      27.468     32.339     30.986     30.110     29.645     29.371     29.276     29.459     29.456     23.052    
10100.2    4.111e+12  15.8       292.9      1.480e+06  14.30      13.455     20.916     24.921     28.198     30.880     32.909     34.159     34.347     32.529     21.355    
10243.2    4.108e+12  15.8       292.9      1.480e+06  14.30      18.232     26.149     28.615     29.915     30.624     30.972     30.904     30.398     28.672     19.198    
13699.2    4.202e+12  15.8       292.9      1.480e+06  14.30      20.907     27.870     28.854     28.916     28.751     28.513     28.205     27.677     26.150     18.044    
15499.2    4.253e+12  15.8       292.9      1.480e+06  14.30      21.086     27.834     28.848     28.558     28.182     27.732     27.218     26.493     24.794     17.189    
19893.6    4.314e+12  15.8       292.9      1.480e+06  14.30      23.607     26.630     25.619     25.052     24.921     25.033     25.351     25.872     25.926     20.053    
20181.6    4.273e+12  15.8       289.6      1.493e+06  14.30      21.234     23.978     23.365     23.266     23.592     24.136     24.870     25.819     26.433     20.765    
