# ===============================================================================================================================================================================
# TIME     FASTF      PCOOL      TCOOL      GKL        PITCH      Q1         Q2         Q3         Q4         Q5         Q6         Q7         Q8         Q9         Q10       
# (h)      (n/cmWs)   (MPa)      (Celsius)  (kg/s)     (mm)       (kW/m)     (kW/m)     (kW/m)     (kW/m)     (kW/m)     (kW/m)     (kW/m)     (kW/m)     (kW/m)     (kW/m)    
# ===============================================================================================================================================================================
0          3.575e+12  15.7       290.6      1.475e+06  14.30      12.989     19.431     23.539     27.395     31.073     34.350     36.965     38.527     37.919     27.702    
151.2      3.585e+12  15.7       290.6      1.475e+06  14.30      18.649     25.603     28.193     29.911     31.277     32.359     33.140     33.633     32.517     24.095    
6820.8     3.676e+12  15.7       290.6      1.475e+06  14.30      25.949     34.302     34.266     33.474     32.744     32.114     31.572     31.015     29.480     20.924    
10098.2    3.740e+12  15.7       290.6      1.475e+06  14.30      27.353     32.203     30.856     29.984     29.520     29.248     29.154     29.335     29.333     22.956    
10100.2    4.087e+12  15.8       292.9      1.480e+06  14.30      12.287     19.100     22.757     25.749     28.198     30.050     31.192     31.364     29.704     19.501    
10243.2    4.080e+12  15.8       292.9      1.480e+06  14.30      16.699     23.950     26.208     27.399     28.049     28.368     28.306     27.842     26.261     17.584    
13699.2    4.156e+12  15.8       292.9      1.480e+06  14.30      19.355     25.801     26.713     26.770     26.617     26.396     26.112     25.623     24.209     16.705    
15499.2    4.197e+12  15.8       292.9      1.480e+06  14.30      19.600     25.872     26.815     26.545     26.195     25.777     25.300     24.626     23.046     15.977    
19893.6    4.242e+12  15.8       292.9      1.480e+06  14.30      22.094     24.922     23.976     23.446     23.323     23.428     23.726     24.213     24.264     18.767    
20181.6    4.203e+12  15.8       289.6      1.493e+06  14.30      19.834     22.397     21.824     21.732     22.036     22.545     23.231     24.117     24.690     19.396    
