# ===============================================================================================================================================================================
# TIME     FASTF      PCOOL      TCOOL      GKL        PITCH      Q1         Q2         Q3         Q4         Q5         Q6         Q7         Q8         Q9         Q10       
# (h)      (n/cmWs)   (MPa)      (Celsius)  (kg/s)     (mm)       (kW/m)     (kW/m)     (kW/m)     (kW/m)     (kW/m)     (kW/m)     (kW/m)     (kW/m)     (kW/m)     (kW/m)    
# ===============================================================================================================================================================================
0          3.560e+12  15.7       290.6      1.475e+06  14.30      13.297     19.892     24.097     28.045     31.810     35.165     37.841     39.441     38.818     28.359    
151.2      3.572e+12  15.7       290.6      1.475e+06  14.30      19.060     26.167     28.814     30.570     31.965     33.072     33.870     34.373     33.233     24.625    
6820.8     3.690e+12  15.7       290.6      1.475e+06  14.30      25.923     34.268     34.232     33.441     32.711     32.082     31.541     30.985     29.451     20.904    
10098.2    3.754e+12  15.7       290.6      1.475e+06  14.30      27.353     32.203     30.856     29.983     29.520     29.248     29.153     29.335     29.332     22.955    
10100.2    4.082e+12  15.8       292.9      1.480e+06  14.30      13.008     20.221     24.092     27.260     29.853     31.814     33.022     33.205     31.447     20.645    
10243.2    4.079e+12  15.8       292.9      1.480e+06  14.30      17.622     25.274     27.657     28.914     29.599     29.936     29.870     29.381     27.713     18.556    
13699.2    4.185e+12  15.8       292.9      1.480e+06  14.30      20.210     26.941     27.892     27.952     27.792     27.562     27.265     26.754     25.278     17.443    
15499.2    4.237e+12  15.8       292.9      1.480e+06  14.30      20.407     26.937     27.919     27.638     27.274     26.839     26.342     25.640     23.995     16.635    
19893.6    4.298e+12  15.8       292.9      1.480e+06  14.30      22.802     25.722     24.746     24.198     24.072     24.180     24.487     24.990     25.042     19.369    
20181.6    4.255e+12  15.8       289.6      1.493e+06  14.30      20.480     23.127     22.536     22.440     22.754     23.279     23.988     24.903     25.495     20.028    
