# ===============================================================================================================================================================================
# TIME     FASTF      PCOOL      TCOOL      GKL        PITCH      Q1         Q2         Q3         Q4         Q5         Q6         Q7         Q8         Q9         Q10       
# (h)      (n/cmWs)   (MPa)      (Celsius)  (kg/s)     (mm)       (kW/m)     (kW/m)     (kW/m)     (kW/m)     (kW/m)     (kW/m)     (kW/m)     (kW/m)     (kW/m)     (kW/m)    
# ===============================================================================================================================================================================
0          3.404e+12  15.7       290.6      1.475e+06  14.30      13.780     20.609     24.961     29.050     32.952     36.432     39.206     40.859     40.200     29.350    
151.2      3.420e+12  15.7       290.6      1.475e+06  14.30      19.835     27.227     29.977     31.804     33.258     34.414     35.248     35.771     34.575     25.606    
6820.8     3.677e+12  15.7       290.6      1.475e+06  14.30      26.337     34.818     34.776     33.971     33.232     32.594     32.047     31.484     29.927     21.236    
10098.2    3.756e+12  15.7       290.6      1.475e+06  14.30      27.639     32.535     31.173     30.291     29.824     29.551     29.457     29.644     29.646     23.203    
10100.2    4.102e+12  15.8       292.9      1.480e+06  14.30      12.928     20.087     23.930     27.074     29.647     31.592     32.789     32.967     31.220     20.496    
10243.2    4.096e+12  15.8       292.9      1.480e+06  14.30      17.505     25.097     27.463     28.712     29.395     29.731     29.667     29.182     27.528     18.432    
13699.2    4.183e+12  15.8       292.9      1.480e+06  14.30      20.118     26.817     27.766     27.829     27.673     27.448     27.156     26.651     25.185     17.379    
15499.2    4.233e+12  15.8       292.9      1.480e+06  14.30      20.324     26.829     27.808     27.530     27.171     26.741     26.250     25.554     23.918     16.582    
19893.6    4.281e+12  15.8       292.9      1.480e+06  14.30      22.760     25.660     24.684     24.140     24.018     24.131     24.445     24.959     25.027     19.372    
20181.6    4.239e+12  15.8       289.6      1.493e+06  14.30      20.448     23.078     22.486     22.393     22.709     23.237     23.950     24.874     25.483     20.035    
