# ===============================================================================================================================================================================
# TIME     FASTF      PCOOL      TCOOL      GKL        PITCH      Q1         Q2         Q3         Q4         Q5         Q6         Q7         Q8         Q9         Q10       
# (h)      (n/cmWs)   (MPa)      (Celsius)  (kg/s)     (mm)       (kW/m)     (kW/m)     (kW/m)     (kW/m)     (kW/m)     (kW/m)     (kW/m)     (kW/m)     (kW/m)     (kW/m)    
# ===============================================================================================================================================================================
0          1.126e+13  15.7       290.6      1.475e+06  14.30      3.996      5.976      7.238      8.424      9.555      10.564     11.368     11.848     11.657     8.510     
151.2      1.100e+13  15.7       290.6      1.475e+06  14.30      5.926      8.134      8.955      9.501      9.936      10.281     10.530     10.686     10.329     7.650     
6820.8     4.877e+12  15.7       290.6      1.475e+06  14.30      19.365     25.600     25.570     24.978     24.434     23.966     23.563     23.150     22.005     15.614    
10098.2    4.697e+12  15.7       290.6      1.475e+06  14.30      21.641     25.474     24.407     23.717     23.352     23.137     23.064     23.211     23.212     18.168    
10100.2    5.177e+12  15.8       292.9      1.480e+06  14.30      10.033     15.589     18.571     21.012     23.009     24.518     25.447     25.585     24.229     15.906    
10243.2    5.155e+12  15.8       292.9      1.480e+06  14.30      13.634     19.547     21.390     22.363     22.895     23.156     23.107     22.729     21.440     14.356    
13699.2    5.023e+12  15.8       292.9      1.480e+06  14.30      16.470     21.954     22.731     22.783     22.655     22.471     22.231     21.819     20.618     14.228    
15499.2    5.012e+12  15.8       292.9      1.480e+06  14.30      16.885     22.289     23.102     22.872     22.573     22.216     21.808     21.230     19.871     13.776    
19893.6    4.954e+12  15.8       292.9      1.480e+06  14.30      19.377     21.847     21.015     20.552     20.448     20.545     20.812     21.249     21.307     16.493    
20181.6    4.897e+12  15.8       289.6      1.493e+06  14.30      17.426     19.667     19.163     19.083     19.353     19.803     20.411     21.198     21.717     17.074    
