# ===============================================================================================================================================================================
# TIME     FASTF      PCOOL      TCOOL      GKL        PITCH      Q1         Q2         Q3         Q4         Q5         Q6         Q7         Q8         Q9         Q10       
# (h)      (n/cmWs)   (MPa)      (Celsius)  (kg/s)     (mm)       (kW/m)     (kW/m)     (kW/m)     (kW/m)     (kW/m)     (kW/m)     (kW/m)     (kW/m)     (kW/m)     (kW/m)    
# ===============================================================================================================================================================================
0          3.844e+12  15.7       290.6      1.475e+06  14.30      12.116     18.131     21.983     25.623     29.114     32.243     34.760     36.297     35.789     26.180    
151.2      3.853e+12  15.7       290.6      1.475e+06  14.30      17.543     24.079     26.518     28.149     29.458     30.505     31.272     31.774     30.755     22.807    
6820.8     3.900e+12  15.7       290.6      1.475e+06  14.30      24.115     31.880     31.849     31.112     30.431     29.840     29.331     28.807     27.372     19.419    
10098.2    3.912e+12  15.7       290.6      1.475e+06  14.30      25.885     30.480     29.208     28.382     27.944     27.685     27.595     27.764     27.757     21.713    
10100.2    4.186e+12  15.8       292.9      1.480e+06  14.30      13.541     21.065     25.108     28.411     31.110     33.147     34.395     34.568     32.714     21.460    
10243.2    4.193e+12  15.8       292.9      1.480e+06  14.30      18.256     26.200     28.680     29.985     30.693     31.037     30.962     30.443     28.696     19.200    
13699.2    4.386e+12  15.8       292.9      1.480e+06  14.30      20.534     27.387     28.359     28.420     28.256     28.019     27.714     27.190     25.679     17.711    
15499.2    4.457e+12  15.8       292.9      1.480e+06  14.30      20.688     27.321     28.320     28.034     27.663     27.220     26.714     25.998     24.322     16.854    
19893.6    4.517e+12  15.8       292.9      1.480e+06  14.30      23.029     25.982     24.996     24.442     24.315     24.425     24.736     25.247     25.300     19.565    
20181.6    4.471e+12  15.8       289.6      1.493e+06  14.30      20.710     23.390     22.792     22.695     23.013     23.544     24.262     25.189     25.789     20.255    
