# ===============================================================================================================================================================================
# TIME     FASTF      PCOOL      TCOOL      GKL        PITCH      Q1         Q2         Q3         Q4         Q5         Q6         Q7         Q8         Q9         Q10       
# (h)      (n/cmWs)   (MPa)      (Celsius)  (kg/s)     (mm)       (kW/m)     (kW/m)     (kW/m)     (kW/m)     (kW/m)     (kW/m)     (kW/m)     (kW/m)     (kW/m)     (kW/m)    
# ===============================================================================================================================================================================
0          3.882e+12  15.7       290.6      1.475e+06  14.30      11.525     17.246     20.910     24.373     27.693     30.670     33.064     34.526     34.043     24.903    
151.2      3.889e+12  15.7       290.6      1.475e+06  14.30      16.748     22.988     25.315     26.873     28.122     29.121     29.854     30.333     29.360     21.773    
6820.8     3.925e+12  15.7       290.6      1.475e+06  14.30      24.334     32.169     32.138     31.394     30.706     30.111     29.597     29.068     27.621     19.595    
10098.2    3.951e+12  15.7       290.6      1.475e+06  14.30      25.917     30.517     29.243     28.417     27.978     27.719     27.629     27.799     27.791     21.740    
10100.2    4.327e+12  15.8       292.9      1.480e+06  14.30      11.293     17.568     20.939     23.694     25.944     27.643     28.684     28.829     27.283     17.897    
10243.2    4.314e+12  15.8       292.9      1.480e+06  14.30      15.381     22.074     24.164     25.263     25.859     26.149     26.086     25.648     24.177     16.176    
13699.2    4.343e+12  15.8       292.9      1.480e+06  14.30      18.113     24.158     25.016     25.070     24.925     24.716     24.447     23.985     22.652     15.623    
15499.2    4.368e+12  15.8       292.9      1.480e+06  14.30      18.473     24.396     25.288     25.033     24.702     24.306     23.854     23.215     21.719     15.050    
19893.6    4.369e+12  15.8       292.9      1.480e+06  14.30      21.118     23.826     22.922     22.414     22.297     22.398     22.684     23.152     23.200     17.942    
20181.6    4.327e+12  15.8       289.6      1.493e+06  14.30      18.969     21.424     20.876     20.788     21.078     21.565     22.223     23.072     23.621     18.553    
