# ===============================================================================================================================================================================
# TIME     FASTF      PCOOL      TCOOL      GKL        PITCH      Q1         Q2         Q3         Q4         Q5         Q6         Q7         Q8         Q9         Q10       
# (h)      (n/cmWs)   (MPa)      (Celsius)  (kg/s)     (mm)       (kW/m)     (kW/m)     (kW/m)     (kW/m)     (kW/m)     (kW/m)     (kW/m)     (kW/m)     (kW/m)     (kW/m)    
# ===============================================================================================================================================================================
0          3.613e+12  15.7       290.6      1.475e+06  14.30      13.241     19.813     24.023     28.001     31.816     35.236     37.986     39.666     39.111     28.610    
151.2      3.633e+12  15.7       290.6      1.475e+06  14.30      19.144     26.277     28.938     30.718     32.146     33.288     34.125     34.673     33.561     24.889    
6820.8     3.940e+12  15.7       290.6      1.475e+06  14.30      25.234     33.359     33.327     32.555     31.842     31.224     30.691     30.143     28.642     20.320    
10098.2    4.000e+12  15.7       290.6      1.475e+06  14.30      26.615     31.340     30.031     29.183     28.732     28.466     28.373     28.548     28.540     22.326    
10100.2    4.366e+12  15.8       292.9      1.480e+06  14.30      12.212     18.997     22.643     25.622     28.055     29.892     31.018     31.175     29.503     19.353    
10243.2    4.360e+12  15.8       292.9      1.480e+06  14.30      16.573     23.785     26.037     27.221     27.864     28.176     28.108     27.637     26.051     17.430    
13699.2    4.413e+12  15.8       292.9      1.480e+06  14.30      19.251     25.676     26.587     26.645     26.491     26.269     25.983     25.491     24.075     16.604    
15499.2    4.445e+12  15.8       292.9      1.480e+06  14.30      19.539     25.803     26.747     26.477     26.127     25.708     25.230     24.554     22.972     15.918    
19893.6    4.455e+12  15.8       292.9      1.480e+06  14.30      22.126     24.963     24.016     23.484     23.361     23.467     23.766     24.257     24.308     18.798    
20181.6    4.410e+12  15.8       289.6      1.493e+06  14.30      19.898     22.473     21.898     21.806     22.110     22.621     23.311     24.202     24.777     19.461    
