# ===============================================================================================================================================================================
# TIME     FASTF      PCOOL      TCOOL      GKL        PITCH      Q1         Q2         Q3         Q4         Q5         Q6         Q7         Q8         Q9         Q10       
# (h)      (n/cmWs)   (MPa)      (Celsius)  (kg/s)     (mm)       (kW/m)     (kW/m)     (kW/m)     (kW/m)     (kW/m)     (kW/m)     (kW/m)     (kW/m)     (kW/m)     (kW/m)    
# ===============================================================================================================================================================================
0          3.568e+12  15.7       290.6      1.475e+06  14.30      13.646     22.163     27.353     31.404     34.727     37.226     38.795     38.406     34.886     22.331    
151.2      3.581e+12  15.7       290.6      1.475e+06  14.30      18.706     27.628     30.943     32.496     33.337     33.758     33.645     32.793     29.875     19.713    
6820.8     3.810e+12  15.7       290.6      1.475e+06  14.30      22.207     29.869     29.922     29.191     28.532     27.971     27.491     26.995     25.479     17.550    
10098.2    3.864e+12  15.7       290.6      1.475e+06  14.30      24.459     29.731     28.093     27.239     26.802     26.554     26.480     26.686     26.623     19.838    
10100.2    4.247e+12  15.8       292.9      1.480e+06  14.30      12.900     19.801     23.474     26.649     29.357     31.498     32.934     33.603     32.192     21.812    
10243.2    4.241e+12  15.8       292.9      1.480e+06  14.30      17.496     24.812     27.029     28.340     29.159     29.625     29.864     29.508     28.243     19.479    
13699.2    4.302e+12  15.8       292.9      1.480e+06  14.30      20.192     26.669     27.509     27.626     27.569     27.453     27.277     26.920     25.723     18.216    
15499.2    4.339e+12  15.8       292.9      1.480e+06  14.30      20.416     26.711     27.449     27.376     27.105     26.773     26.387     25.826     24.429     17.369    
19893.6    4.357e+12  15.8       292.9      1.480e+06  14.30      22.902     25.615     24.550     24.008     23.895     24.020     24.355     24.935     25.265     20.175    
20181.6    4.310e+12  15.8       289.6      1.493e+06  14.30      20.560     23.022     22.349     22.250     22.566     23.098     23.825     24.807     25.792     20.831    
