# ===============================================================================================================================================================================
# TIME     FASTF      PCOOL      TCOOL      GKL        PITCH      Q1         Q2         Q3         Q4         Q5         Q6         Q7         Q8         Q9         Q10       
# (h)      (n/cmWs)   (MPa)      (Celsius)  (kg/s)     (mm)       (kW/m)     (kW/m)     (kW/m)     (kW/m)     (kW/m)     (kW/m)     (kW/m)     (kW/m)     (kW/m)     (kW/m)    
# ===============================================================================================================================================================================
0          3.790e+12  15.7       290.6      1.475e+06  14.30      13.798     22.411     27.658     31.755     35.114     37.642     39.228     38.835     35.275     22.580    
151.2      3.795e+12  15.7       290.6      1.475e+06  14.30      19.059     28.148     31.525     33.107     33.965     34.394     34.278     33.410     30.437     20.084    
6820.8     3.853e+12  15.7       290.6      1.475e+06  14.30      22.678     30.503     30.556     29.810     29.137     28.564     28.074     27.567     26.019     17.922    
10098.2    3.878e+12  15.7       290.6      1.475e+06  14.30      24.929     30.303     28.633     27.762     27.317     27.065     26.988     27.199     27.134     20.219    
10100.2    4.235e+12  15.8       292.9      1.480e+06  14.30      13.645     20.944     24.829     28.187     31.052     33.316     34.836     35.543     34.051     23.071    
10243.2    4.232e+12  15.8       292.9      1.480e+06  14.30      18.464     26.186     28.525     29.908     30.774     31.265     31.517     31.142     29.807     20.557    
13699.2    4.321e+12  15.8       292.9      1.480e+06  14.30      21.062     27.818     28.694     28.816     28.756     28.635     28.452     28.079     26.831     19.001    
15499.2    4.364e+12  15.8       292.9      1.480e+06  14.30      21.221     27.764     28.531     28.456     28.174     27.828     27.427     26.844     25.392     18.054    
19893.6    4.393e+12  15.8       292.9      1.480e+06  14.30      23.651     26.453     25.353     24.793     24.676     24.805     25.152     25.750     26.091     20.835    
20181.6    4.345e+12  15.8       289.6      1.493e+06  14.30      21.267     23.814     23.117     23.015     23.342     23.892     24.645     25.660     26.679     21.547    
