# ===============================================================================================================================================================================
# TIME     FASTF      PCOOL      TCOOL      GKL        PITCH      Q1         Q2         Q3         Q4         Q5         Q6         Q7         Q8         Q9         Q10       
# (h)      (n/cmWs)   (MPa)      (Celsius)  (kg/s)     (mm)       (kW/m)     (kW/m)     (kW/m)     (kW/m)     (kW/m)     (kW/m)     (kW/m)     (kW/m)     (kW/m)     (kW/m)    
# ===============================================================================================================================================================================
0          3.437e+12  15.7       290.6      1.475e+06  14.30      12.615     20.489     25.287     29.032     32.104     34.414     35.865     35.505     32.251     20.645    
151.2      3.445e+12  15.7       290.6      1.475e+06  14.30      17.415     25.720     28.806     30.251     31.034     31.426     31.321     30.528     27.812     18.352    
6820.8     3.542e+12  15.7       290.6      1.475e+06  14.30      21.747     29.250     29.301     28.586     27.941     27.391     26.921     26.435     24.951     17.186    
10098.2    3.585e+12  15.7       290.6      1.475e+06  14.30      24.248     29.476     27.851     27.005     26.572     26.326     26.252     26.457     26.394     19.667    
10100.2    3.957e+12  15.8       292.9      1.480e+06  14.30      12.812     19.666     23.315     26.468     29.158     31.284     32.711     33.375     31.974     21.663    
10243.2    3.952e+12  15.8       292.9      1.480e+06  14.30      17.435     24.726     26.935     28.241     29.058     29.522     29.760     29.406     28.145     19.411    
13699.2    4.036e+12  15.8       292.9      1.480e+06  14.30      20.082     26.524     27.359     27.475     27.419     27.303     27.128     26.773     25.583     18.117    
15499.2    4.081e+12  15.8       292.9      1.480e+06  14.30      20.275     26.527     27.260     27.187     26.918     26.588     26.205     25.648     24.260     17.249    
19893.6    4.127e+12  15.8       292.9      1.480e+06  14.30      22.764     25.460     24.402     23.863     23.750     23.875     24.208     24.784     25.113     20.053    
20181.6    4.088e+12  15.8       289.6      1.493e+06  14.30      20.422     22.869     22.200     22.102     22.416     22.944     23.666     24.642     25.620     20.692    
