# ===============================================================================================================================================================================
# TIME     FASTF      PCOOL      TCOOL      GKL        PITCH      Q1         Q2         Q3         Q4         Q5         Q6         Q7         Q8         Q9         Q10       
# (h)      (n/cmWs)   (MPa)      (Celsius)  (kg/s)     (mm)       (kW/m)     (kW/m)     (kW/m)     (kW/m)     (kW/m)     (kW/m)     (kW/m)     (kW/m)     (kW/m)     (kW/m)    
# ===============================================================================================================================================================================
0          3.448e+12  15.7       290.6      1.475e+06  14.30      14.354     23.353     28.862     33.161     36.685     39.333     40.987     40.556     36.784     23.482    
151.2      3.460e+12  15.7       290.6      1.475e+06  14.30      19.823     29.315     32.863     34.521     35.413     35.852     35.720     34.788     31.642     20.821    
6820.8     3.660e+12  15.7       290.6      1.475e+06  14.30      23.656     31.859     31.935     31.154     30.442     29.832     29.307     28.753     27.092     18.608    
10098.2    3.739e+12  15.7       290.6      1.475e+06  14.30      25.783     31.377     29.663     28.760     28.295     28.030     27.947     28.156     28.057     20.838    
10100.2    4.116e+12  15.8       292.9      1.480e+06  14.30      13.328     20.458     24.246     27.515     30.301     32.500     33.970     34.648     33.187     22.478    
10243.2    4.109e+12  15.8       292.9      1.480e+06  14.30      18.067     25.625     27.907     29.254     30.094     30.568     30.809     30.435     29.126     20.083    
13699.2    4.189e+12  15.8       292.9      1.480e+06  14.30      20.645     27.264     28.118     28.236     28.178     28.061     27.882     27.519     26.301     18.626    
15499.2    4.234e+12  15.8       292.9      1.480e+06  14.30      20.767     27.165     27.911     27.836     27.562     27.226     26.837     26.271     24.857     17.675    
19893.6    4.282e+12  15.8       292.9      1.480e+06  14.30      23.128     25.864     24.786     24.239     24.126     24.255     24.596     25.183     25.521     20.378    
20181.6    4.237e+12  15.8       289.6      1.493e+06  14.30      20.767     23.251     22.568     22.469     22.791     23.330     24.067     25.062     26.061     21.047    
