# ===============================================================================================================================================================================
# TIME     FASTF      PCOOL      TCOOL      GKL        PITCH      Q1         Q2         Q3         Q4         Q5         Q6         Q7         Q8         Q9         Q10       
# (h)      (n/cmWs)   (MPa)      (Celsius)  (kg/s)     (mm)       (kW/m)     (kW/m)     (kW/m)     (kW/m)     (kW/m)     (kW/m)     (kW/m)     (kW/m)     (kW/m)     (kW/m)    
# ===============================================================================================================================================================================
0          3.818e+12  15.7       290.6      1.475e+06  14.30      13.581     22.096     27.308     31.376     34.710     37.216     38.781     38.373     34.804     22.218    
151.2      3.818e+12  15.7       290.6      1.475e+06  14.30      18.851     27.878     31.252     32.829     33.677     34.095     33.968     33.083     30.091     19.801    
6820.8     3.860e+12  15.7       290.6      1.475e+06  14.30      22.585     30.417     30.489     29.743     29.064     28.481     27.980     27.451     25.865     17.766    
10098.2    3.877e+12  15.7       290.6      1.475e+06  14.30      24.820     30.205     28.555     27.686     27.238     26.983     26.903     27.104     27.009     20.059    
10100.2    4.143e+12  15.8       292.9      1.480e+06  14.30      14.286     21.929     25.988     29.493     32.480     34.836     36.412     37.139     35.572     24.094    
10243.2    4.147e+12  15.8       292.9      1.480e+06  14.30      19.257     27.312     29.745     31.180     32.075     32.581     32.838     32.439     31.044     21.406    
13699.2    4.337e+12  15.8       292.9      1.480e+06  14.30      21.447     28.323     29.210     29.333     29.273     29.150     28.965     28.588     27.322     19.349    
15499.2    4.403e+12  15.8       292.9      1.480e+06  14.30      21.502     28.127     28.899     28.822     28.538     28.190     27.787     27.201     25.737     18.301    
19893.6    4.457e+12  15.8       292.9      1.480e+06  14.30      23.790     26.604     25.495     24.932     24.816     24.948     25.299     25.904     26.251     20.961    
20181.6    4.411e+12  15.8       289.6      1.493e+06  14.30      21.397     23.957     23.253     23.151     23.482     24.038     24.798     25.823     26.852     21.686    
