# ===============================================================================================================================================================================
# TIME     FASTF      PCOOL      TCOOL      GKL        PITCH      Q1         Q2         Q3         Q4         Q5         Q6         Q7         Q8         Q9         Q10       
# (h)      (n/cmWs)   (MPa)      (Celsius)  (kg/s)     (mm)       (kW/m)     (kW/m)     (kW/m)     (kW/m)     (kW/m)     (kW/m)     (kW/m)     (kW/m)     (kW/m)     (kW/m)    
# ===============================================================================================================================================================================
0          3.655e+12  15.7       290.6      1.475e+06  14.30      10.256     16.686     20.622     23.694     26.212     28.104     29.286     28.978     26.283     16.779    
151.2      3.651e+12  15.7       290.6      1.475e+06  14.30      14.332     21.195     23.759     24.958     25.603     25.921     25.825     25.152     22.877     15.054    
6820.8     3.659e+12  15.7       290.6      1.475e+06  14.30      18.671     25.146     25.206     24.590     24.028     23.546     23.131     22.695     21.383     14.687    
10098.2    3.659e+12  15.7       290.6      1.475e+06  14.30      21.419     26.066     24.643     23.892     23.506     23.286     23.217     23.390     23.309     17.311    
10100.2    4.114e+12  15.8       292.9      1.480e+06  14.30      11.777     18.077     21.424     24.313     26.775     28.717     30.016     30.616     29.324     19.862    
10243.2    4.105e+12  15.8       292.9      1.480e+06  14.30      16.068     22.789     24.819     26.017     26.764     27.185     27.400     27.067     25.903     17.861    
13699.2    4.146e+12  15.8       292.9      1.480e+06  14.30      18.862     24.909     25.690     25.797     25.744     25.637     25.474     25.142     24.029     17.017    
15499.2    4.179e+12  15.8       292.9      1.480e+06  14.30      19.196     25.111     25.800     25.730     25.477     25.167     24.807     24.283     22.976     16.338    
19893.6    4.211e+12  15.8       292.9      1.480e+06  14.30      21.808     24.387     23.371     22.855     22.749     22.870     23.191     23.746     24.064     19.215    
20181.6    4.173e+12  15.8       289.6      1.493e+06  14.30      19.552     21.891     21.248     21.155     21.458     21.966     22.660     23.596     24.536     19.816    
