# ===============================================================================================================================================================================
# TIME     FASTF      PCOOL      TCOOL      GKL        PITCH      Q1         Q2         Q3         Q4         Q5         Q6         Q7         Q8         Q9         Q10       
# (h)      (n/cmWs)   (MPa)      (Celsius)  (kg/s)     (mm)       (kW/m)     (kW/m)     (kW/m)     (kW/m)     (kW/m)     (kW/m)     (kW/m)     (kW/m)     (kW/m)     (kW/m)    
# ===============================================================================================================================================================================
0          3.722e+12  15.7       290.6      1.475e+06  14.30      13.102     21.317     26.345     30.269     33.486     35.903     37.413     37.019     33.577     21.434    
151.2      3.735e+12  15.7       290.6      1.475e+06  14.30      18.053     26.697     29.928     31.438     32.250     32.651     32.530     31.681     28.816     18.962    
6820.8     3.989e+12  15.7       290.6      1.475e+06  14.30      21.453     28.892     28.961     28.252     27.607     27.054     26.577     26.075     24.569     16.875    
10098.2    4.031e+12  15.7       290.6      1.475e+06  14.30      23.709     28.854     27.278     26.447     26.019     25.775     25.699     25.891     25.801     19.162    
10100.2    4.434e+12  15.8       292.9      1.480e+06  14.30      12.348     18.954     22.463     25.492     28.074     30.111     31.473     32.101     30.747     20.826    
10243.2    4.428e+12  15.8       292.9      1.480e+06  14.30      16.751     23.757     25.874     27.122     27.901     28.341     28.564     28.217     27.004     18.620    
13699.2    4.467e+12  15.8       292.9      1.480e+06  14.30      19.380     25.593     26.395     26.506     26.451     26.341     26.173     25.832     24.689     17.484    
15499.2    4.494e+12  15.8       292.9      1.480e+06  14.30      19.621     25.667     26.371     26.301     26.041     25.724     25.356     24.822     23.485     16.700    
19893.6    4.484e+12  15.8       292.9      1.480e+06  14.30      22.170     24.793     23.759     23.235     23.127     23.250     23.577     24.140     24.463     19.534    
20181.6    4.437e+12  15.8       289.6      1.493e+06  14.30      19.912     22.294     21.639     21.544     21.852     22.370     23.076     24.030     24.988     20.180    
