# ===============================================================================================================================================================================
# TIME     FASTF      PCOOL      TCOOL      GKL        PITCH      Q1         Q2         Q3         Q4         Q5         Q6         Q7         Q8         Q9         Q10       
# (h)      (n/cmWs)   (MPa)      (Celsius)  (kg/s)     (mm)       (kW/m)     (kW/m)     (kW/m)     (kW/m)     (kW/m)     (kW/m)     (kW/m)     (kW/m)     (kW/m)     (kW/m)    
# ===============================================================================================================================================================================
0          3.671e+12  15.7       290.6      1.475e+06  14.30      10.880     17.713     21.925     25.249     28.006     30.109     31.469     31.220     28.400     18.171    
151.2      3.670e+12  15.7       290.6      1.475e+06  14.30      15.397     22.765     25.527     26.836     27.559     27.935     27.869     27.188     24.776     16.329    
6820.8     3.710e+12  15.7       290.6      1.475e+06  14.30      19.635     26.438     26.507     25.858     25.260     24.743     24.295     23.824     22.440     15.413    
10098.2    3.712e+12  15.7       290.6      1.475e+06  14.30      22.289     27.130     25.655     24.877     24.474     24.243     24.167     24.340     24.245     17.999    
10100.2    4.123e+12  15.8       292.9      1.480e+06  14.30      12.411     19.042     22.566     25.614     28.217     30.276     31.660     32.311     30.967     20.990    
10243.2    4.115e+12  15.8       292.9      1.480e+06  14.30      16.858     23.901     26.031     27.293     28.086     28.540     28.775     28.442     27.237     18.794    
13699.2    4.187e+12  15.8       292.9      1.480e+06  14.30      19.640     25.937     26.751     26.867     26.816     26.708     26.542     26.202     25.048     17.745    
15499.2    4.234e+12  15.8       292.9      1.480e+06  14.30      19.964     26.117     26.837     26.767     26.505     26.184     25.811     25.269     23.911     17.006    
19893.6    4.276e+12  15.8       292.9      1.480e+06  14.30      22.440     25.096     24.049     23.518     23.408     23.532     23.863     24.436     24.769     19.787    
20181.6    4.239e+12  15.8       289.6      1.493e+06  14.30      20.140     22.551     21.888     21.791     22.101     22.623     23.337     24.303     25.277     20.423    
