# ===============================================================================================================================================================================
# TIME     FASTF      PCOOL      TCOOL      GKL        PITCH      Q1         Q2         Q3         Q4         Q5         Q6         Q7         Q8         Q9         Q10       
# (h)      (n/cmWs)   (MPa)      (Celsius)  (kg/s)     (mm)       (kW/m)     (kW/m)     (kW/m)     (kW/m)     (kW/m)     (kW/m)     (kW/m)     (kW/m)     (kW/m)     (kW/m)    
# ===============================================================================================================================================================================
0          3.411e+12  15.7       290.6      1.475e+06  14.30      13.572     22.058     27.266     31.353     34.715     37.251     38.855     38.489     34.979     22.377    
151.2      3.422e+12  15.7       290.6      1.475e+06  14.30      18.813     27.781     31.130     32.706     33.559     33.983     33.867     33.006     30.066     19.820    
6820.8     3.670e+12  15.7       290.6      1.475e+06  14.30      22.523     30.304     30.365     29.628     28.958     28.384     27.890     27.372     25.813     17.743    
10098.2    3.736e+12  15.7       290.6      1.475e+06  14.30      24.753     30.087     28.438     27.582     27.150     26.911     26.845     27.062     26.993     20.076    
10100.2    4.139e+12  15.8       292.9      1.480e+06  14.30      14.164     21.850     25.874     29.206     31.936     33.992     35.239     35.424     33.718     21.052    
10243.2    4.134e+12  15.8       292.9      1.480e+06  14.30      19.117     27.195     29.561     30.825     31.510     31.831     31.733     31.218     29.609     18.846    
13699.2    4.231e+12  15.8       292.9      1.480e+06  14.30      21.751     28.892     29.775     29.786     29.588     29.323     28.990     28.446     26.958     17.621    
15499.2    4.281e+12  15.8       292.9      1.480e+06  14.30      21.890     28.910     29.877     29.540     29.113     28.615     28.054     27.287     25.564     16.746    
19893.6    4.335e+12  15.8       292.9      1.480e+06  14.30      24.204     27.353     26.231     25.644     25.522     25.654     26.002     26.586     26.741     19.566    
20181.6    4.295e+12  15.8       289.6      1.493e+06  14.30      21.767     24.628     23.933     23.832     24.179     24.755     25.530     26.552     27.290     20.292    
