# ===============================================================================================================================================================================
# TIME     FASTF      PCOOL      TCOOL      GKL        PITCH      Q1         Q2         Q3         Q4         Q5         Q6         Q7         Q8         Q9         Q10       
# (h)      (n/cmWs)   (MPa)      (Celsius)  (kg/s)     (mm)       (kW/m)     (kW/m)     (kW/m)     (kW/m)     (kW/m)     (kW/m)     (kW/m)     (kW/m)     (kW/m)     (kW/m)    
# ===============================================================================================================================================================================
0          3.676e+12  15.7       290.6      1.475e+06  14.30      13.552     21.309     26.093     30.072     33.547     36.357     38.238     38.908     36.156     24.110    
151.2      3.681e+12  15.7       290.6      1.475e+06  14.30      18.953     27.131     30.141     31.727     32.759     33.412     33.776     33.290     31.094     21.314    
6820.8     3.807e+12  15.7       290.6      1.475e+06  14.30      23.712     31.736     31.952     31.181     30.415     29.737     29.142     28.512     26.830     18.575    
10098.2    3.847e+12  15.7       290.6      1.475e+06  14.30      25.967     31.771     30.097     29.161     28.648     28.329     28.186     28.313     28.075     20.756    
10100.2    4.205e+12  15.8       292.9      1.480e+06  14.30      13.018     20.296     24.131     27.576     30.646     33.205     35.101     36.283     35.240     24.308    
10243.2    4.208e+12  15.8       292.9      1.480e+06  14.30      17.748     25.606     27.995     29.523     30.594     31.316     31.837     31.744     30.686     21.489    
13699.2    4.308e+12  15.8       292.9      1.480e+06  14.30      20.348     27.007     27.830     28.018     28.068     28.074     28.042     27.882     26.977     19.616    
15499.2    4.349e+12  15.8       292.9      1.480e+06  14.30      20.550     26.695     27.319     27.304     27.145     26.949     26.727     26.396     25.397     18.739    
19893.6    4.381e+12  15.8       292.9      1.480e+06  14.30      23.325     25.872     24.707     24.098     23.902     23.935     24.183     24.724     25.287     21.110    
20181.6    4.336e+12  15.8       289.6      1.493e+06  14.30      20.946     23.258     22.485     22.313     22.540     22.972     23.602     24.531     25.743     21.715    
