# ===============================================================================================================================================================================
# TIME     FASTF      PCOOL      TCOOL      GKL        PITCH      Q1         Q2         Q3         Q4         Q5         Q6         Q7         Q8         Q9         Q10       
# (h)      (n/cmWs)   (MPa)      (Celsius)  (kg/s)     (mm)       (kW/m)     (kW/m)     (kW/m)     (kW/m)     (kW/m)     (kW/m)     (kW/m)     (kW/m)     (kW/m)     (kW/m)    
# ===============================================================================================================================================================================
0          3.741e+12  15.7       290.6      1.475e+06  14.30      12.685     19.971     24.495     28.277     31.593     34.291     36.114     36.784     34.231     22.851    
151.2      3.747e+12  15.7       290.6      1.475e+06  14.30      17.923     25.669     28.532     30.048     31.038     31.669     32.026     31.578     29.510     20.239    
6820.8     3.846e+12  15.7       290.6      1.475e+06  14.30      22.824     30.544     30.756     30.012     29.269     28.610     28.028     27.412     25.787     17.854    
10098.2    3.870e+12  15.7       290.6      1.475e+06  14.30      25.151     30.777     29.159     28.255     27.759     27.452     27.313     27.434     27.197     20.099    
10100.2    4.231e+12  15.8       292.9      1.480e+06  14.30      12.549     19.567     23.264     26.586     29.547     32.016     33.846     34.988     33.981     23.435    
10243.2    4.230e+12  15.8       292.9      1.480e+06  14.30      17.178     24.788     27.100     28.580     29.618     30.319     30.826     30.738     29.713     20.803    
13699.2    4.308e+12  15.8       292.9      1.480e+06  14.30      19.800     26.281     27.081     27.264     27.314     27.321     27.291     27.137     26.256     19.090    
15499.2    4.344e+12  15.8       292.9      1.480e+06  14.30      19.972     25.945     26.550     26.535     26.381     26.191     25.976     25.656     24.685     18.212    
19893.6    4.363e+12  15.8       292.9      1.480e+06  14.30      22.938     25.443     24.295     23.696     23.502     23.534     23.777     24.309     24.863     20.755    
20181.6    4.318e+12  15.8       289.6      1.493e+06  14.30      20.591     22.864     22.103     21.933     22.155     22.579     23.197     24.110     25.302     21.343    
