# ===============================================================================================================================================================================
# TIME     FASTF      PCOOL      TCOOL      GKL        PITCH      Q1         Q2         Q3         Q4         Q5         Q6         Q7         Q8         Q9         Q10       
# (h)      (n/cmWs)   (MPa)      (Celsius)  (kg/s)     (mm)       (kW/m)     (kW/m)     (kW/m)     (kW/m)     (kW/m)     (kW/m)     (kW/m)     (kW/m)     (kW/m)     (kW/m)    
# ===============================================================================================================================================================================
0          1.184e+13  15.7       290.6      1.475e+06  14.30      3.951      6.221      7.630      8.808      9.840      10.681     11.249     11.457     10.662     7.118     
151.2      1.145e+13  15.7       290.6      1.475e+06  14.30      5.783      8.282      9.206      9.695      10.015     10.218     10.334     10.189     9.522      6.530     
6820.8     5.045e+12  15.7       290.6      1.475e+06  14.30      17.968     24.045     24.212     23.626     23.042     22.523     22.065     21.580     20.300     14.055    
10098.2    4.848e+12  15.7       290.6      1.475e+06  14.30      20.788     25.439     24.102     23.354     22.945     22.691     22.576     22.676     22.480     16.613    
10100.2    5.357e+12  15.8       292.9      1.480e+06  14.30      9.735      15.180     18.048     20.625     22.922     24.837     26.257     27.143     26.362     18.180    
10243.2    5.339e+12  15.8       292.9      1.480e+06  14.30      13.384     19.312     21.114     22.267     23.075     23.621     24.017     23.948     23.150     16.208    
13699.2    5.144e+12  15.8       292.9      1.480e+06  14.30      16.260     21.583     22.240     22.390     22.431     22.437     22.412     22.286     21.563     15.677    
15499.2    5.112e+12  15.8       292.9      1.480e+06  14.30      16.605     21.570     22.073     22.061     21.933     21.775     21.596     21.330     20.523     15.141    
19893.6    5.031e+12  15.8       292.9      1.480e+06  14.30      19.465     21.591     20.617     20.108     19.944     19.971     20.177     20.629     21.099     17.613    
20181.6    4.974e+12  15.8       289.6      1.493e+06  14.30      17.489     19.420     18.773     18.629     18.817     19.178     19.703     20.478     21.491     18.127    
