# ===============================================================================================================================================================================
# TIME     FASTF      PCOOL      TCOOL      GKL        PITCH      Q1         Q2         Q3         Q4         Q5         Q6         Q7         Q8         Q9         Q10       
# (h)      (n/cmWs)   (MPa)      (Celsius)  (kg/s)     (mm)       (kW/m)     (kW/m)     (kW/m)     (kW/m)     (kW/m)     (kW/m)     (kW/m)     (kW/m)     (kW/m)     (kW/m)    
# ===============================================================================================================================================================================
0          3.623e+12  15.7       290.6      1.475e+06  14.30      8.157      12.836     15.736     18.157     20.278     22.003     23.172     23.608     22.000     14.719    
151.2      3.619e+12  15.7       290.6      1.475e+06  14.30      11.646     16.675     18.537     19.524     20.170     20.582     20.821     20.541     19.221     13.213    
6820.8     3.625e+12  15.7       290.6      1.475e+06  14.30      16.798     22.442     22.602     22.060     21.517     21.036     20.613     20.168     18.992     13.186    
10098.2    3.621e+12  15.7       290.6      1.475e+06  14.30      19.665     24.087     22.819     22.104     21.709     21.462     21.347     21.435     21.244     15.703    
10100.2    4.146e+12  15.8       292.9      1.480e+06  14.30      14.187     21.910     25.919     29.228     31.933     33.965     35.193     35.365     33.681     21.110    
10243.2    4.136e+12  15.8       292.9      1.480e+06  14.30      19.144     27.272     29.627     30.874     31.544     31.852     31.742     31.217     29.620     18.920    
13699.2    4.209e+12  15.8       292.9      1.480e+06  14.30      21.718     28.916     29.808     29.811     29.602     29.326     28.979     28.419     26.911     17.621    
15499.2    4.256e+12  15.8       292.9      1.480e+06  14.30      21.783     28.854     29.831     29.489     29.051     28.540     27.964     27.177     25.431     16.672    
19893.6    4.306e+12  15.8       292.9      1.480e+06  14.30      24.110     27.354     26.240     25.645     25.513     25.632     25.965     26.526     26.641     19.470    
20181.6    4.266e+12  15.8       289.6      1.493e+06  14.30      21.675     24.619     23.931     23.822     24.158     24.720     25.478     26.474     27.166     20.178    
