# ===============================================================================================================================================================================
# TIME     FASTF      PCOOL      TCOOL      GKL        PITCH      Q1         Q2         Q3         Q4         Q5         Q6         Q7         Q8         Q9         Q10       
# (h)      (n/cmWs)   (MPa)      (Celsius)  (kg/s)     (mm)       (kW/m)     (kW/m)     (kW/m)     (kW/m)     (kW/m)     (kW/m)     (kW/m)     (kW/m)     (kW/m)     (kW/m)    
# ===============================================================================================================================================================================
0          3.732e+12  15.7       290.6      1.475e+06  14.30      12.682     19.957     24.466     28.231     31.528     34.210     36.028     36.706     34.205     22.886    
151.2      3.735e+12  15.7       290.6      1.475e+06  14.30      17.865     25.580     28.436     29.950     30.940     31.574     31.940     31.510     29.486     20.269    
6820.8     3.644e+12  15.7       290.6      1.475e+06  14.30      24.497     32.727     32.961     32.170     31.379     30.677     30.061     29.411     27.697     19.229    
10098.2    3.721e+12  15.7       290.6      1.475e+06  14.30      26.733     32.745     31.021     30.049     29.512     29.176     29.020     29.139     28.880     21.347    
10100.2    4.057e+12  15.8       292.9      1.480e+06  14.30      14.771     22.812     26.985     30.430     33.247     35.363     36.641     36.820     35.067     21.978    
10243.2    4.056e+12  15.8       292.9      1.480e+06  14.30      19.787     28.188     30.623     31.912     32.604     32.922     32.809     32.266     30.615     19.556    
13699.2    4.189e+12  15.8       292.9      1.480e+06  14.30      22.781     30.331     31.266     31.269     31.051     30.760     30.397     29.809     28.228     18.483    
15499.2    4.258e+12  15.8       292.9      1.480e+06  14.30      23.174     30.696     31.736     31.372     30.906     30.363     29.749     28.912     27.054     17.737    
19893.6    4.353e+12  15.8       292.9      1.480e+06  14.30      25.258     28.656     27.489     26.866     26.728     26.853     27.201     27.789     27.909     20.397    
20181.6    4.311e+12  15.8       289.6      1.493e+06  14.30      22.741     25.829     25.108     24.993     25.346     25.936     26.730     27.776     28.502     21.170    
